# FromNodeId	ToNodeId
0 1
0 30
0 31
1 30
1 31
1 32
2 3
2 32
2 33
3 33
3 34
4 5
4 34
4 35
5 6
5 35
5 36
6 7
6 36
6 37
7 8
7 36
7 37
7 38
8 9
8 37
8 38
8 39
9 10
9 38
9 39
9 40
10 11
10 39
10 40
11 40
11 41
12 13
12 41
12 42
13 14
13 42
13 43
14 42
14 43
14 44
15 44
15 45
15 46
16 17
16 47
16 48
16 49
17 48
17 49
18 19
18 50
19 20
19 50
20 21
20 51
21 51
21 52
22 23
22 52
22 53
23 24
23 53
24 25
24 54
25 26
25 54
25 55
26 27
26 54
26 55
26 56
27 55
27 56
27 57
28 29
28 57
28 58
28 59
29 58
29 59
29 60
30 31
30 61
30 62
31 32
31 61
31 62
31 63
32 62
32 63
32 64
33 34
33 64
33 65
33 66
34 35
34 65
34 66
34 67
35 66
35 67
35 68
36 37
36 68
36 69
36 70
37 38
37 69
37 70
37 71
38 39
38 70
38 71
38 72
39 40
39 71
39 72
39 73
40 72
40 73
40 74
41 74
41 75
42 43
42 76
42 77
43 44
43 76
43 77
43 78
44 45
44 77
44 78
44 79
45 46
45 78
45 79
45 80
46 47
46 79
46 80
46 81
47 48
47 80
47 81
47 82
48 49
48 81
48 82
48 83
49 82
49 83
50 84
50 85
51 52
51 86
51 87
51 88
52 53
52 87
52 88
52 89
53 88
53 89
53 90
54 55
54 91
54 92
54 93
55 56
55 92
55 93
55 94
56 57
56 93
56 94
56 95
57 58
57 94
57 95
57 96
58 59
58 95
58 96
58 97
59 60
59 96
59 97
59 98
60 97
60 98
61 62
61 99
61 100
62 63
62 99
62 100
62 101
63 64
63 100
63 101
63 102
64 65
64 101
64 102
65 66
65 102
65 103
66 67
66 103
67 68
67 103
68 69
68 104
69 70
69 104
69 105
70 71
70 104
70 105
70 106
71 72
71 105
71 106
72 73
72 106
72 107
73 74
73 107
74 75
74 107
74 108
75 108
76 77
76 109
77 78
77 109
77 110
78 79
78 109
78 110
78 111
79 80
79 110
79 111
79 112
80 81
80 111
80 112
80 113
81 82
81 112
81 113
81 114
82 83
82 113
82 114
82 115
83 114
83 115
83 116
84 85
84 116
84 117
85 86
85 117
85 118
86 87
86 117
86 118
86 119
87 88
87 118
87 119
87 120
88 89
88 119
88 120
88 121
89 90
89 120
89 121
89 122
90 91
90 121
90 122
90 123
91 92
91 122
91 123
91 124
92 93
92 123
92 124
92 125
93 94
93 124
93 125
93 126
94 95
94 125
94 126
94 127
95 96
95 126
95 127
95 128
96 97
96 127
96 128
96 129
97 98
97 128
97 129
98 129
99 100
99 130
99 131
100 101
100 130
100 131
101 102
101 131
101 132
102 132
103 133
104 105
104 134
104 135
105 106
105 135
105 136
106 136
106 137
107 137
107 138
108 139
108 140
109 110
109 141
109 142
110 111
110 142
110 143
111 112
111 143
111 144
112 113
112 143
112 144
112 145
113 114
113 144
113 145
113 146
114 115
114 145
114 146
114 147
115 116
115 146
115 147
115 148
116 147
116 148
117 118
117 149
117 150
118 119
118 149
118 150
119 120
119 150
119 151
120 121
120 151
120 152
121 122
121 151
121 152
122 123
122 152
122 153
123 124
123 153
123 154
124 125
124 153
124 154
124 155
125 126
125 154
125 155
126 127
126 155
126 156
127 128
127 156
128 129
128 156
128 157
129 157
129 158
130 131
130 159
130 160
131 159
131 160
131 161
132 161
132 162
132 163
133 134
133 164
133 165
133 166
134 135
134 165
134 166
134 167
135 166
135 167
135 168
136 137
136 168
136 169
136 170
137 138
137 169
137 170
138 170
138 171
139 140
139 171
139 172
140 141
140 172
140 173
141 142
141 173
141 174
142 173
142 174
142 175
143 144
143 175
143 176
143 177
144 145
144 176
144 177
144 178
145 146
145 177
145 178
145 179
146 147
146 178
146 179
146 180
147 148
147 179
147 180
147 181
148 180
148 181
148 182
149 150
149 182
149 183
149 184
150 183
150 184
150 185
151 152
151 185
151 186
152 186
152 187
153 154
153 187
153 188
153 189
154 155
154 188
154 189
155 189
156 190
156 191
157 158
157 191
157 192
157 193
158 192
158 193
159 160
159 194
159 195
160 161
160 194
160 195
160 196
161 162
161 195
161 196
161 197
162 163
162 196
162 197
162 198
163 164
163 197
163 198
163 199
164 165
164 198
164 199
164 200
165 166
165 199
165 200
165 201
166 167
166 200
166 201
167 168
167 201
167 202
168 169
168 202
168 203
169 170
169 202
169 203
169 204
170 203
170 204
170 205
171 172
171 205
171 206
171 207
172 206
172 207
172 208
173 174
173 208
174 175
174 209
175 176
175 209
175 210
176 177
176 209
176 210
176 211
177 178
177 210
177 211
177 212
178 179
178 211
178 212
178 213
179 180
179 212
179 213
179 214
180 181
180 213
180 214
180 215
181 182
181 214
181 215
181 216
182 183
182 215
182 216
183 184
183 216
183 217
184 185
184 217
184 218
185 217
185 218
185 219
186 187
186 219
186 220
187 188
187 220
187 221
188 189
188 221
189 221
189 222
190 191
190 223
190 224
190 225
191 192
191 224
191 225
191 226
192 193
192 225
192 226
192 227
193 226
193 227
194 195
194 228
194 229
195 196
195 228
195 229
196 197
196 229
196 230
197 198
197 230
197 231
198 199
198 230
198 231
198 232
199 200
199 231
199 232
199 233
200 201
200 232
200 233
200 234
201 233
201 234
201 235
202 203
202 235
202 236
203 204
203 236
203 237
204 205
204 236
204 237
204 238
205 206
205 237
205 238
205 239
206 207
206 238
206 239
206 240
207 208
207 239
207 240
207 241
208 240
208 241
208 242
209 210
209 243
209 244
209 245
210 211
210 244
210 245
211 212
211 245
211 246
212 213
212 246
212 247
213 214
213 246
213 247
213 248
214 215
214 247
214 248
214 249
215 216
215 248
215 249
216 249
216 250
217 218
217 250
217 251
217 252
218 219
218 251
218 252
218 253
219 220
219 252
219 253
219 254
220 253
220 254
220 255
221 255
221 256
222 223
222 256
222 257
223 224
223 257
224 225
224 257
224 258
225 226
225 258
225 259
226 227
226 258
226 259
226 260
227 259
227 260
228 229
228 261
228 262
229 261
229 262
229 263
230 231
230 263
230 264
230 265
231 232
231 264
231 265
231 266
232 233
232 265
232 266
232 267
233 234
233 266
233 267
233 268
234 235
234 267
234 268
235 268
235 269
236 237
236 269
236 270
236 271
237 238
237 270
237 271
238 239
238 271
239 240
239 272
240 241
240 272
240 273
241 242
241 272
241 273
242 243
242 273
242 274
243 244
243 274
244 245
244 274
244 275
245 275
246 247
246 276
246 277
247 248
247 276
247 277
247 278
248 249
248 277
248 278
248 279
249 278
249 279
249 280
250 251
250 280
250 281
250 282
251 252
251 281
251 282
251 283
252 253
252 282
252 283
252 284
253 254
253 283
253 284
253 285
254 255
254 284
254 285
254 286
255 285
255 286
255 287
256 287
256 288
256 289
257 289
257 290
257 291
258 259
258 291
258 292
259 260
259 292
259 293
260 292
260 293
261 262
261 294
261 295
262 263
262 294
262 295
262 296
263 264
263 295
263 296
263 297
264 265
264 296
264 297
265 266
265 297
266 267
266 298
267 268
267 298
268 298
268 299
269 270
269 299
269 300
269 301
270 271
270 300
270 301
271 301
272 273
272 302
272 303
273 303
273 304
274 304
274 305
274 306
275 306
275 307
275 308
276 277
276 308
276 309
276 310
277 278
277 309
277 310
277 311
278 279
278 310
278 311
278 312
279 280
279 311
279 312
279 313
280 281
280 312
280 313
280 314
281 282
281 313
281 314
282 283
282 314
282 315
283 284
283 315
283 316
284 285
284 315
284 316
284 317
285 286
285 316
285 317
285 318
286 287
286 317
286 318
286 319
287 288
287 318
287 319
288 289
288 319
288 320
289 290
289 320
290 291
290 320
290 321
291 321
292 293
292 322
293 322
294 295
294 323
294 324
295 296
295 323
295 324
295 325
296 297
296 324
296 325
296 326
297 325
297 326
297 327
298 328
298 329
299 300
299 329
299 330
299 331
300 301
300 330
300 331
300 332
301 331
301 332
302 333
302 334
303 304
303 334
303 335
303 336
304 305
304 335
304 336
304 337
305 306
305 336
305 337
305 338
306 307
306 337
306 338
306 339
307 308
307 338
307 339
307 340
308 309
308 339
308 340
308 341
309 310
309 340
309 341
310 311
310 341
310 342
311 312
311 342
311 343
312 313
312 342
312 343
312 344
313 314
313 343
313 344
313 345
314 344
314 345
314 346
315 316
315 346
316 317
316 347
317 318
317 347
318 319
318 347
319 348
320 348
320 349
321 350
321 351
322 352
322 353
323 324
323 354
324 325
324 354
325 326
326 327
326 355
327 355
327 356
328 329
328 356
328 357
328 358
329 330
329 357
329 358
329 359
330 331
330 358
330 359
330 360
331 332
331 359
331 360
331 361
332 360
332 361
332 362
333 334
333 363
333 364
334 335
334 363
334 364
334 365
335 336
335 364
335 365
335 366
336 337
336 365
336 366
336 367
337 338
337 366
337 367
337 368
338 339
338 367
338 368
338 369
339 340
339 368
339 369
339 370
340 341
340 369
340 370
340 371
341 370
341 371
342 343
342 372
343 344
343 372
343 373
344 345
344 372
344 373
344 374
345 346
345 373
345 374
345 375
346 374
346 375
346 376
347 377
347 378
347 379
348 349
348 380
349 381
350 351
350 381
350 382
351 352
351 382
351 383
352 353
352 382
352 383
352 384
353 383
353 384
354 385
354 386
355 356
355 388
355 389
355 390
356 357
356 389
356 390
356 391
357 358
357 390
357 391
357 392
358 359
358 391
358 392
359 360
359 392
360 361
360 393
361 362
361 393
361 394
362 393
362 394
362 395
363 364
363 395
363 396
364 365
364 396
365 366
365 396
365 397
366 367
366 397
366 398
367 368
367 397
367 398
367 399
368 369
368 398
368 399
368 400
369 370
369 399
369 400
370 371
370 400
370 401
371 401
371 402
372 373
372 403
372 404
372 405
373 374
373 404
373 405
373 406
374 375
374 405
374 406
374 407
375 376
375 406
375 407
375 408
376 377
376 407
376 408
376 409
377 378
377 408
377 409
377 410
378 379
378 409
378 410
378 411
379 380
379 410
379 411
379 412
380 411
380 412
380 413
381 414
381 415
382 383
383 384
383 416
384 416
385 386
385 417
385 418
386 387
386 417
386 418
386 419
387 388
387 418
387 419
387 420
388 389
388 419
388 420
388 421
389 390
389 420
389 421
389 422
390 391
390 421
390 422
390 423
391 392
391 422
391 423
391 424
392 423
392 424
393 394
393 425
393 426
393 427
394 395
394 426
394 427
394 428
395 427
395 428
396 429
397 398
397 430
398 399
398 430
399 400
399 430
399 431
400 431
400 432
401 402
401 432
401 433
401 434
402 403
402 433
402 434
402 435
403 404
403 434
403 435
403 436
404 405
404 435
404 436
404 437
405 406
405 436
405 437
405 438
406 407
406 437
406 438
407 408
407 438
408 409
408 439
409 410
409 439
409 440
410 411
410 439
410 440
410 441
411 412
411 440
411 441
411 442
412 413
412 441
412 442
412 443
413 414
413 442
413 443
413 444
414 415
414 443
414 444
414 445
415 444
415 445
415 446
416 448
416 449
417 418
417 450
418 419
418 450
418 451
419 420
419 451
419 452
420 421
420 451
420 452
420 453
421 422
421 452
421 453
422 423
422 453
422 454
423 424
423 454
423 455
424 454
424 455
425 426
425 456
426 427
426 456
426 457
427 428
427 457
428 457
428 458
429 458
429 459
429 460
430 461
430 462
431 432
431 462
431 463
431 464
432 433
432 463
432 464
432 465
433 434
433 464
433 465
433 466
434 435
434 465
434 466
434 467
435 436
435 466
435 467
435 468
436 437
436 467
436 468
436 469
437 438
437 468
437 469
437 470
438 469
438 470
439 440
439 471
439 472
439 473
440 441
440 472
440 473
440 474
441 442
441 473
441 474
441 475
442 443
442 474
442 475
442 476
443 444
443 475
443 476
443 477
444 445
444 476
444 477
445 446
445 477
445 478
446 447
446 478
446 479
447 448
447 478
447 479
447 480
448 449
448 479
448 480
448 481
449 480
449 481
450 482
450 483
451 452
451 483
451 484
452 453
452 484
453 484
454 455
454 485
454 486
455 485
455 486
455 487
456 487
456 488
457 489
458 459
458 489
458 490
458 491
459 460
459 490
459 491
459 492
460 491
460 492
460 493
461 462
461 493
461 494
461 495
462 463
462 494
462 495
462 496
463 464
463 495
463 496
463 497
464 465
464 496
464 497
465 466
465 497
466 467
467 468
467 498
468 469
468 498
468 499
469 470
469 498
469 499
469 500
470 499
470 500
470 501
471 472
471 501
471 502
472 473
472 502
472 503
473 474
473 503
473 504
474 475
474 503
474 504
474 505
475 476
475 504
475 505
475 506
476 477
476 505
476 506
476 507
477 506
477 507
477 508
478 479
478 508
478 509
478 510
479 480
479 509
479 510
479 511
480 481
480 510
480 511
481 511
482 483
482 512
483 512
483 513
484 513
484 514
484 515
485 486
485 516
485 517
485 518
486 487
486 517
486 518
487 488
487 518
487 519
488 519
488 520
489 490
489 521
489 522
490 491
490 522
491 492
491 523
492 493
492 523
492 524
493 494
493 523
493 524
493 525
494 495
494 524
494 525
494 526
495 496
495 525
495 526
495 527
496 497
496 526
496 527
496 528
497 527
497 528
497 529
498 499
498 531
498 532
499 500
499 532
500 501
500 532
500 533
501 502
501 533
501 534
502 533
502 534
502 535
503 504
503 535
503 536
503 537
504 505
504 536
504 537
504 538
505 506
505 537
505 538
506 507
506 538
506 539
507 508
507 539
507 540
508 509
508 539
508 540
508 541
509 510
509 540
509 541
510 511
510 541
511 542
512 513
512 543
512 544
512 545
513 514
513 544
513 545
513 546
514 515
514 545
514 546
514 547
515 516
515 546
515 547
515 548
516 517
516 547
516 548
516 549
517 518
517 548
517 549
518 549
519 520
519 550
519 551
520 521
520 550
520 551
521 522
521 551
522 552
523 524
523 553
524 525
524 554
525 526
525 554
525 555
526 527
526 554
526 555
526 556
527 528
527 555
527 556
527 557
528 529
528 556
528 557
528 558
529 530
529 557
529 558
530 531
530 558
530 559
531 559
531 560
532 560
532 561
532 562
533 534
533 562
533 563
533 564
534 535
534 563
534 564
534 565
535 536
535 564
535 565
535 566
536 537
536 565
536 566
536 567
537 538
537 566
537 567
537 568
538 567
538 568
539 540
539 569
540 541
540 569
541 569
541 570
542 571
542 572
543 544
543 573
543 574
544 545
544 573
544 574
544 575
545 546
545 574
545 575
545 576
546 547
546 575
546 576
546 577
547 548
547 576
547 577
547 578
548 549
548 577
548 578
549 578
549 579
550 551
550 580
550 581
551 581
551 582
552 553
552 583
552 584
553 584
554 555
554 585
554 586
554 587
555 556
555 586
555 587
555 588
556 557
556 587
556 588
556 589
557 558
557 588
557 589
557 590
558 589
558 590
558 591
559 560
559 591
559 592
559 593
560 561
560 592
560 593
560 594
561 562
561 593
561 594
561 595
562 563
562 594
562 595
562 596
563 564
563 595
563 596
563 597
564 565
564 596
564 597
564 598
565 566
565 597
565 598
566 567
566 598
566 599
567 568
567 599
567 600
568 599
568 600
568 601
569 602
569 603
570 571
570 603
570 604
570 605
571 572
571 604
571 605
571 606
572 605
572 606
573 574
573 607
573 608
574 575
574 607
574 608
574 609
575 576
575 608
575 609
575 610
576 577
576 609
576 610
576 611
577 578
577 610
577 611
577 612
578 611
578 612
579 580
579 613
579 614
580 581
580 613
580 614
580 615
581 614
581 615
581 616
582 583
582 616
582 617
583 617
583 618
584 618
584 619
585 586
585 620
585 621
586 587
586 620
586 621
586 622
587 588
587 621
587 622
587 623
588 589
588 622
588 623
588 624
589 590
589 623
589 624
589 625
590 591
590 624
590 625
590 626
591 592
591 625
591 626
591 627
592 593
592 626
592 627
592 628
593 594
593 627
593 628
593 629
594 595
594 628
594 629
594 630
595 596
595 629
595 630
595 631
596 597
596 630
596 631
597 598
597 631
597 632
598 632
598 633
599 600
599 633
599 634
599 635
600 601
600 634
600 635
600 636
601 635
601 636
601 637
602 603
602 637
602 638
603 604
603 638
604 605
604 639
605 606
605 639
605 640
606 639
606 640
607 608
607 641
607 642
608 609
608 641
608 642
608 643
609 610
609 642
609 643
609 644
610 611
610 643
610 644
610 645
611 612
611 644
611 645
611 646
612 645
612 646
612 647
613 614
613 647
613 648
613 649
614 615
614 648
614 649
614 650
615 616
615 649
615 650
615 651
616 617
616 650
616 651
616 652
617 651
617 652
617 653
618 619
618 653
618 654
619 654
619 655
620 621
620 655
620 656
620 657
621 622
621 656
621 657
621 658
622 623
622 657
622 658
622 659
623 624
623 658
623 659
624 625
624 659
624 660
625 626
625 660
625 661
626 627
626 660
626 661
627 628
627 661
628 629
628 662
629 630
629 662
629 663
630 631
630 662
630 663
630 664
631 663
631 664
631 665
632 633
632 665
632 666
632 667
633 634
633 666
633 667
633 668
634 635
634 667
634 668
634 669
635 636
635 668
635 669
635 670
636 637
636 669
636 670
636 671
637 638
637 670
637 671
637 672
638 671
638 672
638 673
639 640
639 674
639 675
640 674
640 675
641 642
641 676
641 677
642 643
642 676
642 677
642 678
643 644
643 677
643 678
643 679
644 645
644 678
644 679
644 680
645 646
645 679
645 680
645 681
646 647
646 680
646 681
646 682
647 648
647 681
647 682
648 649
648 682
649 650
650 651
650 683
651 652
651 683
652 653
652 683
652 684
653 654
653 684
653 685
654 684
654 685
655 656
655 686
656 657
656 686
656 687
657 658
657 687
657 688
658 659
658 687
658 688
659 688
659 689
660 661
660 689
660 690
661 690
661 691
662 663
662 692
662 693
662 694
663 664
663 693
663 694
663 695
664 665
664 694
664 695
665 666
665 695
665 696
666 667
666 696
667 668
667 696
667 697
668 669
668 697
668 698
669 670
669 697
669 698
669 699
670 671
670 698
670 699
670 700
671 672
671 699
671 700
671 701
672 673
672 700
672 701
672 702
673 701
673 702
673 703
674 675
674 703
674 704
674 705
675 704
675 705
676 677
676 706
676 707
677 678
677 706
677 707
677 708
678 679
678 707
678 708
679 680
679 708
679 709
680 681
680 709
680 710
681 682
681 709
681 710
681 711
682 710
682 711
682 712
683 714
683 715
683 716
684 685
684 716
684 717
685 717
685 718
686 718
687 688
687 719
687 720
688 719
688 720
688 721
689 690
689 721
689 722
689 723
690 722
690 723
690 724
691 692
691 724
691 725
691 726
692 693
692 725
692 726
693 694
693 726
694 695
694 727
695 727
695 728
696 728
696 729
696 730
697 698
697 730
697 731
697 732
698 699
698 731
698 732
698 733
699 700
699 732
699 733
699 734
700 701
700 733
700 734
700 735
701 702
701 734
701 735
701 736
702 703
702 735
702 736
703 704
703 736
704 705
704 737
705 737
706 707
706 738
707 708
707 738
707 739
708 739
708 740
709 710
709 740
709 741
710 711
710 741
710 742
711 712
711 742
712 713
712 742
712 743
713 714
713 743
713 744
714 715
714 743
714 744
714 745
715 716
715 744
715 745
715 746
716 717
716 745
716 746
716 747
717 746
717 747
717 748
718 748
718 749
719 720
719 750
719 751
720 721
720 751
721 722
721 752
722 723
722 752
722 753
723 724
723 752
723 753
723 754
724 725
724 753
724 754
724 755
725 726
725 754
725 755
726 755
726 756
727 728
727 757
727 758
728 729
728 758
728 759
729 730
729 759
730 731
730 759
730 760
731 732
731 760
731 761
732 733
732 760
732 761
732 762
733 734
733 761
733 762
734 735
734 762
734 763
735 736
735 763
736 763
736 764
737 765
737 766
738 767
739 740
739 768
739 769
740 741
740 768
740 769
740 770
741 769
741 770
741 771
742 771
742 772
743 744
744 745
744 773
745 746
745 773
745 774
746 747
746 773
746 774
746 775
747 748
747 774
747 775
748 775
748 776
749 750
749 776
749 777
750 751
750 777
750 778
751 778
751 779
752 753
752 780
752 781
753 754
753 781
753 782
754 755
754 782
754 783
755 782
755 783
755 784
756 757
756 784
756 785
756 786
757 758
757 785
757 786
757 787
758 786
758 787
758 788
759 788
759 789
760 761
760 789
760 790
760 791
761 762
761 790
761 791
761 792
762 791
762 792
762 793
763 793
763 794
764 765
764 795
764 796
765 766
765 795
765 796
766 796
768 769
768 797
769 770
769 797
770 771
770 797
770 798
771 772
771 798
772 798
773 774
773 800
773 801
774 775
774 800
774 801
774 802
775 801
775 802
776 777
776 803
777 803
777 804
778 779
778 804
778 805
778 806
779 780
779 805
779 806
779 807
780 781
780 806
780 807
780 808
781 807
781 808
781 809
782 783
782 809
782 810
782 811
783 784
783 810
783 811
783 812
784 785
784 811
784 812
785 786
785 812
785 813
786 787
786 813
787 788
787 813
787 814
788 814
788 815
789 790
789 815
789 816
789 817
790 791
790 816
790 817
791 792
791 817
791 818
792 793
792 818
792 819
793 794
793 818
793 819
793 820
794 819
794 820
794 821
795 796
795 821
795 822
795 823
796 822
796 823
796 824
797 827
797 828
798 829
798 830
799 831
799 832
799 833
800 801
800 833
800 834
800 835
801 802
801 834
801 835
801 836
802 835
802 836
802 837
803 837
803 838
804 805
804 838
804 839
804 840
805 806
805 839
805 840
805 841
806 807
806 840
806 841
806 842
807 808
807 841
807 842
807 843
808 809
808 842
808 843
808 844
809 810
809 843
809 844
809 845
810 811
810 844
810 845
810 846
811 812
811 845
811 846
811 847
812 846
812 847
812 848
813 848
813 849
813 850
814 815
814 850
814 851
815 816
815 851
815 852
816 817
816 852
816 853
817 852
817 853
817 854
818 819
818 854
818 855
818 856
819 820
819 855
819 856
819 857
820 821
820 856
820 857
821 822
821 857
822 823
822 858
823 824
823 858
823 859
824 858
824 859
825 826
825 860
825 861
826 827
826 860
826 861
826 862
827 828
827 861
827 862
827 863
828 862
828 863
829 830
829 864
829 865
830 831
830 864
830 865
830 866
831 832
831 865
831 866
831 867
832 833
832 866
832 867
832 868
833 834
833 867
833 868
833 869
834 835
834 868
834 869
834 870
835 836
835 869
835 870
835 871
836 837
836 870
836 871
836 872
837 871
837 872
837 873
838 839
838 873
838 874
838 875
839 840
839 874
839 875
840 841
840 875
841 842
841 876
842 843
842 876
842 877
843 844
843 876
843 877
843 878
844 845
844 877
844 878
844 879
845 846
845 878
845 879
845 880
846 847
846 879
846 880
846 881
847 848
847 880
847 881
847 882
848 849
848 881
848 882
848 883
849 850
849 882
849 883
849 884
850 851
850 883
850 884
851 884
851 885
852 853
852 885
852 886
852 887
853 854
853 886
853 887
853 888
854 855
854 887
854 888
854 889
855 856
855 888
855 889
855 890
856 857
856 889
856 890
856 891
857 890
857 891
857 892
858 859
858 893
858 894
859 893
859 894
860 861
860 895
861 862
861 895
861 896
862 863
862 896
862 897
863 896
863 897
863 898
864 865
864 898
864 899
864 900
865 866
865 899
865 900
865 901
866 867
866 900
866 901
866 902
867 868
867 901
867 902
867 903
868 869
868 902
868 903
868 904
869 870
869 903
869 904
869 905
870 871
870 904
870 905
870 906
871 872
871 905
871 906
871 907
872 873
872 906
872 907
872 908
873 874
873 907
873 908
873 909
874 875
874 908
874 909
874 910
875 909
875 910
875 911
876 877
876 912
876 913
877 878
877 912
877 913
877 914
878 879
878 913
878 914
878 915
879 880
879 914
879 915
880 881
880 915
881 882
881 916
882 883
882 916
882 917
883 884
883 916
883 917
883 918
884 917
884 918
884 919
885 886
885 919
885 920
885 921
886 887
886 920
886 921
886 922
887 888
887 921
887 922
888 889
888 922
889 890
889 923
890 891
890 923
890 924
891 892
891 923
891 924
891 925
892 924
892 925
892 926
893 894
893 926
893 927
893 928
894 927
894 928
895 929
895 930
896 897
896 930
896 931
897 898
897 931
897 932
898 899
898 931
898 932
898 933
899 900
899 932
899 933
899 934
900 901
900 933
900 934
901 902
901 934
901 935
902 903
902 935
903 904
903 935
903 936
904 905
904 936
904 937
905 906
905 936
905 937
905 938
906 907
906 937
906 938
907 908
907 938
907 939
908 909
908 939
908 940
909 910
909 939
909 940
910 911
910 940
910 941
911 941
911 942
912 913
912 942
912 943
912 944
913 914
913 943
913 944
913 945
914 915
914 944
914 945
914 946
915 945
915 946
915 947
916 917
916 948
916 949
917 918
917 948
917 949
917 950
918 919
918 949
918 950
918 951
919 920
919 950
919 951
919 952
920 921
920 951
920 952
920 953
921 922
921 952
921 953
921 954
922 953
922 954
922 955
923 924
923 956
924 925
924 956
924 957
925 926
925 956
925 957
925 958
926 927
926 957
926 958
926 959
927 928
927 958
927 959
928 959
929 930
929 960
929 961
930 960
930 961
930 962
931 932
931 962
931 963
931 964
932 933
932 963
932 964
932 965
933 934
933 964
933 965
933 966
934 965
934 966
935 967
935 968
936 937
936 968
936 969
937 938
937 969
937 970
938 970
938 971
939 940
939 971
939 972
939 973
940 972
940 973
940 974
941 942
941 974
941 975
941 976
942 943
942 975
942 976
942 977
943 944
943 976
943 977
943 978
944 945
944 977
944 978
944 979
945 946
945 978
945 979
946 947
946 979
946 980
947 980
948 949
948 981
948 982
949 950
949 981
949 982
949 983
950 951
950 982
950 983
950 984
951 952
951 983
951 984
951 985
952 953
952 984
952 985
952 986
953 954
953 985
953 986
953 987
954 955
954 986
954 987
954 988
955 987
955 988
955 989
956 957
956 990
956 991
957 958
957 991
957 992
958 959
958 991
958 992
959 992
959 993
960 961
960 994
961 962
961 994
961 995
962 963
962 994
962 995
962 996
963 964
963 995
963 996
963 997
964 965
964 996
964 997
964 998
965 966
965 997
965 998
965 999
966 998
966 999
967 968
967 1000
967 1001
968 969
968 1000
968 1001
968 1002
969 1001
969 1002
970 971
970 1003
971 972
971 1003
971 1004
972 973
972 1003
972 1004
972 1005
973 974
973 1004
973 1005
973 1006
974 975
974 1005
974 1006
974 1007
975 976
975 1006
975 1007
975 1008
976 977
976 1007
976 1008
977 978
977 1008
977 1009
978 979
978 1009
978 1010
979 1009
979 1010
980 1011
981 982
981 1012
981 1013
982 983
982 1012
982 1013
982 1014
983 984
983 1013
983 1014
983 1015
984 985
984 1014
984 1015
984 1016
985 986
985 1015
985 1016
985 1017
986 987
986 1016
986 1017
986 1018
987 988
987 1017
987 1018
987 1019
988 989
988 1018
988 1019
988 1020
989 990
989 1019
989 1020
989 1021
990 1020
990 1021
991 992
991 1022
992 1022
993 1023
994 995
994 1024
994 1025
994 1026
995 996
995 1025
995 1026
995 1027
996 997
996 1026
996 1027
997 998
997 1027
997 1028
998 999
998 1028
998 1029
999 1028
999 1029
999 1030
1000 1001
1000 1030
1000 1031
1000 1032
1001 1002
1001 1031
1001 1032
1001 1033
1002 1032
1002 1033
1003 1004
1003 1034
1003 1035
1003 1036
1004 1005
1004 1035
1004 1036
1005 1006
1005 1036
1005 1037
1006 1007
1006 1037
1006 1038
1007 1008
1007 1037
1007 1038
1007 1039
1008 1038
1008 1039
1008 1040
1009 1010
1009 1040
1009 1041
1010 1041
1011 1042
1011 1043
1012 1013
1012 1043
1012 1044
1013 1014
1013 1044
1013 1045
1014 1015
1014 1045
1015 1016
1015 1045
1015 1046
1016 1017
1016 1046
1016 1047
1017 1018
1017 1046
1017 1047
1017 1048
1018 1019
1018 1047
1018 1048
1018 1049
1019 1020
1019 1048
1019 1049
1020 1021
1020 1049
1020 1050
1021 1050
1021 1051
1022 1052
1022 1053
1023 1053
1023 1054
1024 1025
1024 1055
1024 1056
1025 1026
1025 1055
1025 1056
1026 1027
1026 1056
1026 1057
1027 1057
1027 1058
1028 1029
1028 1058
1028 1059
1029 1030
1029 1059
1029 1060
1030 1031
1030 1059
1030 1060
1030 1061
1031 1032
1031 1060
1031 1061
1031 1062
1032 1033
1032 1061
1032 1062
1032 1063
1033 1062
1033 1063
1033 1064
1034 1035
1034 1064
1034 1065
1035 1036
1035 1065
1035 1066
1036 1066
1036 1067
1037 1038
1037 1067
1037 1068
1037 1069
1038 1039
1038 1068
1038 1069
1038 1070
1039 1040
1039 1069
1039 1070
1040 1070
1040 1071
1041 1071
1041 1072
1042 1043
1042 1072
1042 1073
1043 1044
1043 1073
1044 1074
1045 1074
1045 1075
1045 1076
1046 1047
1046 1076
1046 1077
1046 1078
1047 1048
1047 1077
1047 1078
1047 1079
1048 1049
1048 1078
1048 1079
1048 1080
1049 1079
1049 1080
1049 1081
1050 1051
1050 1081
1050 1082
1050 1083
1051 1052
1051 1082
1051 1083
1051 1084
1052 1083
1052 1084
1052 1085
1053 1054
1053 1085
1053 1086
1053 1087
1054 1086
1054 1087
1055 1056
1055 1088
1055 1089
1056 1088
1056 1089
1056 1090
1057 1058
1057 1090
1057 1091
1057 1092
1058 1091
1058 1092
1058 1093
1059 1060
1059 1093
1059 1094
1060 1061
1060 1094
1060 1095
1061 1062
1061 1095
1061 1096
1062 1063
1062 1095
1062 1096
1062 1097
1063 1064
1063 1096
1063 1097
1064 1065
1064 1097
1064 1098
1065 1098
1065 1099
1066 1067
1066 1099
1066 1100
1067 1068
1067 1100
1067 1101
1068 1069
1068 1100
1068 1101
1068 1102
1069 1070
1069 1101
1069 1102
1069 1103
1070 1102
1070 1103
1070 1104
1071 1104
1071 1105
1071 1106
1072 1073
1072 1106
1072 1107
1072 1108
1073 1107
1073 1108
1073 1109
1074 1075
1074 1110
1075 1076
1075 1111
1076 1077
1076 1111
1076 1112
1077 1078
1077 1111
1077 1112
1077 1113
1078 1079
1078 1112
1078 1113
1078 1114
1079 1080
1079 1113
1079 1114
1079 1115
1080 1081
1080 1114
1080 1115
1081 1082
1081 1115
1081 1116
1082 1083
1082 1116
1083 1084
1083 1116
1084 1085
1084 1117
1085 1086
1085 1117
1085 1118
1086 1087
1086 1117
1086 1118
1086 1119
1087 1118
1087 1119
1088 1089
1088 1120
1088 1121
1089 1090
1089 1120
1089 1121
1089 1122
1090 1091
1090 1121
1090 1122
1091 1092
1091 1122
1091 1123
1092 1093
1092 1123
1093 1094
1093 1123
1095 1096
1095 1124
1096 1097
1096 1124
1097 1125
1098 1099
1098 1125
1098 1126
1098 1127
1099 1126
1099 1127
1100 1101
1100 1128
1100 1129
1101 1102
1101 1128
1101 1129
1101 1130
1102 1103
1102 1129
1102 1130
1102 1131
1103 1104
1103 1130
1103 1131
1103 1132
1104 1105
1104 1131
1104 1132
1104 1133
1105 1106
1105 1132
1105 1133
1105 1134
1106 1107
1106 1133
1106 1134
1107 1108
1107 1134
1107 1135
1108 1109
1108 1135
1108 1136
1109 1110
1109 1135
1109 1136
1109 1137
1110 1136
1110 1137
1111 1112
1111 1138
1111 1139
1111 1140
1112 1113
1112 1139
1112 1140
1112 1141
1113 1114
1113 1140
1113 1141
1113 1142
1114 1115
1114 1141
1114 1142
1114 1143
1115 1142
1115 1143
1116 1144
1116 1145
1117 1118
1117 1146
1117 1147
1117 1148
1118 1119
1118 1147
1118 1148
1119 1148
1120 1121
1120 1149
1120 1150
1121 1122
1121 1149
1121 1150
1121 1151
1122 1150
1122 1151
1122 1152
1123 1152
1123 1153
1123 1154
1124 1155
1124 1156
1125 1126
1125 1157
1125 1158
1125 1159
1126 1127
1126 1158
1126 1159
1126 1160
1127 1159
1127 1160
1127 1161
1128 1129
1128 1161
1128 1162
1128 1163
1129 1130
1129 1162
1129 1163
1129 1164
1130 1131
1130 1163
1130 1164
1130 1165
1131 1132
1131 1164
1131 1165
1131 1166
1132 1133
1132 1165
1132 1166
1132 1167
1133 1134
1133 1166
1133 1167
1134 1167
1134 1168
1135 1136
1135 1168
1135 1169
1135 1170
1136 1137
1136 1169
1136 1170
1136 1171
1137 1170
1137 1171
1137 1172
1138 1139
1138 1172
1138 1173
1138 1174
1139 1140
1139 1173
1139 1174
1140 1141
1140 1174
1141 1142
1141 1175
1142 1143
1142 1175
1143 1175
1143 1176
1144 1145
1144 1176
1144 1177
1145 1146
1145 1177
1145 1178
1146 1147
1146 1177
1146 1178
1146 1179
1147 1148
1147 1178
1147 1179
1147 1180
1148 1179
1148 1180
1149 1150
1149 1181
1149 1182
1150 1151
1150 1181
1150 1182
1150 1183
1151 1152
1151 1182
1151 1183
1151 1184
1152 1153
1152 1183
1152 1184
1152 1185
1153 1154
1153 1184
1153 1185
1153 1186
1154 1185
1154 1186
1154 1187
1155 1156
1155 1187
1155 1188
1156 1188
1156 1189
1157 1158
1157 1189
1157 1190
1157 1191
1158 1159
1158 1190
1158 1191
1158 1192
1159 1160
1159 1191
1159 1192
1160 1161
1160 1192
1160 1193
1161 1162
1161 1193
1161 1194
1162 1163
1162 1193
1162 1194
1162 1195
1163 1164
1163 1194
1163 1195
1163 1196
1164 1165
1164 1195
1164 1196
1164 1197
1165 1166
1165 1196
1165 1197
1165 1198
1166 1167
1166 1197
1166 1198
1167 1198
1168 1169
1168 1199
1169 1170
1169 1199
1169 1200
1170 1171
1170 1199
1170 1200
1170 1201
1171 1172
1171 1200
1171 1201
1171 1202
1172 1173
1172 1201
1172 1202
1173 1174
1173 1202
1173 1203
1174 1203
1174 1204
1175 1205
1175 1206
1176 1206
1176 1207
1177 1178
1177 1207
1177 1208
1177 1209
1178 1179
1178 1208
1178 1209
1178 1210
1179 1180
1179 1209
1179 1210
1179 1211
1180 1210
1180 1211
1180 1212
1181 1182
1181 1213
1181 1214
1182 1183
1182 1213
1182 1214
1182 1215
1183 1184
1183 1214
1183 1215
1183 1216
1184 1185
1184 1215
1184 1216
1184 1217
1185 1186
1185 1216
1185 1217
1186 1187
1186 1217
1186 1218
1187 1188
1187 1218
1187 1219
1188 1218
1188 1219
1189 1190
1190 1191
1191 1192
1191 1220
1192 1220
1192 1221
1193 1194
1193 1221
1193 1222
1193 1223
1194 1195
1194 1222
1194 1223
1194 1224
1195 1196
1195 1223
1195 1224
1195 1225
1196 1197
1196 1224
1196 1225
1197 1198
1197 1225
1197 1226
1198 1226
1198 1227
1199 1200
1199 1229
1199 1230
1200 1201
1200 1230
1200 1231
1201 1202
1201 1230
1201 1231
1201 1232
1202 1231
1202 1232
1203 1204
1203 1233
1203 1234
1204 1233
1204 1234
1204 1235
1205 1206
1205 1235
1205 1236
1205 1237
1206 1236
1206 1237
1206 1238
1207 1208
1207 1238
1207 1239
1207 1240
1208 1209
1208 1239
1208 1240
1209 1210
1209 1240
1209 1241
1210 1211
1210 1241
1210 1242
1211 1212
1211 1241
1211 1242
1211 1243
1212 1242
1212 1243
1213 1214
1213 1244
1214 1215
1214 1244
1214 1245
1215 1216
1215 1245
1215 1246
1216 1217
1216 1245
1216 1246
1216 1247
1217 1246
1217 1247
1217 1248
1218 1219
1218 1248
1218 1249
1218 1250
1219 1249
1219 1250
1219 1251
1220 1221
1220 1254
1220 1255
1221 1222
1221 1255
1221 1256
1222 1223
1222 1255
1222 1256
1222 1257
1223 1224
1223 1256
1223 1257
1223 1258
1224 1225
1224 1257
1224 1258
1224 1259
1225 1258
1225 1259
1225 1260
1226 1227
1226 1260
1226 1261
1226 1262
1227 1228
1227 1261
1227 1262
1227 1263
1228 1229
1228 1262
1228 1263
1228 1264
1229 1263
1229 1264
1229 1265
1230 1231
1230 1265
1230 1266
1230 1267
1231 1232
1231 1266
1231 1267
1231 1268
1232 1267
1232 1268
1233 1234
1233 1269
1233 1270
1234 1235
1234 1269
1234 1270
1234 1271
1235 1236
1235 1270
1235 1271
1235 1272
1236 1237
1236 1271
1236 1272
1236 1273
1237 1238
1237 1272
1237 1273
1238 1239
1238 1273
1238 1274
1239 1240
1239 1274
1239 1275
1240 1274
1240 1275
1240 1276
1241 1242
1241 1276
1241 1277
1241 1278
1242 1243
1242 1277
1242 1278
1242 1279
1243 1278
1243 1279
1245 1246
1246 1247
1247 1248
1248 1249
1249 1250
1250 1251
1251 1252
1252 1253
1253 1254
1255 1256
1256 1257
1257 1258
1258 1259
1259 1260
1260 1261
1261 1262
1262 1263
1263 1264
1264 1265
1265 1266
1266 1267
1267 1268
1269 1270
1270 1271
1271 1272
1272 1273
1274 1275
1275 1276
1276 1277
1277 1278
1278 1279
