# FromNodeId	ToNodeId
0 1
0 39
0 40
1 2
1 39
1 40
2 3
2 40
2 41
3 4
3 41
3 42
4 5
4 41
4 42
4 43
5 6
5 42
5 43
5 44
6 43
6 44
7 8
7 45
7 46
8 9
8 45
8 46
9 46
9 47
10 11
10 48
10 49
10 50
11 12
11 49
11 50
12 13
12 50
12 51
13 51
14 15
14 52
14 53
14 54
15 16
15 53
15 54
15 55
16 17
16 54
16 55
16 56
17 18
17 55
17 56
18 19
18 56
19 20
19 57
20 57
20 58
21 22
21 58
21 59
21 60
22 23
22 59
22 60
22 61
23 24
23 60
23 61
23 62
24 25
24 61
24 62
25 26
25 62
26 27
26 63
27 28
27 63
28 63
29 30
29 64
30 31
30 64
30 65
31 32
31 64
31 65
31 66
32 65
32 66
32 67
33 67
33 68
34 35
34 69
34 70
35 69
35 70
36 37
36 71
37 71
37 72
38 72
39 40
39 73
39 74
40 73
40 74
40 75
41 42
41 75
41 76
41 77
42 43
42 76
42 77
43 44
43 77
43 78
44 78
44 79
45 46
45 79
45 80
46 80
46 81
47 48
47 81
47 82
47 83
48 49
48 82
48 83
48 84
49 50
49 83
49 84
49 85
50 84
50 85
50 86
51 86
51 87
51 88
52 53
52 88
52 89
52 90
53 54
53 89
53 90
53 91
54 55
54 90
54 91
54 92
55 56
55 91
55 92
56 92
56 93
57 58
57 94
57 95
57 96
58 59
58 95
58 96
58 97
59 60
59 96
59 97
59 98
60 61
60 97
60 98
60 99
61 62
61 98
61 99
61 100
62 99
62 100
62 101
63 102
63 103
64 65
64 105
64 106
64 107
65 66
65 106
65 107
65 108
66 67
66 107
66 108
67 68
67 108
68 109
69 70
69 109
69 110
69 111
70 110
70 111
70 112
71 72
71 113
71 114
71 115
72 114
72 115
72 116
73 74
73 117
73 118
74 75
74 117
74 118
74 119
75 76
75 118
75 119
75 120
76 77
76 119
76 120
76 121
77 120
77 121
77 122
78 79
78 122
78 123
78 124
79 123
79 124
79 125
80 81
80 125
80 126
80 127
81 82
81 126
81 127
81 128
82 83
82 127
82 128
82 129
83 84
83 128
83 129
83 130
84 85
84 129
84 130
84 131
85 86
85 130
85 131
85 132
86 87
86 131
86 132
87 88
87 132
87 133
88 89
88 133
88 134
89 90
89 133
89 134
89 135
90 91
90 134
90 135
90 136
91 92
91 135
91 136
92 136
92 137
93 94
93 137
93 138
93 139
94 95
94 138
94 139
94 140
95 96
95 139
95 140
95 141
96 97
96 140
96 141
96 142
97 98
97 141
97 142
97 143
98 99
98 142
98 143
98 144
99 100
99 143
99 144
100 101
100 144
100 145
101 102
101 145
101 146
102 103
102 145
102 146
102 147
103 146
103 147
104 105
104 148
104 149
105 106
105 148
105 149
105 150
106 107
106 149
106 150
107 108
107 150
107 151
108 151
108 152
109 110
109 153
109 154
109 155
110 111
110 154
110 155
110 156
111 112
111 155
111 156
111 157
112 113
112 156
112 157
112 158
113 114
113 157
113 158
113 159
114 115
114 158
114 159
114 160
115 116
115 159
115 160
115 161
116 160
116 161
117 118
117 162
117 163
118 119
118 162
118 163
118 164
119 120
119 163
119 164
119 165
120 121
120 164
120 165
120 166
121 122
121 165
121 166
121 167
122 123
122 166
122 167
123 124
123 167
123 168
124 125
124 168
124 169
125 126
125 168
125 169
126 127
126 169
126 170
127 128
127 170
127 171
128 129
128 170
128 171
128 172
129 130
129 171
129 172
129 173
130 131
130 172
130 173
130 174
131 132
131 173
131 174
131 175
132 174
132 175
133 134
133 176
133 177
134 135
134 176
134 177
134 178
135 136
135 177
135 178
135 179
136 178
136 179
136 180
137 138
137 180
137 181
138 139
138 181
139 140
139 181
139 182
140 141
140 182
141 142
141 182
141 183
142 143
142 183
142 184
143 144
143 183
143 184
143 185
144 184
144 185
144 186
145 146
145 186
145 187
146 147
146 187
146 188
147 188
147 189
148 149
148 189
148 190
149 150
149 190
149 191
150 191
150 192
151 152
151 192
151 193
151 194
152 153
152 193
152 194
152 195
153 154
153 194
153 195
153 196
154 155
154 195
154 196
154 197
155 156
155 196
155 197
156 157
156 197
156 198
157 158
157 198
157 199
158 159
158 198
158 199
158 200
159 160
159 199
159 200
159 201
160 161
160 200
160 201
160 202
161 201
161 202
162 163
162 203
162 204
163 164
163 203
163 204
164 165
164 204
164 205
165 166
165 205
165 206
166 167
166 205
166 206
166 207
167 206
167 207
167 208
168 169
168 208
168 209
168 210
169 209
169 210
170 171
170 211
171 172
171 211
172 173
172 211
172 212
173 174
173 212
173 213
174 175
174 212
174 213
174 214
175 213
175 214
175 215
176 177
176 215
176 216
176 217
177 178
177 216
177 217
177 218
178 179
178 217
178 218
178 219
179 180
179 218
179 219
179 220
180 219
180 220
180 221
181 221
181 222
181 223
182 223
182 224
182 225
183 184
183 225
183 226
183 227
184 185
184 226
184 227
184 228
185 186
185 227
185 228
185 229
186 187
186 228
186 229
186 230
187 229
187 230
187 231
188 189
188 231
188 232
189 190
189 232
189 233
190 232
190 233
191 192
191 234
192 193
192 234
192 235
193 194
193 234
193 235
194 195
194 235
195 196
195 236
196 197
196 236
196 237
197 236
197 237
198 199
198 238
198 239
199 200
199 238
199 239
199 240
200 201
200 239
200 240
200 241
201 202
201 240
201 241
202 241
203 204
203 242
204 242
204 243
205 206
205 243
205 244
205 245
206 207
206 244
206 245
206 246
207 208
207 245
207 246
207 247
208 209
208 246
208 247
209 210
209 247
211 248
211 249
211 250
212 213
212 250
212 251
212 252
213 214
213 251
213 252
213 253
214 215
214 252
214 253
214 254
215 216
215 253
215 254
215 255
216 217
216 254
216 255
217 218
217 255
218 219
218 256
219 220
219 256
219 257
220 221
220 256
220 257
220 258
221 222
221 257
221 258
221 259
222 223
222 258
222 259
222 260
223 224
223 259
223 260
223 261
224 225
224 260
224 261
224 262
225 226
225 261
225 262
225 263
226 227
226 262
226 263
226 264
227 228
227 263
227 264
227 265
228 229
228 264
228 265
228 266
229 230
229 265
229 266
229 267
230 231
230 266
230 267
230 268
231 267
231 268
231 269
232 233
232 269
232 270
232 271
233 270
233 271
233 272
234 235
234 273
234 274
234 275
235 274
235 275
235 276
236 237
236 277
236 278
236 279
237 278
237 279
237 280
238 239
238 280
238 281
238 282
239 240
239 281
239 282
239 283
240 241
240 282
240 283
240 284
241 283
241 284
241 285
242 243
242 286
242 287
242 288
243 244
243 287
243 288
243 289
244 245
244 288
244 289
245 246
245 289
245 290
246 247
246 290
246 291
247 290
247 291
247 292
248 249
248 293
248 294
248 295
249 250
249 294
249 295
250 251
250 295
250 296
251 252
251 296
251 297
252 253
252 296
252 297
252 298
253 254
253 297
253 298
254 255
254 298
254 299
255 299
255 300
256 257
256 301
257 258
257 302
258 259
258 302
258 303
259 260
259 302
259 303
259 304
260 261
260 303
260 304
260 305
261 262
261 304
261 305
261 306
262 263
262 305
262 306
262 307
263 264
263 306
263 307
263 308
264 265
264 307
264 308
264 309
265 266
265 308
265 309
265 310
266 267
266 309
266 310
266 311
267 268
267 310
267 311
267 312
268 269
268 311
268 312
268 313
269 270
269 312
269 313
269 314
270 271
270 313
270 314
271 272
271 314
271 315
272 273
272 315
272 316
273 274
273 315
273 316
273 317
274 275
274 316
274 317
274 318
275 276
275 317
275 318
275 319
276 277
276 318
276 319
276 320
277 278
277 319
277 320
277 321
278 279
278 320
278 321
278 322
279 280
279 321
279 322
279 323
280 281
280 322
280 323
280 324
281 282
281 323
281 324
281 325
282 283
282 324
282 325
282 326
283 284
283 325
283 326
283 327
284 285
284 326
284 327
284 328
285 327
285 328
286 287
286 329
287 288
287 329
287 330
288 289
288 329
288 330
289 330
289 331
290 291
290 331
291 292
291 332
292 332
292 333
293 294
293 333
293 334
294 295
294 334
294 335
295 335
296 297
296 336
297 298
297 336
297 337
298 337
298 338
299 300
299 338
299 339
299 340
300 301
300 339
300 340
300 341
301 340
301 341
302 303
302 342
302 343
303 304
303 343
303 344
304 305
304 344
304 345
305 306
305 344
305 345
306 307
306 345
307 308
308 309
308 346
309 310
309 346
310 311
310 346
310 347
311 312
311 347
312 313
312 347
312 348
313 314
313 348
314 348
315 316
315 349
315 350
316 317
316 349
316 350
316 351
317 318
317 350
317 351
317 352
318 319
318 351
318 352
318 353
319 320
319 352
319 353
319 354
320 321
320 353
320 354
320 355
321 322
321 354
321 355
321 356
322 323
322 355
322 356
322 357
323 324
323 356
323 357
323 358
324 325
324 357
324 358
324 359
325 326
325 358
325 359
326 327
326 359
326 360
327 328
327 360
327 361
328 360
328 361
329 330
329 362
329 363
330 362
330 363
330 364
331 364
331 365
332 333
332 366
332 367
332 368
333 334
333 367
333 368
333 369
334 368
334 369
334 370
335 370
335 371
335 372
336 372
336 373
337 338
338 339
338 374
339 340
339 374
340 341
340 374
340 375
341 375
341 376
342 343
342 376
342 377
342 378
343 377
343 378
343 379
344 345
344 379
344 380
344 381
345 380
345 381
345 382
346 383
346 384
347 384
347 385
347 386
348 386
348 387
348 388
349 350
349 389
350 351
350 390
351 352
351 390
351 391
352 353
352 390
352 391
353 354
353 391
353 392
354 355
354 392
355 356
355 392
355 393
356 357
356 393
356 394
357 358
357 393
357 394
357 395
358 359
358 394
358 395
358 396
359 395
359 396
359 397
360 361
360 397
360 398
360 399
361 398
361 399
362 363
362 400
362 401
362 402
363 364
363 401
363 402
363 403
364 402
364 403
364 404
365 366
365 404
365 405
365 406
366 367
366 405
366 406
366 407
367 368
367 406
367 407
367 408
368 369
368 407
368 408
368 409
369 370
369 408
369 409
369 410
370 371
370 409
370 410
370 411
371 372
371 410
371 411
371 412
372 373
372 411
372 412
372 413
373 412
373 413
373 414
374 415
374 416
374 417
375 376
375 417
375 418
375 419
376 377
376 418
376 419
376 420
377 378
377 419
377 420
378 379
378 420
378 421
379 380
379 421
379 422
380 381
380 421
380 422
380 423
381 382
381 422
381 423
381 424
382 423
382 424
383 384
383 425
383 426
383 427
384 385
384 426
384 427
384 428
385 386
385 427
385 428
385 429
386 387
386 428
386 429
386 430
387 388
387 429
387 430
387 431
388 389
388 430
388 431
388 432
389 431
389 432
389 433
390 391
390 434
390 435
390 436
391 435
391 436
391 437
392 437
392 438
392 439
393 394
393 439
393 440
393 441
394 395
394 440
394 441
394 442
395 396
395 441
395 442
396 397
396 442
396 443
397 398
397 443
397 444
398 399
398 443
398 444
398 445
399 444
399 445
400 401
400 446
401 402
401 446
401 447
402 403
402 447
402 448
403 404
403 447
403 448
403 449
404 405
404 448
404 449
404 450
405 406
405 449
405 450
405 451
406 407
406 450
406 451
406 452
407 408
407 451
407 452
407 453
408 409
408 452
408 453
408 454
409 410
409 453
409 454
409 455
410 411
410 454
410 455
410 456
411 412
411 455
411 456
412 413
412 456
412 457
413 414
413 457
414 457
414 458
415 416
415 458
415 459
415 460
416 417
416 459
416 460
416 461
417 418
417 460
417 461
417 462
418 419
418 461
418 462
418 463
419 420
419 462
419 463
419 464
420 463
420 464
420 465
421 422
421 465
421 466
422 423
422 466
422 467
423 424
423 467
423 468
424 467
424 468
425 426
425 469
426 427
426 469
427 428
427 470
428 429
428 470
428 471
429 430
429 470
429 471
430 431
430 471
431 432
431 472
432 433
432 472
432 473
433 434
433 472
433 473
433 474
434 435
434 473
434 474
434 475
435 436
435 474
435 475
435 476
436 437
436 475
436 476
436 477
437 438
437 476
437 477
438 439
438 477
439 440
439 478
440 441
440 478
440 479
441 442
441 478
441 479
441 480
442 479
442 480
442 481
443 444
443 481
443 482
443 483
444 445
444 482
444 483
444 484
445 483
445 484
446 485
446 486
447 448
447 486
447 487
447 488
448 449
448 487
448 488
449 450
449 488
449 489
450 451
450 489
450 490
451 452
451 489
451 490
451 491
452 453
452 490
452 491
452 492
453 454
453 491
453 492
453 493
454 455
454 492
454 493
454 494
455 456
455 493
455 494
455 495
456 494
456 495
456 496
457 496
457 497
457 498
458 459
458 498
458 499
458 500
459 460
459 499
459 500
459 501
460 461
460 500
460 501
460 502
461 462
461 501
461 502
461 503
462 463
462 502
462 503
462 504
463 464
463 503
463 504
463 505
464 465
464 504
464 505
465 466
465 505
465 506
466 506
466 507
467 468
467 507
467 508
468 508
468 509
469 509
469 510
470 471
470 511
470 512
470 513
471 512
471 513
471 514
472 473
472 515
472 516
472 517
473 474
473 516
473 517
473 518
474 475
474 517
474 518
475 476
475 518
476 477
476 519
477 519
477 520
478 479
478 521
478 522
479 480
479 522
479 523
480 481
480 523
480 524
481 482
481 523
481 524
481 525
482 483
482 524
482 525
482 526
483 484
483 525
483 526
483 527
484 526
484 527
485 486
485 528
485 529
486 487
486 528
486 529
486 530
487 488
487 529
487 530
487 531
488 530
488 531
488 532
489 490
489 532
489 533
490 491
490 533
490 534
491 492
491 533
491 534
492 493
492 534
492 535
493 494
493 535
493 536
494 495
494 535
494 536
494 537
495 496
495 536
495 537
495 538
496 497
496 537
496 538
496 539
497 498
497 538
497 539
497 540
498 499
498 539
498 540
498 541
499 500
499 540
499 541
499 542
500 501
500 541
500 542
500 543
501 502
501 542
501 543
501 544
502 503
502 543
502 544
502 545
503 504
503 544
503 545
504 505
504 545
504 546
505 546
506 507
506 547
507 508
507 547
507 548
508 547
508 548
508 549
509 549
509 550
510 511
510 550
510 551
510 552
511 512
511 551
511 552
512 513
512 552
513 514
513 553
514 515
514 553
515 516
515 553
515 554
516 517
516 554
516 555
517 518
517 554
517 555
517 556
518 555
518 556
518 557
519 520
519 558
519 559
520 521
520 558
520 559
520 560
521 522
521 559
521 560
521 561
522 560
522 561
522 562
523 524
523 562
523 563
524 525
524 563
524 564
525 526
525 564
525 565
526 527
526 564
526 565
526 566
527 565
527 566
528 529
528 567
529 530
529 567
529 568
530 531
530 567
530 568
530 569
531 532
531 568
531 569
531 570
532 569
532 570
532 571
533 534
533 571
533 572
533 573
534 572
534 573
534 574
535 536
535 574
535 575
536 537
536 575
536 576
537 538
537 576
537 577
538 539
538 576
538 577
538 578
539 540
539 577
539 578
539 579
540 541
540 578
540 579
540 580
541 542
541 579
541 580
541 581
542 543
542 580
542 581
542 582
543 544
543 581
543 582
543 583
544 545
544 582
544 583
544 584
545 583
545 584
545 585
546 585
546 586
547 548
547 587
547 588
548 549
548 588
548 589
549 588
549 589
549 590
550 551
550 590
550 591
551 552
551 591
551 592
552 592
552 593
553 594
553 595
554 555
554 595
554 596
554 597
555 556
555 596
555 597
555 598
556 557
556 597
556 598
556 599
557 598
557 599
557 600
558 559
558 600
558 601
558 602
559 560
559 601
559 602
559 603
560 561
560 602
560 603
560 604
561 562
561 603
561 604
562 563
562 604
562 605
563 605
563 606
564 565
564 606
565 566
567 568
567 607
567 608
568 569
568 608
568 609
569 570
569 609
569 610
570 571
570 609
570 610
570 611
571 572
571 610
571 611
571 612
572 573
572 611
572 612
572 613
573 574
573 612
573 613
574 575
574 613
574 614
575 614
576 577
576 615
576 616
577 578
577 615
577 616
577 617
578 579
578 616
578 617
579 580
579 617
580 581
580 618
581 582
581 618
581 619
582 583
582 618
582 619
582 620
583 584
583 619
583 620
583 621
584 585
584 620
584 621
584 622
585 621
585 622
586 587
586 623
587 623
587 624
588 589
588 624
588 625
588 626
589 590
589 625
589 626
589 627
590 591
590 626
590 627
591 627
591 628
592 593
592 628
592 629
592 630
593 594
593 629
593 630
593 631
594 630
594 631
594 632
595 596
595 632
595 633
595 634
596 597
596 633
596 634
597 598
597 634
598 599
598 635
599 600
599 635
599 636
600 601
600 635
600 636
600 637
601 602
601 636
601 637
601 638
602 603
602 637
602 638
603 604
603 638
605 606
605 639
605 640
606 639
606 640
606 641
607 608
607 643
608 643
609 610
609 644
609 645
610 611
610 644
610 645
610 646
611 612
611 645
611 646
611 647
612 613
612 646
612 647
613 647
613 648
614 648
614 649
615 616
615 649
615 650
616 617
616 650
616 651
617 651
617 652
618 619
618 653
618 654
619 620
619 654
619 655
620 621
620 655
621 622
621 655
621 656
622 656
622 657
623 657
623 658
624 625
624 659
624 660
625 626
625 659
625 660
625 661
626 627
626 660
626 661
626 662
627 661
627 662
628 629
628 663
628 664
629 630
629 663
629 664
629 665
630 631
630 664
630 665
630 666
631 632
631 665
631 666
632 633
632 666
632 667
633 634
633 667
633 668
634 667
634 668
634 669
635 636
635 670
635 671
635 672
636 637
636 671
636 672
636 673
637 638
637 672
637 673
637 674
638 673
638 674
638 675
639 640
639 677
639 678
639 679
640 641
640 678
640 679
641 679
641 680
642 680
642 681
643 682
643 683
644 645
644 684
644 685
645 646
645 685
646 647
646 685
647 686
648 686
648 687
648 688
649 650
649 688
649 689
649 690
650 689
650 690
651 652
651 691
651 692
652 653
652 691
652 692
652 693
653 654
653 692
653 693
653 694
654 693
654 694
654 695
655 695
655 696
655 697
656 657
656 697
656 698
656 699
657 658
657 698
657 699
657 700
658 699
658 700
658 701
659 660
659 701
659 702
659 703
660 661
660 702
660 703
660 704
661 662
661 703
661 704
661 705
662 704
662 705
662 706
663 664
663 706
663 707
663 708
664 665
664 707
664 708
664 709
665 666
665 708
665 709
665 710
666 709
666 710
666 711
667 668
667 711
667 712
667 713
668 669
668 712
668 713
669 670
669 713
670 671
670 714
671 672
671 714
672 673
672 714
672 715
673 674
673 715
673 716
674 675
674 715
674 716
674 717
675 676
675 716
675 717
675 718
676 677
676 717
676 718
676 719
677 678
677 718
677 719
678 679
678 719
678 720
679 720
679 721
680 681
680 721
680 722
680 723
681 722
681 723
682 683
682 724
682 725
683 684
683 724
683 725
683 726
684 725
684 726
685 727
685 728
686 687
686 729
686 730
686 731
687 688
687 730
687 731
687 732
688 689
688 731
688 732
688 733
689 690
689 732
689 733
689 734
690 733
690 734
690 735
691 692
691 735
691 736
691 737
692 693
692 736
692 737
692 738
693 694
693 737
693 738
693 739
694 695
694 738
694 739
694 740
695 696
695 739
695 740
695 741
696 697
696 740
696 741
697 698
697 741
697 742
698 699
698 742
699 700
699 742
699 743
700 701
700 743
700 744
701 702
701 743
701 744
702 703
702 744
702 745
703 704
703 745
703 746
704 705
704 745
704 746
704 747
705 706
705 746
705 747
705 748
706 707
706 747
706 748
707 708
707 748
707 749
708 709
708 749
708 750
709 710
709 749
709 750
709 751
710 711
710 750
710 751
711 712
711 751
711 752
712 713
712 752
712 753
713 752
713 753
713 754
714 755
714 756
714 757
715 716
715 757
715 758
715 759
716 717
716 758
716 759
716 760
717 718
717 759
717 760
717 761
718 719
718 760
718 761
718 762
719 761
719 762
719 763
720 721
720 763
720 764
721 722
721 764
722 723
722 764
722 765
723 765
724 725
724 766
725 726
725 766
725 767
726 767
726 768
727 728
727 768
727 769
727 770
728 729
728 769
728 770
728 771
729 730
729 770
729 771
729 772
730 731
730 771
730 772
730 773
731 732
731 772
731 773
731 774
732 733
732 773
732 774
732 775
733 734
733 774
733 775
733 776
734 735
734 775
734 776
734 777
735 736
735 776
735 777
735 778
736 737
736 777
736 778
736 779
737 738
737 778
737 779
738 739
738 779
738 780
739 740
739 780
740 741
740 780
740 781
741 781
741 782
742 782
742 783
743 744
743 784
743 785
744 784
744 785
745 746
745 786
745 787
746 747
746 786
746 787
746 788
747 748
747 787
747 788
748 788
748 789
749 750
749 789
749 790
749 791
750 751
750 790
750 791
750 792
751 791
751 792
751 793
752 753
752 793
752 794
752 795
753 754
753 794
753 795
754 755
754 795
754 796
755 756
755 796
755 797
756 757
756 796
756 797
756 798
757 758
757 797
757 798
757 799
758 759
758 798
758 799
758 800
759 760
759 799
759 800
759 801
760 761
760 800
760 801
760 802
761 762
761 801
761 802
761 803
762 763
762 802
762 803
762 804
763 803
763 804
763 805
764 805
764 806
765 807
766 808
766 809
767 768
767 809
767 810
767 811
768 769
768 810
768 811
768 812
769 770
769 811
769 812
769 813
770 771
770 812
770 813
770 814
771 772
771 813
771 814
771 815
772 773
772 814
772 815
773 774
773 815
773 816
774 775
774 816
774 817
775 776
775 816
775 817
775 818
776 777
776 817
776 818
776 819
777 778
777 818
777 819
777 820
778 779
778 819
778 820
778 821
779 820
779 821
779 822
780 822
781 782
781 823
782 783
782 823
782 824
783 823
783 824
783 825
784 785
784 825
784 826
784 827
785 826
785 827
785 828
786 787
786 828
786 829
786 830
787 788
787 829
787 830
787 831
788 830
788 831
789 790
789 832
789 833
790 791
790 832
790 833
790 834
791 792
791 833
791 834
792 793
792 834
793 794
793 835
794 795
794 835
794 836
795 835
795 836
795 837
796 797
796 837
796 838
797 798
797 838
797 839
798 799
798 839
798 840
799 800
799 839
799 840
799 841
800 801
800 840
800 841
800 842
801 802
801 841
801 842
801 843
802 803
802 842
802 843
802 844
803 804
803 843
803 844
803 845
804 805
804 844
804 845
804 846
805 806
805 845
805 846
805 847
806 846
806 847
806 848
807 848
807 849
808 809
808 850
808 851
809 810
809 850
809 851
810 811
810 851
810 852
811 812
811 852
811 853
812 813
812 852
812 853
813 814
813 853
813 854
814 815
814 854
814 855
815 854
815 855
815 856
816 817
816 856
816 857
816 858
817 818
817 857
817 858
818 819
818 858
819 820
819 859
820 821
820 859
820 860
821 822
821 859
821 860
821 861
822 860
822 861
822 862
823 824
823 863
823 864
823 865
824 825
824 864
824 865
824 866
825 826
825 865
825 866
826 827
826 866
826 867
827 828
827 867
827 868
828 829
828 867
828 868
828 869
829 830
829 868
829 869
829 870
830 831
830 869
830 870
831 870
831 871
832 833
832 871
832 872
833 834
833 872
833 873
834 873
834 874
835 836
835 875
835 876
835 877
836 837
836 876
836 877
836 878
837 838
837 877
837 878
837 879
838 878
838 879
839 840
839 880
840 841
840 880
840 881
841 842
841 880
841 881
841 882
842 843
842 881
842 882
842 883
843 844
843 882
843 883
843 884
844 845
844 883
844 884
844 885
845 846
845 884
845 885
845 886
846 847
846 885
846 886
847 848
847 886
847 887
848 849
848 887
848 888
849 887
849 888
850 851
850 889
851 889
852 853
852 890
853 890
853 891
854 855
854 891
854 892
854 893
855 856
855 892
855 893
855 894
856 857
856 893
856 894
856 895
857 858
857 894
857 895
857 896
858 895
858 896
858 897
859 860
859 898
859 899
860 861
860 898
860 899
860 900
861 862
861 899
861 900
861 901
862 900
862 901
862 902
863 864
863 902
863 903
863 904
864 865
864 903
864 904
864 905
865 866
865 904
865 905
865 906
866 905
866 906
866 907
867 868
867 907
867 908
867 909
868 869
868 908
868 909
869 870
869 909
869 910
870 910
870 911
871 872
871 911
871 912
871 913
872 912
872 913
872 914
873 874
873 914
873 915
874 875
874 915
874 916
875 876
875 915
875 916
875 917
876 877
876 916
876 917
877 878
877 917
877 918
878 879
878 918
878 919
879 918
879 919
879 920
880 881
880 921
880 922
880 923
881 882
881 922
881 923
882 883
882 923
883 884
883 924
884 885
884 924
884 925
885 886
885 924
885 925
885 926
886 925
886 926
886 927
887 888
887 927
887 928
887 929
888 928
888 929
889 930
889 931
890 891
890 933
890 934
890 935
891 892
891 934
891 935
891 936
892 893
892 935
892 936
893 894
893 936
893 937
894 895
894 937
895 896
895 937
895 938
896 897
896 938
896 939
897 938
897 939
897 940
898 899
898 940
898 941
898 942
899 900
899 941
899 942
899 943
900 901
900 942
900 943
900 944
901 902
901 943
901 944
901 945
902 903
902 944
902 945
903 904
903 945
903 946
904 905
904 946
904 947
905 906
905 946
905 947
905 948
906 907
906 947
906 948
906 949
907 908
907 948
907 949
907 950
908 909
908 949
908 950
909 950
910 911
910 951
910 952
911 912
911 951
911 952
912 913
912 952
912 953
913 914
913 953
913 954
914 953
914 954
915 916
915 955
915 956
916 917
916 955
916 956
917 956
917 957
918 919
918 957
918 958
918 959
919 920
919 958
919 959
919 960
920 921
920 959
920 960
920 961
921 922
921 960
921 961
921 962
922 923
922 961
922 962
922 963
923 962
923 963
923 964
924 925
924 965
924 966
924 967
925 926
925 966
925 967
925 968
926 927
926 967
926 968
926 969
927 928
927 968
927 969
927 970
928 929
928 969
928 970
928 971
929 970
929 971
930 931
930 972
931 932
931 972
932 933
932 972
932 973
933 934
933 973
933 974
934 935
934 973
934 974
935 936
935 974
935 975
936 975
936 976
937 976
937 977
937 978
938 939
938 978
938 979
938 980
939 940
939 979
939 980
939 981
940 941
940 980
940 981
940 982
941 942
941 981
941 982
941 983
942 943
942 982
942 983
942 984
943 944
943 983
943 984
944 945
944 984
946 947
946 985
946 986
947 948
947 985
947 986
947 987
948 949
948 986
948 987
949 950
949 987
949 988
950 988
950 989
951 952
951 990
951 991
952 991
952 992
953 954
953 992
953 993
953 994
954 993
954 994
954 995
955 956
955 995
955 996
955 997
956 996
956 997
957 958
957 998
957 999
958 959
958 998
958 999
958 1000
959 960
959 999
959 1000
959 1001
960 961
960 1000
960 1001
960 1002
961 962
961 1001
961 1002
961 1003
962 963
962 1002
962 1003
962 1004
963 964
963 1003
963 1004
963 1005
964 965
964 1004
964 1005
964 1006
965 966
965 1005
965 1006
966 967
966 1006
966 1007
967 968
967 1007
967 1008
968 969
968 1007
968 1008
968 1009
969 970
969 1008
969 1009
969 1010
970 971
970 1009
970 1010
970 1011
971 1010
971 1011
972 1012
972 1013
972 1014
973 974
973 1014
973 1015
973 1016
974 1015
974 1016
974 1017
975 976
975 1017
975 1018
976 977
976 1018
976 1019
977 978
977 1018
977 1019
977 1020
978 979
978 1019
978 1020
978 1021
979 980
979 1020
979 1021
979 1022
980 981
980 1021
980 1022
980 1023
981 982
981 1022
981 1023
981 1024
982 983
982 1023
982 1024
982 1025
983 984
983 1024
983 1025
983 1026
984 1025
984 1026
984 1027
985 986
985 1029
985 1030
985 1031
986 987
986 1030
986 1031
986 1032
987 1031
987 1032
988 989
988 1033
988 1034
989 990
989 1033
989 1034
989 1035
990 991
990 1034
990 1035
990 1036
991 1035
991 1036
992 993
992 1037
993 994
993 1037
993 1038
994 995
994 1037
994 1038
994 1039
995 996
995 1038
995 1039
995 1040
996 997
996 1039
996 1040
996 1041
997 1040
997 1041
998 999
998 1042
998 1043
999 1000
999 1042
999 1043
999 1044
1000 1001
1000 1043
1000 1044
1000 1045
1001 1002
1001 1044
1001 1045
1001 1046
1002 1003
1002 1045
1002 1046
1002 1047
1003 1004
1003 1046
1003 1047
1003 1048
1004 1005
1004 1047
1004 1048
1004 1049
1005 1006
1005 1048
1005 1049
1005 1050
1006 1049
1006 1050
1006 1051
1007 1008
1007 1051
1007 1052
1007 1053
1008 1009
1008 1052
1008 1053
1008 1054
1009 1010
1009 1053
1009 1054
1009 1055
1010 1011
1010 1054
1010 1055
1011 1055
1012 1013
1012 1056
1012 1057
1013 1014
1013 1056
1013 1057
1013 1058
1014 1015
1014 1057
1014 1058
1014 1059
1015 1016
1015 1058
1015 1059
1015 1060
1016 1017
1016 1059
1016 1060
1016 1061
1017 1060
1017 1061
1017 1062
1018 1019
1018 1062
1019 1020
1020 1021
1020 1063
1021 1022
1021 1063
1021 1064
1022 1023
1022 1063
1022 1064
1022 1065
1023 1024
1023 1064
1023 1065
1023 1066
1024 1025
1024 1065
1024 1066
1024 1067
1025 1026
1025 1066
1025 1067
1025 1068
1026 1027
1026 1067
1026 1068
1026 1069
1027 1028
1027 1068
1027 1069
1027 1070
1028 1029
1028 1069
1028 1070
1028 1071
1029 1030
1029 1070
1029 1071
1029 1072
1030 1031
1030 1071
1030 1072
1031 1032
1031 1072
1031 1073
1032 1073
1032 1074
1033 1034
1033 1074
1033 1075
1033 1076
1034 1035
1034 1075
1034 1076
1034 1077
1035 1036
1035 1076
1035 1077
1035 1078
1036 1077
1036 1078
1036 1079
1037 1038
1037 1080
1037 1081
1038 1039
1038 1081
1038 1082
1039 1040
1039 1081
1039 1082
1039 1083
1040 1041
1040 1082
1040 1083
1040 1084
1041 1083
1041 1084
1041 1085
1042 1043
1042 1085
1042 1086
1043 1044
1043 1086
1043 1087
1044 1045
1044 1087
1044 1088
1045 1046
1045 1087
1045 1088
1045 1089
1046 1047
1046 1088
1046 1089
1046 1090
1047 1048
1047 1089
1047 1090
1047 1091
1048 1049
1048 1090
1048 1091
1048 1092
1049 1050
1049 1091
1049 1092
1049 1093
1050 1051
1050 1092
1050 1093
1050 1094
1051 1052
1051 1093
1051 1094
1051 1095
1052 1053
1052 1094
1052 1095
1052 1096
1053 1054
1053 1095
1053 1096
1054 1055
1054 1096
1054 1097
1055 1097
1055 1098
1056 1057
1056 1099
1056 1100
1057 1058
1057 1099
1057 1100
1058 1059
1058 1100
1059 1060
1059 1101
1060 1061
1060 1101
1060 1102
1061 1062
1061 1101
1061 1102
1061 1103
1062 1102
1062 1103
1063 1064
1063 1105
1063 1106
1064 1065
1064 1106
1065 1066
1065 1106
1065 1107
1066 1067
1066 1107
1066 1108
1067 1068
1067 1107
1067 1108
1068 1069
1068 1108
1069 1070
1069 1109
1070 1071
1070 1109
1070 1110
1071 1072
1071 1109
1071 1110
1072 1110
1072 1111
1073 1074
1073 1111
1073 1112
1073 1113
1074 1075
1074 1112
1074 1113
1074 1114
1075 1076
1075 1113
1075 1114
1075 1115
1076 1077
1076 1114
1076 1115
1076 1116
1077 1078
1077 1115
1077 1116
1077 1117
1078 1079
1078 1116
1078 1117
1078 1118
1079 1080
1079 1117
1079 1118
1079 1119
1080 1118
1080 1119
1081 1082
1081 1120
1081 1121
1082 1083
1082 1120
1082 1121
1082 1122
1083 1084
1083 1121
1083 1122
1083 1123
1084 1085
1084 1122
1084 1123
1084 1124
1085 1086
1085 1123
1085 1124
1085 1125
1086 1124
1086 1125
1087 1088
1087 1126
1087 1127
1088 1089
1088 1126
1088 1127
1089 1090
1089 1127
1089 1128
1090 1091
1090 1128
1090 1129
1091 1092
1091 1128
1091 1129
1091 1130
1092 1093
1092 1129
1092 1130
1092 1131
1093 1094
1093 1130
1093 1131
1093 1132
1094 1095
1094 1131
1094 1132
1094 1133
1095 1096
1095 1132
1095 1133
1096 1133
1096 1134
1097 1098
1097 1134
1097 1135
1098 1135
1099 1100
1099 1136
1100 1136
1100 1137
1101 1102
1101 1138
1101 1139
1101 1140
1102 1103
1102 1139
1102 1140
1102 1141
1103 1140
1103 1141
1104 1105
1104 1142
1105 1142
1106 1143
1107 1108
1107 1143
1107 1144
1108 1144
1108 1145
1109 1110
1109 1146
1109 1147
1110 1147
1110 1148
1111 1112
1111 1148
1111 1149
1111 1150
1112 1113
1112 1149
1112 1150
1112 1151
1113 1114
1113 1150
1113 1151
1113 1152
1114 1115
1114 1151
1114 1152
1114 1153
1115 1116
1115 1152
1115 1153
1116 1117
1116 1153
1117 1118
1118 1119
1119 1154
1120 1121
1120 1154
1120 1155
1120 1156
1121 1122
1121 1155
1121 1156
1122 1123
1122 1156
1122 1157
1123 1124
1123 1157
1123 1158
1124 1125
1124 1157
1124 1158
1124 1159
1125 1158
1125 1159
1125 1160
1126 1127
1126 1160
1126 1161
1127 1161
1127 1162
1128 1129
1128 1162
1128 1163
1128 1164
1129 1130
1129 1163
1129 1164
1130 1131
1130 1164
1131 1132
1131 1165
1132 1133
1132 1165
1132 1166
1133 1165
1133 1166
1133 1167
1134 1167
1134 1168
1135 1168
1135 1169
1136 1137
1136 1170
1136 1171
1137 1138
1137 1171
1137 1172
1138 1139
1138 1172
1138 1173
1139 1140
1139 1172
1139 1173
1139 1174
1140 1141
1140 1173
1140 1174
1140 1175
1141 1174
1141 1175
1141 1176
1142 1177
1143 1178
1144 1145
1144 1178
1144 1179
1144 1180
1145 1146
1145 1179
1145 1180
1145 1181
1146 1180
1146 1181
1147 1148
1147 1182
1147 1183
1148 1149
1148 1182
1148 1183
1148 1184
1149 1150
1149 1183
1149 1184
1149 1185
1150 1151
1150 1184
1150 1185
1150 1186
1151 1152
1151 1185
1151 1186
1151 1187
1152 1153
1152 1186
1152 1187
1152 1188
1153 1187
1153 1188
1154 1155
1154 1191
1154 1192
1154 1193
1155 1156
1155 1192
1155 1193
1155 1194
1156 1193
1156 1194
1156 1195
1157 1158
1157 1195
1157 1196
1157 1197
1158 1159
1158 1196
1158 1197
1158 1198
1159 1160
1159 1197
1159 1198
1159 1199
1160 1198
1160 1199
1161 1162
1162 1163
1162 1200
1163 1164
1163 1200
1164 1200
1164 1201
1165 1166
1165 1202
1165 1203
1166 1167
1166 1203
1166 1204
1167 1203
1167 1204
1167 1205
1168 1169
1168 1205
1168 1206
1168 1207
1169 1206
1169 1207
1170 1171
1170 1208
1171 1208
1171 1209
1172 1173
1172 1209
1172 1210
1172 1211
1173 1174
1173 1210
1173 1211
1173 1212
1174 1175
1174 1211
1174 1212
1175 1176
1175 1212
1175 1213
1176 1213
1176 1214
1177 1214
1177 1215
1177 1216
1178 1179
1178 1218
1178 1219
1178 1220
1179 1180
1179 1219
1179 1220
1179 1221
1180 1181
1180 1220
1180 1221
1181 1221
1181 1222
1182 1183
1182 1222
1182 1223
1183 1184
1183 1223
1184 1185
1184 1224
1185 1186
1185 1224
1185 1225
1186 1187
1186 1224
1186 1225
1186 1226
1187 1188
1187 1225
1187 1226
1187 1227
1188 1226
1188 1227
1189 1190
1189 1228
1190 1191
1190 1228
1190 1229
1191 1192
1191 1228
1191 1229
1191 1230
1192 1193
1192 1229
1192 1230
1192 1231
1193 1194
1193 1230
1193 1231
1193 1232
1194 1195
1194 1231
1194 1232
1194 1233
1195 1196
1195 1232
1195 1233
1195 1234
1196 1197
1196 1233
1196 1234
1197 1198
1197 1234
1197 1235
1198 1199
1198 1235
1198 1236
1199 1235
1199 1236
1199 1237
1200 1238
1200 1239
1200 1240
1201 1202
1201 1240
1201 1241
1201 1242
1202 1241
1202 1242
1202 1243
1203 1204
1203 1243
1203 1244
1204 1205
1204 1244
1204 1245
1205 1206
1205 1244
1205 1245
1205 1246
1206 1207
1206 1245
1206 1246
1206 1247
1207 1246
1207 1247
1208 1209
1208 1248
1208 1249
1208 1250
1209 1210
1209 1249
1209 1250
1210 1211
1210 1250
1210 1251
1211 1212
1211 1251
1211 1252
1212 1251
1212 1252
1212 1253
1213 1214
1213 1253
1213 1254
1214 1215
1214 1254
1214 1255
1215 1216
1215 1254
1215 1255
1215 1256
1216 1217
1216 1255
1216 1256
1216 1257
1217 1218
1217 1256
1217 1257
1217 1258
1218 1219
1218 1257
1218 1258
1219 1220
1219 1258
1219 1259
1220 1221
1220 1259
1220 1260
1221 1259
1221 1260
1221 1261
1222 1223
1222 1261
1222 1262
1222 1263
1223 1262
1223 1263
1223 1264
1224 1225
1224 1265
1224 1266
1224 1267
1225 1226
1225 1266
1225 1267
1226 1227
1226 1267
1226 1268
1227 1268
1227 1269
1228 1229
1228 1270
1228 1271
1228 1272
1229 1230
1229 1271
1229 1272
1229 1273
1230 1231
1230 1272
1230 1273
1230 1274
1231 1232
1231 1273
1231 1274
1231 1275
1232 1233
1232 1274
1232 1275
1232 1276
1233 1234
1233 1275
1233 1276
1233 1277
1234 1276
1234 1277
1234 1278
1235 1236
1235 1278
1235 1279
1235 1280
1236 1237
1236 1279
1236 1280
1236 1281
1237 1280
1237 1281
1237 1282
1238 1239
1238 1282
1238 1283
1239 1240
1239 1283
1240 1241
1241 1242
1241 1284
1242 1243
1242 1284
1243 1284
1243 1285
1244 1245
1244 1285
1244 1286
1244 1287
1245 1246
1245 1286
1245 1287
1245 1288
1246 1247
1246 1287
1246 1288
1246 1289
1247 1288
1247 1289
1248 1249
1248 1290
1248 1291
1249 1250
1249 1290
1249 1291
1249 1292
1250 1291
1250 1292
1250 1293
1251 1252
1251 1293
1251 1294
1251 1295
1252 1253
1252 1294
1252 1295
1252 1296
1253 1295
1253 1296
1253 1297
1254 1255
1254 1297
1254 1298
1254 1299
1255 1256
1255 1298
1255 1299
1255 1300
1256 1257
1256 1299
1256 1300
1257 1258
1257 1300
1257 1301
1258 1301
1258 1302
1259 1260
1259 1302
1259 1303
1259 1304
1260 1261
1260 1303
1260 1304
1260 1305
1261 1262
1261 1304
1261 1305
1261 1306
1262 1263
1262 1305
1262 1306
1262 1307
1263 1264
1263 1306
1263 1307
1263 1308
1264 1265
1264 1307
1264 1308
1264 1309
1265 1266
1265 1308
1265 1309
1265 1310
1266 1267
1266 1309
1266 1310
1266 1311
1267 1310
1267 1311
1267 1312
1268 1269
1268 1312
1268 1313
1268 1314
1269 1270
1269 1313
1269 1314
1269 1315
1270 1271
1270 1314
1270 1315
1270 1316
1271 1272
1271 1315
1271 1316
1271 1317
1272 1273
1272 1316
1272 1317
1272 1318
1273 1274
1273 1317
1273 1318
1273 1319
1274 1275
1274 1318
1274 1319
1274 1320
1275 1276
1275 1319
1275 1320
1276 1277
1276 1320
1277 1278
1277 1321
1278 1279
1278 1321
1278 1322
1279 1280
1279 1321
1279 1322
1280 1281
1280 1322
1281 1282
1281 1323
1282 1283
1282 1323
1282 1324
1283 1323
1283 1324
1283 1325
1284 1327
1284 1328
1284 1329
1285 1286
1285 1329
1285 1330
1286 1287
1286 1330
1286 1331
1287 1288
1287 1330
1287 1331
1287 1332
1288 1289
1288 1331
1288 1332
1289 1332
1290 1291
1290 1333
1290 1334
1291 1292
1291 1333
1291 1334
1292 1293
1292 1334
1292 1335
1293 1294
1293 1335
1293 1336
1294 1295
1294 1335
1294 1336
1294 1337
1295 1296
1295 1336
1295 1337
1295 1338
1296 1297
1296 1337
1296 1338
1297 1298
1297 1338
1297 1339
1298 1299
1298 1339
1299 1300
1299 1339
1299 1340
1300 1340
1300 1341
1301 1302
1301 1341
1301 1342
1301 1343
1302 1303
1302 1342
1302 1343
1302 1344
1303 1304
1303 1343
1303 1344
1303 1345
1304 1305
1304 1344
1304 1345
1304 1346
1305 1306
1305 1345
1305 1346
1306 1307
1306 1346
1306 1347
1307 1308
1307 1347
1307 1348
1308 1309
1308 1347
1308 1348
1308 1349
1309 1310
1309 1348
1309 1349
1309 1350
1310 1311
1310 1349
1310 1350
1311 1312
1311 1350
1312 1313
1312 1351
1313 1314
1313 1351
1313 1352
1314 1315
1314 1351
1314 1352
1314 1353
1315 1316
1315 1352
1315 1353
1315 1354
1316 1317
1316 1353
1316 1354
1317 1318
1317 1354
1317 1355
1318 1319
1318 1355
1318 1356
1319 1320
1319 1355
1319 1356
1320 1356
1320 1357
1321 1322
1321 1358
1322 1358
1322 1359
1323 1324
1323 1360
1323 1361
1324 1325
1324 1361
1324 1362
1325 1326
1325 1361
1325 1362
1325 1363
1326 1327
1326 1362
1326 1363
1327 1328
1327 1363
1327 1364
1328 1329
1328 1364
1328 1365
1329 1364
1329 1365
1329 1366
1330 1331
1330 1366
1330 1367
1330 1368
1331 1332
1331 1367
1331 1368
1331 1369
1332 1368
1332 1369
1332 1370
1333 1334
1333 1371
1333 1372
1334 1371
1334 1372
1334 1373
1335 1336
1335 1373
1335 1374
1335 1375
1336 1337
1336 1374
1336 1375
1337 1338
1337 1375
1337 1376
1338 1376
1338 1377
1339 1377
1339 1378
1340 1341
1340 1379
1340 1380
1341 1342
1341 1379
1341 1380
1341 1381
1342 1343
1342 1380
1342 1381
1342 1382
1343 1344
1343 1381
1343 1382
1344 1345
1344 1382
1344 1383
1345 1346
1345 1383
1345 1384
1346 1383
1346 1384
1346 1385
1347 1348
1347 1385
1347 1386
1348 1349
1348 1386
1349 1350
1349 1387
1350 1387
1350 1388
1351 1352
1351 1389
1351 1390
1352 1353
1352 1390
1353 1354
1353 1390
1353 1391
1354 1391
1354 1392
1355 1356
1355 1392
1355 1393
1356 1393
1356 1394
1357 1394
1357 1395
1358 1359
1358 1396
1358 1397
1359 1360
1359 1396
1359 1397
1360 1397
1360 1398
1361 1362
1361 1398
1361 1399
1361 1400
1362 1363
1362 1399
1362 1400
1363 1400
1364 1365
1364 1401
1365 1366
1365 1401
1365 1402
1366 1367
1366 1401
1366 1402
1367 1368
1367 1402
1367 1403
1368 1369
1368 1403
1369 1370
1369 1403
1369 1404
1370 1404
1371 1372
1371 1405
1371 1406
1372 1373
1372 1405
1372 1406
1372 1407
1373 1374
1373 1406
1373 1407
1374 1375
1374 1407
1374 1408
1375 1408
1375 1409
1376 1377
1376 1409
1376 1410
1377 1378
1377 1410
1377 1411
1378 1411
1378 1412
1379 1380
1379 1412
1379 1413
1379 1414
1380 1381
1380 1413
1380 1414
1380 1415
1381 1382
1381 1414
1381 1415
1381 1416
1382 1415
1382 1416
1382 1417
1383 1384
1383 1417
1383 1418
1384 1385
1384 1418
1384 1419
1385 1386
1385 1419
1385 1420
1386 1419
1386 1420
1386 1421
1387 1388
1387 1422
1387 1423
1388 1389
1388 1422
1388 1423
1388 1424
1389 1423
1389 1424
1389 1425
1390 1425
1390 1426
1391 1392
1391 1427
1391 1428
1392 1427
1392 1428
1392 1429
1393 1394
1393 1429
1393 1430
1394 1395
1394 1430
1394 1431
1395 1431
1395 1432
1396 1397
1396 1433
1396 1434
1397 1433
1397 1434
1397 1435
1398 1399
1398 1435
1398 1436
1399 1400
1399 1436
1399 1437
1400 1437
1400 1438
1401 1402
1401 1439
1401 1440
1402 1439
1402 1440
1403 1441
1403 1442
1404 1442
1404 1443
1405 1406
1405 1444
1405 1445
1406 1407
1406 1444
1406 1445
1406 1446
1407 1445
1407 1446
1407 1447
1408 1409
1408 1447
1408 1448
1408 1449
1409 1410
1409 1448
1409 1449
1410 1449
1410 1450
1411 1412
1411 1450
1411 1451
1411 1452
1412 1413
1412 1451
1412 1452
1412 1453
1413 1414
1413 1452
1413 1453
1413 1454
1414 1415
1414 1453
1414 1454
1414 1455
1415 1416
1415 1454
1415 1455
1416 1417
1416 1455
1416 1456
1417 1418
1417 1456
1417 1457
1418 1456
1418 1457
1418 1458
1419 1420
1419 1458
1419 1459
1419 1460
1420 1421
1420 1459
1420 1460
1420 1461
1421 1460
1421 1461
1421 1462
1422 1423
1422 1462
1422 1463
1422 1464
1423 1424
1423 1463
1423 1464
1423 1465
1424 1425
1424 1464
1424 1465
1424 1466
1425 1426
1425 1465
1425 1466
1425 1467
1426 1466
1426 1467
1426 1468
1427 1428
1427 1468
1427 1469
1427 1470
1428 1429
1428 1469
1428 1470
1428 1471
1429 1430
1429 1470
1429 1471
1429 1472
1430 1471
1430 1472
1431 1432
1431 1473
1431 1474
1432 1473
1432 1474
1432 1475
1433 1434
1433 1475
1433 1476
1434 1435
1434 1476
1434 1477
1435 1436
1435 1476
1435 1477
1436 1477
1436 1478
1437 1438
1437 1478
1437 1479
1438 1479
1438 1480
1439 1440
1439 1481
1439 1482
1439 1483
1440 1482
1440 1483
1440 1484
1441 1442
1441 1484
1441 1485
1442 1443
1442 1485
1442 1486
1443 1486
1444 1445
1444 1487
1445 1446
1445 1487
1445 1488
1446 1447
1446 1487
1446 1488
1446 1489
1447 1448
1447 1488
1447 1489
1447 1490
1448 1449
1448 1489
1448 1490
1449 1490
1450 1451
1450 1491
1450 1492
1451 1452
1451 1491
1451 1492
1452 1453
1452 1492
1453 1454
1453 1493
1454 1455
1454 1493
1454 1494
1455 1493
1455 1494
1455 1495
1456 1457
1456 1495
1456 1496
1457 1458
1457 1496
1457 1497
1458 1459
1458 1497
1459 1460
1459 1497
1459 1498
1460 1461
1460 1498
1460 1499
1461 1462
1461 1498
1461 1499
1461 1500
1462 1463
1462 1499
1462 1500
1462 1501
1463 1464
1463 1500
1463 1501
1463 1502
1464 1465
1464 1501
1464 1502
1464 1503
1465 1466
1465 1502
1465 1503
1465 1504
1466 1467
1466 1503
1466 1504
1466 1505
1467 1468
1467 1504
1467 1505
1468 1469
1468 1505
1468 1506
1469 1470
1469 1506
1469 1507
1470 1471
1470 1506
1470 1507
1470 1508
1471 1472
1471 1507
1471 1508
1471 1509
1472 1508
1472 1509
1472 1510
1473 1474
1473 1510
1474 1475
1475 1511
1476 1477
1476 1511
1476 1512
1476 1513
1477 1512
1477 1513
1477 1514
1478 1479
1478 1514
1479 1515
1480 1481
1480 1515
1480 1516
1481 1482
1481 1516
1481 1517
1482 1483
1482 1516
1482 1517
1482 1518
1483 1484
1483 1517
1483 1518
1483 1519
1484 1485
1484 1518
1484 1519
1484 1520
1485 1519
1485 1520
1485 1521
1486 1521
1487 1488
1487 1522
1487 1523
1487 1524
1488 1489
1488 1523
1488 1524
1488 1525
1489 1490
1489 1524
1489 1525
1489 1526
1490 1525
1490 1526
1490 1527
1491 1492
1491 1528
1491 1529
1491 1530
1492 1529
1492 1530
1493 1494
1493 1531
1493 1532
1493 1533
1494 1495
1494 1532
1494 1533
1495 1496
1495 1533
1495 1534
1496 1534
1496 1535
1497 1535
1497 1536
1497 1537
1498 1499
1498 1537
1498 1538
1498 1539
1499 1500
1499 1538
1499 1539
1499 1540
1500 1501
1500 1539
1500 1540
1500 1541
1501 1502
1501 1540
1501 1541
1501 1542
1502 1503
1502 1541
1502 1542
1502 1543
1503 1504
1503 1542
1503 1543
1504 1505
1504 1543
1505 1544
1506 1507
1506 1544
1506 1545
1507 1508
1507 1545
1507 1546
1508 1509
1508 1545
1508 1546
1508 1547
1509 1510
1509 1546
1509 1547
1509 1548
1510 1547
1510 1548
1510 1549
1511 1512
1511 1551
1511 1552
1511 1553
1512 1513
1512 1552
1512 1553
1512 1554
1513 1514
1513 1553
1513 1554
1513 1555
1514 1554
1514 1555
1514 1556
1515 1557
1515 1558
1516 1517
1516 1558
1516 1559
1517 1518
1517 1559
1517 1560
1518 1519
1518 1560
1518 1561
1519 1520
1519 1560
1519 1561
1520 1521
1520 1561
1520 1562
1521 1562
1521 1563
1522 1523
1523 1524
1523 1564
1524 1525
1524 1564
1525 1526
1525 1564
1525 1565
1526 1527
1526 1565
1526 1566
1527 1528
1527 1565
1527 1566
1527 1567
1528 1529
1528 1566
1528 1567
1529 1530
1529 1567
1529 1568
1530 1568
1531 1532
1531 1569
1531 1570
1532 1533
1532 1569
1532 1570
1532 1571
1533 1570
1533 1571
1533 1572
1534 1535
1534 1572
1534 1573
1535 1536
1535 1573
1535 1574
1536 1537
1536 1573
1536 1574
1536 1575
1537 1538
1537 1574
1537 1575
1537 1576
1538 1539
1538 1575
1538 1576
1538 1577
1539 1540
1539 1576
1539 1577
1540 1541
1540 1577
1540 1578
1541 1542
1541 1578
1542 1543
1542 1578
1542 1579
1543 1579
1544 1580
1544 1581
1544 1582
1545 1546
1545 1582
1545 1583
1545 1584
1546 1547
1546 1583
1546 1584
1546 1585
1547 1548
1547 1584
1547 1585
1547 1586
1548 1549
1548 1585
1548 1586
1548 1587
1549 1550
1549 1586
1549 1587
1549 1588
1550 1551
1550 1587
1550 1588
1550 1589
1551 1552
1551 1588
1551 1589
1551 1590
1552 1553
1552 1589
1552 1590
1552 1591
1553 1554
1553 1590
1553 1591
1553 1592
1554 1555
1554 1591
1554 1592
1554 1593
1555 1556
1555 1592
1555 1593
1555 1594
1556 1557
1556 1593
1556 1594
1557 1594
1557 1595
1558 1559
1558 1595
1558 1596
1558 1597
1559 1596
1559 1597
1559 1598
1560 1561
1560 1598
1560 1599
1561 1599
1561 1600
1562 1563
1562 1600
1562 1601
1562 1602
1563 1601
1563 1602
1564 1604
1564 1605
1565 1566
1565 1605
1565 1606
1565 1607
1566 1567
1566 1606
1566 1607
1567 1607
1567 1608
1568 1608
1568 1609
1568 1610
1569 1570
1569 1610
1569 1611
1569 1612
1570 1571
1570 1611
1570 1612
1571 1572
1571 1612
1571 1613
1572 1613
1573 1574
1573 1614
1573 1615
1574 1575
1574 1614
1574 1615
1575 1576
1575 1615
1575 1616
1576 1577
1576 1616
1576 1617
1577 1616
1577 1617
1577 1618
1578 1618
1578 1619
1579 1620
1579 1621
1580 1581
1580 1621
1580 1622
1580 1623
1581 1582
1581 1622
1581 1623
1581 1624
1582 1583
1582 1623
1582 1624
1582 1625
1583 1584
1583 1624
1583 1625
1583 1626
1584 1585
1584 1625
1584 1626
1584 1627
1585 1586
1585 1626
1585 1627
1586 1587
1586 1627
1586 1628
1587 1588
1587 1628
1587 1629
1588 1589
1588 1628
1588 1629
1588 1630
1589 1590
1589 1629
1589 1630
1589 1631
1590 1591
1590 1630
1590 1631
1591 1592
1591 1631
1591 1632
1592 1593
1592 1632
1592 1633
1593 1594
1593 1632
1593 1633
1593 1634
1594 1633
1594 1634
1594 1635
1595 1596
1595 1635
1595 1636
1595 1637
1596 1597
1596 1636
1596 1637
1596 1638
1597 1598
1597 1637
1597 1638
1597 1639
1598 1638
1598 1639
1598 1640
1599 1600
1599 1640
1599 1641
1599 1642
1600 1601
1600 1641
1600 1642
1600 1643
1601 1602
1601 1642
1601 1643
1601 1644
1602 1643
1602 1644
1604 1605
1604 1645
1605 1606
1605 1645
1605 1646
1606 1607
1606 1645
1606 1646
1606 1647
1607 1646
1607 1647
1607 1648
1608 1609
1608 1648
1608 1649
1608 1650
1609 1610
1609 1649
1609 1650
1609 1651
1610 1611
1610 1650
1610 1651
1610 1652
1611 1612
1611 1651
1611 1652
1611 1653
1612 1652
1612 1653
1612 1654
1613 1654
1613 1655
1613 1656
1614 1615
1614 1656
1614 1657
1615 1657
1615 1658
1616 1617
1616 1658
1616 1659
1616 1660
1617 1618
1617 1659
1617 1660
1617 1661
1618 1619
1618 1660
1618 1661
1618 1662
1619 1661
1619 1662
1619 1663
1620 1621
1620 1663
1620 1664
1620 1665
1621 1622
1621 1664
1621 1665
1621 1666
1622 1623
1622 1665
1622 1666
1622 1667
1623 1624
1623 1666
1623 1667
1624 1625
1624 1667
1624 1668
1625 1626
1625 1668
1625 1669
1626 1627
1626 1668
1626 1669
1626 1670
1627 1669
1627 1670
1627 1671
1628 1629
1628 1671
1628 1672
1629 1630
1629 1672
1629 1673
1630 1631
1630 1672
1630 1673
1630 1674
1631 1673
1631 1674
1631 1675
1632 1633
1632 1675
1632 1676
1632 1677
1633 1634
1633 1676
1633 1677
1633 1678
1634 1635
1634 1677
1634 1678
1634 1679
1635 1636
1635 1678
1635 1679
1636 1637
1636 1679
1637 1638
1637 1680
1638 1639
1638 1680
1638 1681
1639 1640
1639 1680
1639 1681
1640 1641
1640 1681
1640 1682
1641 1642
1641 1682
1641 1683
1642 1643
1642 1682
1642 1683
1643 1644
1643 1683
1643 1684
1644 1684
1645 1646
1645 1686
1645 1687
1646 1647
1646 1687
1646 1688
1647 1648
1647 1688
1648 1649
1648 1688
1648 1689
1649 1650
1649 1689
1649 1690
1650 1651
1650 1689
1650 1690
1650 1691
1651 1652
1651 1690
1651 1691
1652 1653
1652 1691
1652 1692
1653 1654
1653 1692
1653 1693
1654 1655
1654 1692
1654 1693
1654 1694
1655 1656
1655 1693
1655 1694
1655 1695
1656 1657
1656 1694
1656 1695
1656 1696
1657 1695
1657 1696
1657 1697
1658 1659
1658 1697
1658 1698
1658 1699
1659 1660
1659 1698
1659 1699
1659 1700
1660 1661
1660 1699
1660 1700
1660 1701
1661 1662
1661 1700
1661 1701
1661 1702
1662 1663
1662 1701
1662 1702
1662 1703
1663 1664
1663 1702
1663 1703
1663 1704
1664 1665
1664 1703
1664 1704
1664 1705
1665 1666
1665 1704
1665 1705
1665 1706
1666 1667
1666 1705
1666 1706
1666 1707
1667 1706
1667 1707
1667 1708
1668 1669
1668 1708
1668 1709
1668 1710
1669 1670
1669 1709
1669 1710
1669 1711
1670 1671
1670 1710
1670 1711
1670 1712
1671 1711
1671 1712
1671 1713
1672 1673
1672 1713
1672 1714
1672 1715
1673 1674
1673 1714
1673 1715
1673 1716
1674 1675
1674 1715
1674 1716
1674 1717
1675 1676
1675 1716
1675 1717
1675 1718
1676 1677
1676 1717
1676 1718
1676 1719
1677 1678
1677 1718
1677 1719
1677 1720
1678 1679
1678 1719
1678 1720
1678 1721
1679 1720
1679 1721
1679 1722
1680 1681
1680 1723
1680 1724
1680 1725
1681 1724
1681 1725
1682 1683
1682 1726
1682 1727
1683 1726
1683 1727
1683 1728
1684 1728
1684 1729
1685 1730
1685 1731
1686 1687
1686 1731
1686 1732
1686 1733
1687 1732
1687 1733
1687 1734
1688 1734
1688 1735
1688 1736
1689 1690
1689 1736
1689 1737
1690 1691
1690 1737
1690 1738
1691 1737
1691 1738
1691 1739
1692 1693
1692 1739
1692 1740
1692 1741
1693 1694
1693 1740
1693 1741
1693 1742
1694 1695
1694 1741
1694 1742
1694 1743
1695 1696
1695 1742
1695 1743
1695 1744
1696 1697
1696 1743
1696 1744
1696 1745
1697 1698
1697 1744
1697 1745
1698 1699
1698 1745
1698 1746
1699 1700
1699 1746
1699 1747
1700 1701
1700 1746
1700 1747
1700 1748
1701 1702
1701 1747
1701 1748
1701 1749
1702 1703
1702 1748
1702 1749
1702 1750
1703 1704
1703 1749
1703 1750
1704 1705
1704 1750
1704 1751
1705 1706
1705 1751
1705 1752
1706 1707
1706 1751
1706 1752
1706 1753
1707 1708
1707 1752
1707 1753
1707 1754
1708 1709
1708 1753
1708 1754
1708 1755
1709 1710
1709 1754
1709 1755
1709 1756
1710 1711
1710 1755
1710 1756
1710 1757
1711 1712
1711 1756
1711 1757
1712 1713
1712 1757
1713 1714
1713 1758
1714 1715
1714 1758
1714 1759
1715 1716
1715 1758
1715 1759
1715 1760
1716 1717
1716 1759
1716 1760
1716 1761
1717 1718
1717 1760
1717 1761
1717 1762
1718 1719
1718 1761
1718 1762
1718 1763
1719 1720
1719 1762
1719 1763
1719 1764
1720 1721
1720 1763
1720 1764
1720 1765
1721 1722
1721 1764
1721 1765
1721 1766
1722 1723
1722 1765
1722 1766
1723 1724
1723 1766
1723 1767
1724 1725
1724 1767
1724 1768
1725 1767
1725 1768
1725 1769
1726 1727
1726 1769
1726 1770
1726 1771
1727 1728
1727 1770
1727 1771
1727 1772
1728 1729
1728 1771
1728 1772
1728 1773
1729 1772
1729 1773
1730 1731
1730 1774
1731 1732
1731 1774
1731 1775
1732 1733
1732 1774
1732 1775
1732 1776
1733 1734
1733 1775
1733 1776
1733 1777
1734 1735
1734 1776
1734 1777
1734 1778
1735 1736
1735 1777
1735 1778
1735 1779
1736 1778
1736 1779
1737 1738
1737 1780
1738 1739
1738 1780
1738 1781
1739 1740
1739 1780
1739 1781
1739 1782
1740 1741
1740 1781
1740 1782
1740 1783
1741 1742
1741 1782
1741 1783
1742 1743
1742 1783
1742 1784
1743 1744
1743 1784
1743 1785
1744 1745
1744 1784
1744 1785
1744 1786
1745 1785
1745 1786
1745 1787
1746 1747
1746 1787
1746 1788
1746 1789
1747 1748
1747 1788
1747 1789
1748 1749
1748 1789
1748 1790
1749 1750
1749 1790
1749 1791
1750 1790
1750 1791
1750 1792
1751 1752
1751 1792
1751 1793
1751 1794
1752 1753
1752 1793
1752 1794
1752 1795
1753 1754
1753 1794
1753 1795
1753 1796
1754 1755
1754 1795
1754 1796
1754 1797
1755 1756
1755 1796
1755 1797
1756 1757
1756 1797
1757 1798
1758 1759
1758 1799
1758 1800
1758 1801
1759 1760
1759 1800
1759 1801
1759 1802
1760 1761
1760 1801
1760 1802
1761 1762
1761 1802
1761 1803
1762 1763
1762 1803
1762 1804
1763 1764
1763 1803
1763 1804
1763 1805
1764 1765
1764 1804
1764 1805
1764 1806
1765 1766
1765 1805
1765 1806
1765 1807
1766 1806
1766 1807
1766 1808
1767 1768
1767 1808
1767 1809
1767 1810
1768 1769
1768 1809
1768 1810
1768 1811
1769 1770
1769 1810
1769 1811
1769 1812
1770 1771
1770 1811
1770 1812
1770 1813
1771 1772
1771 1812
1771 1813
1772 1773
1772 1813
1772 1814
1773 1814
1774 1775
1774 1815
1774 1816
1774 1817
1775 1776
1775 1816
1775 1817
1775 1818
1776 1777
1776 1817
1776 1818
1776 1819
1777 1778
1777 1818
1777 1819
1778 1779
1778 1819
1778 1820
1779 1820
1779 1821
1780 1781
1780 1822
1780 1823
1780 1824
1781 1782
1781 1823
1781 1824
1782 1783
1782 1824
1782 1825
1783 1825
1783 1826
1784 1785
1784 1826
1784 1827
1784 1828
1785 1786
1785 1827
1785 1828
1785 1829
1786 1787
1786 1828
1786 1829
1786 1830
1787 1788
1787 1829
1787 1830
1788 1789
1788 1830
1788 1831
1789 1831
1789 1832
1790 1791
1790 1832
1790 1833
1791 1792
1791 1833
1792 1793
1792 1833
1792 1834
1793 1794
1793 1834
1793 1835
1794 1795
1794 1834
1794 1835
1794 1836
1795 1796
1795 1835
1795 1836
1795 1837
1796 1797
1796 1836
1796 1837
1797 1837
1798 1799
1798 1838
1798 1839
1799 1800
1799 1838
1799 1839
1799 1840
1800 1801
1800 1839
1800 1840
1801 1802
1801 1840
1801 1841
1802 1841
1802 1842
1803 1804
1803 1842
1803 1843
1803 1844
1804 1805
1804 1843
1804 1844
1804 1845
1805 1806
1805 1844
1805 1845
1805 1846
1806 1807
1806 1845
1806 1846
1807 1808
1807 1846
1808 1809
1809 1810
1809 1847
1810 1811
1810 1847
1810 1848
1811 1812
1811 1847
1811 1848
1811 1849
1812 1813
1812 1848
1812 1849
1813 1849
1814 1850
1815 1816
1815 1851
1815 1852
1816 1817
1816 1851
1816 1852
1816 1853
1817 1818
1817 1852
1817 1853
1817 1854
1818 1819
1818 1853
1818 1854
1818 1855
1819 1854
1819 1855
1820 1821
1820 1856
1820 1857
1821 1822
1821 1856
1821 1857
1822 1823
1822 1857
1823 1824
1824 1858
1825 1826
1825 1858
1825 1859
1826 1827
1826 1859
1826 1860
1827 1828
1827 1860
1827 1861
1828 1829
1828 1860
1828 1861
1828 1862
1829 1830
1829 1861
1829 1862
1829 1863
1830 1862
1830 1863
1830 1864
1831 1832
1831 1864
1831 1865
1831 1866
1832 1865
1832 1866
1832 1867
1833 1867
1833 1868
1834 1835
1835 1836
1835 1869
1836 1837
1836 1869
1836 1870
1837 1869
1837 1870
1837 1871
1838 1839
1838 1873
1839 1840
1839 1874
1840 1874
1840 1875
1841 1842
1841 1875
1841 1876
1842 1843
1842 1876
1843 1844
1843 1877
1844 1845
1844 1877
1845 1846
1845 1877
1845 1878
1846 1878
1847 1848
1847 1879
1847 1880
1848 1849
1848 1880
1848 1881
1849 1881
1849 1882
1850 1883
1850 1884
1851 1852
1851 1885
1852 1853
1852 1885
1853 1854
1853 1886
1854 1855
1854 1886
1855 1886
1856 1857
1856 1887
1857 1887
1858 1859
1858 1889
1858 1890
1858 1891
1859 1890
1859 1891
1859 1892
1860 1861
1860 1892
1860 1893
1860 1894
1861 1862
1861 1893
1861 1894
1861 1895
1862 1863
1862 1894
1862 1895
1862 1896
1863 1864
1863 1895
1863 1896
1864 1865
1864 1896
1864 1897
1865 1866
1865 1897
1865 1898
1866 1867
1866 1897
1866 1898
1866 1899
1867 1868
1867 1898
1867 1899
1868 1899
1868 1900
1869 1870
1869 1902
1870 1871
1870 1902
1870 1903
1871 1872
1871 1903
1871 1904
1872 1873
1872 1903
1872 1904
1872 1905
1873 1904
1873 1905
1873 1906
1874 1875
1874 1907
1874 1908
1874 1909
1875 1876
1875 1908
1875 1909
1876 1909
1876 1910
1877 1911
1877 1912
1877 1913
1878 1913
1878 1914
1879 1880
1879 1915
1879 1916
1879 1917
1880 1916
1880 1917
1880 1918
1881 1882
1881 1918
1881 1919
1881 1920
1882 1883
1882 1919
1882 1920
1882 1921
1883 1884
1883 1920
1883 1921
1883 1922
1884 1921
1884 1922
1885 1923
1886 1924
1886 1925
1887 1927
1887 1928
1888 1889
1888 1929
1888 1930
1889 1890
1889 1929
1889 1930
1890 1891
1890 1930
1890 1931
1891 1892
1891 1931
1891 1932
1892 1893
1892 1931
1892 1932
1892 1933
1893 1894
1893 1932
1893 1933
1893 1934
1894 1895
1894 1933
1894 1934
1895 1896
1895 1934
1895 1935
1896 1935
1896 1936
1897 1898
1897 1936
1897 1937
1898 1899
1898 1937
1898 1938
1899 1938
1900 1901
1900 1939
1900 1940
1901 1939
1901 1940
1901 1941
1902 1941
1903 1904
1903 1942
1904 1905
1904 1942
1904 1943
1905 1906
1905 1943
1905 1944
1906 1907
1906 1943
1906 1944
1906 1945
1907 1908
1907 1944
1907 1945
1907 1946
1908 1909
1908 1945
1908 1946
1909 1946
1909 1947
1910 1911
1910 1947
1910 1948
1910 1949
1911 1912
1911 1948
1911 1949
1911 1950
1912 1913
1912 1949
1912 1950
1912 1951
1913 1914
1913 1950
1913 1951
1913 1952
1914 1951
1914 1952
1914 1953
1915 1916
1915 1953
1915 1954
1916 1917
1916 1954
1916 1955
1917 1918
1917 1955
1917 1956
1918 1919
1918 1955
1918 1956
1918 1957
1919 1920
1919 1956
1919 1957
1919 1958
1920 1921
1920 1957
1920 1958
1920 1959
1921 1922
1921 1958
1921 1959
1922 1959
1923 1960
1923 1961
1923 1962
1924 1925
1924 1962
1925 1926
1925 1963
1926 1927
1926 1963
1927 1928
1927 1963
1927 1964
1928 1964
1928 1965
1929 1930
1929 1965
1929 1966
1929 1967
1930 1966
1930 1967
1930 1968
1931 1932
1931 1968
1931 1969
1932 1933
1932 1969
1932 1970
1933 1934
1933 1970
1933 1971
1934 1970
1934 1971
1934 1972
1935 1936
1935 1972
1935 1973
1935 1974
1936 1937
1936 1973
1936 1974
1936 1975
1937 1974
1937 1975
1937 1976
1938 1976
1938 1977
1939 1940
1939 1977
1939 1978
1940 1941
1940 1978
1940 1979
1941 1979
1942 1980
1943 1944
1943 1980
1943 1981
1943 1982
1944 1945
1944 1981
1944 1982
1944 1983
1945 1946
1945 1982
1945 1983
1945 1984
1946 1983
1946 1984
1946 1985
1947 1948
1947 1985
1947 1986
1947 1987
1948 1949
1948 1986
1948 1987
1949 1950
1949 1987
1949 1988
1950 1951
1950 1988
1950 1989
1951 1952
1951 1988
1951 1989
1951 1990
1952 1953
1952 1989
1952 1990
1952 1991
1953 1954
1953 1990
1953 1991
1953 1992
1954 1991
1954 1992
1954 1993
1955 1956
1955 1993
1955 1994
1955 1995
1956 1957
1956 1994
1956 1995
1956 1996
1957 1958
1957 1995
1957 1996
1957 1997
1958 1959
1958 1996
1958 1997
1958 1998
1959 1997
1959 1998
1959 1999
1960 1961
1961 1962
1964 1965
1965 1966
1966 1967
1967 1968
1968 1969
1970 1971
1971 1972
1972 1973
1973 1974
1974 1975
1975 1976
1977 1978
1980 1981
1981 1982
1982 1983
1983 1984
1984 1985
1985 1986
1986 1987
1988 1989
1989 1990
1990 1991
1991 1992
1992 1993
1993 1994
1994 1995
1995 1996
1996 1997
1997 1998
1998 1999
