# FromNodeId	ToNodeId
0 30
1 2
1 31
1 32
2 3
2 31
2 32
2 33
3 4
3 32
3 33
3 34
4 5
4 33
4 34
4 35
5 6
5 34
5 35
5 36
6 7
6 35
6 36
7 8
7 36
7 37
8 37
8 38
9 10
9 39
9 40
9 41
10 11
10 40
10 41
10 42
11 12
11 41
11 42
11 43
12 13
12 42
12 43
13 14
13 43
13 44
14 15
14 44
14 45
15 16
15 44
15 45
15 46
16 17
16 45
16 46
16 47
17 18
17 46
17 47
17 48
18 47
18 48
18 49
19 20
19 49
19 50
19 51
20 50
20 51
20 52
21 22
21 52
21 53
22 23
22 53
22 54
23 24
23 53
23 54
23 55
24 25
24 54
24 55
24 56
25 55
25 56
25 57
26 59
26 60
26 61
27 28
27 62
27 63
27 64
28 29
28 63
28 64
28 65
29 64
29 65
30 66
30 67
31 32
31 67
31 68
31 69
32 33
32 68
32 69
33 34
33 69
34 35
34 70
35 36
35 70
35 71
36 70
36 71
36 72
37 38
37 72
37 73
38 39
38 73
38 74
39 40
39 73
39 74
39 75
40 41
40 74
40 75
40 76
41 42
41 75
41 76
41 77
42 43
42 76
42 77
43 77
43 78
44 45
44 78
44 79
44 80
45 46
45 79
45 80
46 47
46 80
46 81
47 48
47 81
47 82
48 49
48 81
48 82
48 83
49 50
49 82
49 83
49 84
50 51
50 83
50 84
50 85
51 52
51 84
51 85
51 86
52 85
52 86
52 87
53 54
53 87
54 55
54 88
55 56
55 88
55 89
56 57
56 88
56 89
56 90
57 58
57 89
57 90
58 59
58 90
58 91
59 60
59 91
59 92
60 61
60 91
60 92
60 93
61 62
61 92
61 93
62 63
62 93
62 94
63 64
63 94
64 65
64 94
64 95
65 95
66 67
66 96
66 97
67 68
67 96
67 97
68 69
68 97
68 98
69 98
69 99
70 71
70 100
70 101
71 72
71 101
72 101
73 74
73 102
73 103
74 75
74 102
74 103
74 104
75 76
75 103
75 104
75 105
76 77
76 104
76 105
76 106
77 105
77 106
77 107
78 79
78 107
78 108
78 109
79 80
79 108
79 109
79 110
80 109
80 110
80 111
81 82
81 111
81 112
81 113
82 83
82 112
82 113
83 84
83 113
84 85
84 114
85 86
85 114
85 115
86 87
86 114
86 115
86 116
87 115
87 116
87 117
88 89
88 118
88 119
88 120
89 90
89 119
89 120
89 121
90 120
90 121
90 122
91 92
91 122
91 123
91 124
92 93
92 123
92 124
92 125
93 124
93 125
94 126
94 127
95 127
96 97
96 128
96 129
97 128
97 129
98 99
98 130
98 131
99 100
99 130
99 131
99 132
100 131
100 132
101 133
102 103
102 134
102 135
103 104
103 134
103 135
104 105
104 135
104 136
105 106
105 136
105 137
106 107
106 136
106 137
106 138
107 108
107 137
107 138
107 139
108 109
108 138
108 139
108 140
109 110
109 139
109 140
109 141
110 111
110 140
110 141
110 142
111 112
111 141
111 142
112 113
112 142
112 143
113 143
113 144
114 115
114 145
114 146
114 147
115 116
115 146
115 147
115 148
116 117
116 147
116 148
116 149
117 118
117 148
117 149
117 150
118 119
118 149
118 150
119 120
119 150
120 121
120 151
121 122
121 151
122 123
122 151
122 152
123 124
123 152
123 153
124 125
124 152
124 153
124 154
125 153
125 154
126 127
126 155
127 155
128 129
128 156
128 157
129 156
129 157
129 158
130 131
130 158
130 159
130 160
131 132
131 159
131 160
132 160
133 161
133 162
134 135
134 163
134 164
135 163
135 164
136 137
136 165
136 166
137 138
137 165
137 166
137 167
138 139
138 166
138 167
138 168
139 140
139 167
139 168
139 169
140 141
140 168
140 169
140 170
141 142
141 169
141 170
141 171
142 170
142 171
142 172
143 144
143 172
143 173
144 145
144 173
144 174
145 146
145 174
145 175
146 147
146 174
146 175
146 176
147 148
147 175
147 176
147 177
148 149
148 176
148 177
148 178
149 150
149 177
149 178
149 179
150 178
150 179
150 180
151 181
151 182
151 183
152 153
152 183
152 184
152 185
153 154
153 184
153 185
153 186
154 185
154 186
154 187
155 187
156 157
156 189
156 190
157 158
157 189
157 190
157 191
158 159
158 190
158 191
158 192
159 160
159 191
159 192
159 193
160 192
160 193
161 162
161 194
161 195
161 196
162 195
162 196
162 197
163 164
163 197
163 198
164 198
164 199
165 166
165 199
165 200
165 201
166 167
166 200
166 201
166 202
167 168
167 201
167 202
167 203
168 169
168 202
168 203
168 204
169 170
169 203
169 204
170 171
170 204
170 205
171 172
171 205
171 206
172 173
172 205
172 206
172 207
173 206
173 207
173 208
174 175
174 208
174 209
174 210
175 176
175 209
175 210
176 177
176 210
176 211
177 178
177 211
178 179
178 211
178 212
179 180
179 212
180 181
180 212
181 182
181 213
182 183
182 213
183 184
183 213
183 214
184 185
184 214
184 215
185 186
185 214
185 215
186 187
186 215
187 216
188 217
188 218
189 190
189 219
190 191
190 219
190 220
191 192
191 219
191 220
191 221
192 193
192 220
192 221
192 222
193 221
193 222
193 223
194 195
194 223
194 224
194 225
195 196
195 224
195 225
195 226
196 197
196 225
196 226
196 227
197 226
197 227
197 228
198 199
198 228
198 229
198 230
199 200
199 229
199 230
199 231
200 201
200 230
200 231
200 232
201 202
201 231
201 232
201 233
202 203
202 232
202 233
203 204
203 233
203 234
204 234
204 235
205 206
205 235
205 236
205 237
206 207
206 236
206 237
206 238
207 208
207 237
207 238
208 209
208 238
208 239
209 210
209 239
209 240
210 239
210 240
210 241
211 241
211 242
211 243
212 243
212 244
212 245
213 246
213 247
214 215
214 247
214 248
215 248
215 249
216 217
216 250
216 251
217 218
217 251
217 252
218 251
218 252
219 220
219 253
219 254
219 255
220 221
220 254
220 255
220 256
221 222
221 255
221 256
221 257
222 223
222 256
222 257
223 224
223 257
223 258
224 225
224 258
224 259
225 226
225 258
225 259
225 260
226 227
226 259
226 260
226 261
227 228
227 260
227 261
227 262
228 229
228 261
228 262
229 230
229 262
229 263
230 231
230 263
230 264
231 232
231 263
231 264
231 265
232 233
232 264
232 265
232 266
233 265
233 266
233 267
234 235
234 267
234 268
234 269
235 236
235 268
235 269
235 270
236 237
236 269
236 270
236 271
237 238
237 270
237 271
237 272
238 271
238 272
239 240
239 273
240 241
240 273
240 274
241 242
241 273
241 274
241 275
242 243
242 274
242 275
243 244
243 275
243 276
244 245
244 276
245 246
245 276
245 277
246 277
246 278
247 278
247 279
247 280
248 249
248 280
248 281
249 250
249 281
249 282
250 281
250 282
250 283
251 252
251 283
251 284
252 284
253 254
253 285
253 286
254 255
254 285
254 286
254 287
255 256
255 286
255 287
255 288
256 257
256 287
256 288
257 288
257 289
258 259
258 289
258 290
258 291
259 260
259 290
259 291
260 261
260 291
260 292
261 262
261 292
261 293
262 292
262 293
262 294
263 264
263 294
263 295
263 296
264 265
264 295
264 296
264 297
265 266
265 296
265 297
265 298
266 267
266 297
266 298
267 268
267 298
268 269
269 270
269 299
270 271
270 299
270 300
271 272
271 299
271 300
271 301
272 300
272 301
272 302
273 274
273 303
273 304
274 275
274 304
274 305
275 305
275 306
276 306
276 307
276 308
277 278
277 308
277 309
277 310
278 279
278 309
278 310
278 311
279 280
279 310
279 311
279 312
280 311
280 312
280 313
281 282
281 313
281 314
282 283
282 314
282 315
283 314
283 315
283 316
284 316
285 286
285 317
285 318
286 287
286 317
286 318
286 319
287 288
287 318
287 319
287 320
288 319
288 320
289 290
289 321
289 322
290 291
290 321
290 322
291 322
292 293
292 323
293 294
293 323
293 324
294 295
294 324
294 325
295 296
295 324
295 325
295 326
296 297
296 325
296 326
296 327
297 298
297 326
297 327
297 328
298 327
298 328
298 329
299 300
299 331
299 332
299 333
300 301
300 332
300 333
300 334
301 302
301 333
301 334
301 335
302 303
302 334
302 335
302 336
303 304
303 335
303 336
303 337
304 336
304 337
304 338
305 306
305 338
305 339
305 340
306 307
306 339
306 340
306 341
307 308
307 340
307 341
307 342
308 309
308 341
308 342
308 343
309 310
309 342
309 343
309 344
310 311
310 343
310 344
310 345
311 312
311 344
311 345
311 346
312 313
312 345
312 346
312 347
313 346
313 347
313 348
314 315
314 348
314 349
314 350
315 316
315 349
315 350
316 350
316 351
317 318
317 352
318 319
318 352
318 353
319 320
319 352
319 353
320 353
320 354
321 322
321 354
321 355
321 356
322 355
322 356
322 357
323 358
323 359
324 325
324 359
324 360
325 326
325 360
325 361
326 327
326 360
326 361
327 328
327 361
328 329
328 362
329 330
329 362
329 363
330 331
330 362
330 363
330 364
331 332
331 363
331 364
331 365
332 333
332 364
332 365
332 366
333 334
333 365
333 366
333 367
334 335
334 366
334 367
334 368
335 336
335 367
335 368
335 369
336 337
336 368
336 369
336 370
337 338
337 369
337 370
338 339
338 370
339 340
339 371
340 341
340 371
340 372
341 342
341 371
341 372
341 373
342 343
342 372
342 373
342 374
343 344
343 373
343 374
343 375
344 345
344 374
344 375
344 376
345 346
345 375
345 376
346 347
346 376
346 377
347 348
347 377
347 378
348 349
348 377
348 378
349 350
349 378
349 379
350 379
350 380
351 380
351 381
352 353
352 382
352 383
352 384
353 383
353 384
353 385
354 355
354 385
354 386
355 356
355 386
355 387
356 357
356 386
356 387
356 388
357 387
357 388
358 359
358 389
358 390
359 389
359 390
359 391
360 361
360 391
360 392
361 392
361 393
362 363
362 394
362 395
363 364
363 395
363 396
364 365
364 395
364 396
365 366
365 396
365 397
366 367
366 397
367 368
367 397
367 398
368 369
368 398
368 399
369 370
369 398
369 399
369 400
370 399
370 400
370 401
371 372
371 402
372 373
372 403
373 374
373 403
374 375
374 403
374 404
375 376
375 404
375 405
376 404
376 405
377 378
377 406
378 406
378 407
379 380
379 407
380 381
380 408
381 408
382 383
382 409
382 410
383 384
383 409
383 410
384 385
384 410
384 411
385 411
385 412
386 387
386 412
386 413
387 388
387 413
387 414
388 414
388 415
389 390
389 415
389 416
389 417
390 391
390 416
390 417
391 392
391 417
391 418
392 418
392 419
393 394
393 419
394 420
395 396
395 420
395 421
396 421
396 422
397 422
397 423
398 399
398 423
398 424
399 400
399 424
399 425
400 401
400 424
400 425
400 426
401 402
401 425
401 426
401 427
402 426
402 427
402 428
403 429
403 430
404 405
404 430
404 431
404 432
405 431
405 432
405 433
406 433
406 434
406 435
407 435
407 436
408 437
408 438
409 410
409 439
409 440
410 439
410 440
410 441
411 412
411 441
411 442
412 413
412 442
412 443
413 442
413 443
413 444
414 415
414 444
414 445
414 446
415 416
415 445
415 446
415 447
416 417
416 446
416 447
416 448
417 447
417 448
417 449
418 419
418 449
418 450
418 451
419 450
419 451
420 421
420 452
420 453
420 454
421 453
421 454
422 455
422 456
423 456
423 457
424 425
424 457
424 458
424 459
425 426
425 458
425 459
425 460
426 427
426 459
426 460
427 428
427 460
427 461
428 461
429 430
429 462
429 463
430 431
430 462
430 463
430 464
431 432
431 463
431 464
431 465
432 433
432 464
432 465
432 466
433 434
433 465
433 466
433 467
434 435
434 466
434 467
434 468
435 436
435 467
435 468
435 469
436 468
436 469
436 470
437 438
437 470
437 471
437 472
438 471
438 472
439 440
440 441
440 473
441 473
441 474
442 443
442 474
442 475
443 444
443 475
443 476
444 445
444 476
444 477
445 446
445 476
445 477
445 478
446 447
446 477
446 478
447 448
447 478
447 479
448 449
448 479
448 480
449 450
449 479
449 480
449 481
450 451
450 480
450 481
451 481
451 482
452 453
452 482
452 483
453 454
453 483
453 484
454 483
454 484
454 485
455 456
455 485
455 486
456 486
456 487
457 458
457 487
458 459
458 488
459 460
459 488
459 489
460 488
460 489
460 490
461 490
461 491
462 463
462 491
462 492
463 464
463 492
463 493
464 465
464 492
464 493
464 494
465 466
465 493
465 494
465 495
466 467
466 494
466 495
466 496
467 468
467 495
467 496
467 497
468 469
468 496
468 497
468 498
469 470
469 497
469 498
469 499
470 471
470 498
470 499
470 500
471 472
471 499
471 500
472 500
473 474
473 502
473 503
474 475
474 502
474 503
474 504
475 503
475 504
475 505
476 477
476 505
476 506
476 507
477 478
477 506
477 507
477 508
478 507
478 508
478 509
479 480
479 509
479 510
479 511
480 481
480 510
480 511
481 511
481 512
482 512
482 513
482 514
483 484
483 514
483 515
483 516
484 485
484 515
484 516
484 517
485 486
485 516
485 517
485 518
486 517
486 518
486 519
487 519
487 520
488 489
488 521
488 522
489 490
489 522
489 523
490 522
490 523
490 524
491 524
491 525
491 526
492 493
492 526
492 527
492 528
493 494
493 527
493 528
494 495
494 528
494 529
495 496
495 529
495 530
496 497
496 529
496 530
496 531
497 498
497 530
497 531
497 532
498 499
498 531
498 532
499 500
499 532
500 533
501 534
502 503
502 534
502 535
502 536
503 504
503 535
503 536
503 537
504 505
504 536
504 537
504 538
505 506
505 537
505 538
506 507
506 538
506 539
507 508
507 539
507 540
508 509
508 539
508 540
508 541
509 510
509 540
509 541
509 542
510 511
510 541
510 542
510 543
511 542
511 543
511 544
512 513
512 544
512 545
512 546
513 514
513 545
513 546
514 515
514 546
514 547
515 516
515 547
515 548
516 517
516 547
516 548
516 549
517 518
517 548
517 549
518 519
518 549
519 520
519 550
520 550
521 551
521 552
522 523
522 552
522 553
522 554
523 524
523 553
523 554
523 555
524 525
524 554
524 555
524 556
525 526
525 555
525 556
526 527
526 556
527 528
527 557
528 557
529 530
529 558
529 559
530 531
530 558
530 559
530 560
531 532
531 559
531 560
532 560
533 561
533 562
534 535
534 563
534 564
535 536
535 563
535 564
535 565
536 537
536 564
536 565
536 566
537 538
537 565
537 566
538 566
539 540
539 567
540 541
540 567
541 542
541 568
542 543
542 568
542 569
543 544
543 568
543 569
543 570
544 545
544 569
544 570
545 546
545 570
545 571
546 571
546 572
547 548
547 572
547 573
547 574
548 549
548 573
548 574
548 575
549 574
549 575
549 576
550 577
550 578
550 579
551 552
551 579
551 580
551 581
552 553
552 580
552 581
552 582
553 554
553 581
553 582
553 583
554 555
554 582
554 583
554 584
555 556
555 583
555 584
555 585
556 584
556 585
557 586
557 587
557 588
558 559
558 588
558 589
558 590
559 560
559 589
559 590
559 591
560 590
560 591
560 592
561 562
561 593
561 594
562 593
562 594
563 564
563 595
563 596
563 597
564 565
564 596
564 597
564 598
565 566
565 597
565 598
566 598
566 599
567 600
567 601
567 602
568 569
568 603
568 604
568 605
569 570
569 604
569 605
569 606
570 605
570 606
570 607
571 572
571 607
571 608
571 609
572 573
572 608
572 609
572 610
573 574
573 609
573 610
573 611
574 575
574 610
574 611
575 576
575 611
576 577
576 612
577 578
577 612
577 613
578 579
578 612
578 613
578 614
579 580
579 613
579 614
579 615
580 581
580 614
580 615
581 582
581 615
581 616
582 583
582 616
583 584
583 616
583 617
584 585
584 617
584 618
585 617
585 618
585 619
586 587
586 619
586 620
586 621
587 588
587 620
587 621
587 622
588 589
588 621
588 622
588 623
589 590
589 622
589 623
589 624
590 591
590 623
590 624
590 625
591 592
591 624
591 625
591 626
592 625
592 626
592 627
593 594
593 627
593 628
594 628
595 596
595 629
595 630
596 597
596 629
596 630
596 631
597 598
597 630
597 631
597 632
598 631
598 632
598 633
599 600
599 633
599 634
599 635
600 601
600 634
600 635
600 636
601 602
601 635
601 636
601 637
602 603
602 636
602 637
602 638
603 604
603 637
603 638
603 639
604 605
604 638
604 639
604 640
605 606
605 639
605 640
606 607
606 640
606 641
607 608
607 641
607 642
608 609
608 641
608 642
609 610
609 642
609 643
610 611
610 643
611 643
611 644
612 613
612 645
612 646
613 614
613 646
613 647
614 615
614 647
614 648
615 647
615 648
615 649
616 649
616 650
616 651
617 618
617 651
617 652
618 619
618 652
619 620
619 652
620 621
621 622
621 653
622 623
622 653
622 654
623 624
623 653
623 654
624 625
624 654
624 655
625 626
625 655
625 656
626 627
626 655
626 656
626 657
627 656
627 657
627 658
628 658
628 659
629 630
629 660
630 631
630 660
630 661
631 632
631 660
631 661
631 662
632 633
632 661
632 662
632 663
633 634
633 662
633 663
633 664
634 635
634 663
634 664
634 665
635 636
635 664
635 665
635 666
636 637
636 665
636 666
636 667
637 638
637 666
637 667
638 639
638 667
638 668
639 640
639 668
639 669
640 668
640 669
640 670
641 642
641 670
641 671
642 671
643 672
643 673
644 645
644 673
644 674
644 675
645 646
645 674
645 675
645 676
646 675
646 676
646 677
647 648
647 677
647 678
647 679
648 649
648 678
648 679
648 680
649 650
649 679
649 680
649 681
650 651
650 680
650 681
650 682
651 681
651 682
651 683
652 683
652 684
652 685
653 654
653 687
653 688
653 689
654 688
654 689
654 690
655 656
655 690
655 691
655 692
656 657
656 691
656 692
656 693
657 658
657 692
657 693
657 694
658 659
658 693
658 694
658 695
659 694
659 695
660 661
660 696
660 697
660 698
661 662
661 697
661 698
661 699
662 663
662 698
662 699
662 700
663 664
663 699
663 700
664 665
664 700
664 701
665 666
665 701
665 702
666 667
666 701
666 702
666 703
667 702
667 703
667 704
668 669
668 704
668 705
668 706
669 670
669 705
669 706
669 707
670 706
670 707
670 708
671 708
671 709
671 710
672 673
672 710
672 711
672 712
673 674
673 711
673 712
673 713
674 675
674 712
674 713
674 714
675 676
675 713
675 714
675 715
676 677
676 714
676 715
676 716
677 678
677 715
677 716
677 717
678 679
678 716
678 717
678 718
679 680
679 717
679 718
679 719
680 681
680 718
680 719
681 682
681 719
682 683
682 720
683 684
683 720
683 721
684 685
684 720
684 721
685 686
685 721
685 722
686 687
686 722
686 723
687 688
687 722
687 723
687 724
688 689
688 723
688 724
688 725
689 690
689 724
689 725
689 726
690 691
690 725
690 726
690 727
691 692
691 726
691 727
691 728
692 693
692 727
692 728
692 729
693 694
693 728
693 729
693 730
694 695
694 729
694 730
694 731
695 730
695 731
696 697
696 732
696 733
697 698
697 732
697 733
697 734
698 699
698 733
698 734
699 700
699 734
699 735
700 735
700 736
701 702
701 736
701 737
701 738
702 703
702 737
702 738
702 739
703 704
703 738
703 739
703 740
704 705
704 739
704 740
704 741
705 706
705 740
705 741
706 707
706 741
706 742
707 708
707 742
707 743
708 709
708 742
708 743
708 744
709 710
709 743
709 744
709 745
710 711
710 744
710 745
711 712
711 745
711 746
712 713
712 746
713 714
713 746
713 747
714 715
714 747
714 748
715 716
715 747
715 748
715 749
716 717
716 748
716 749
716 750
717 718
717 749
717 750
717 751
718 719
718 750
718 751
719 751
719 752
720 721
720 753
720 754
720 755
721 754
721 755
721 756
722 723
722 756
722 757
722 758
723 724
723 757
723 758
723 759
724 725
724 758
724 759
725 726
725 759
725 760
726 727
726 760
726 761
727 728
727 760
727 761
727 762
728 729
728 761
728 762
729 730
729 762
729 763
730 731
730 763
731 763
732 733
732 764
732 765
733 734
733 764
733 765
733 766
734 765
734 766
734 767
735 736
735 767
735 768
735 769
736 737
736 768
736 769
736 770
737 738
737 769
737 770
737 771
738 739
738 770
738 771
738 772
739 740
739 771
739 772
740 741
740 772
741 773
742 743
742 773
742 774
743 744
743 774
744 745
744 775
745 775
745 776
746 776
746 777
746 778
747 748
747 778
747 779
747 780
748 749
748 779
748 780
748 781
749 750
749 780
749 781
749 782
750 751
750 781
750 782
750 783
751 782
751 783
751 784
752 753
752 784
752 785
752 786
753 754
753 785
753 786
753 787
754 755
754 786
754 787
754 788
755 756
755 787
755 788
755 789
756 757
756 788
756 789
756 790
757 758
757 789
757 790
757 791
758 759
758 790
758 791
758 792
759 791
759 792
759 793
760 761
760 793
760 794
761 762
761 794
761 795
762 794
762 795
762 796
763 796
763 797
764 765
764 798
765 766
765 798
765 799
766 767
766 799
767 768
767 799
767 800
768 769
768 800
769 770
769 800
769 801
770 771
770 801
770 802
771 772
771 801
771 802
771 803
772 802
772 803
772 804
773 774
773 805
773 806
774 806
775 776
775 807
775 808
775 809
776 777
776 808
776 809
776 810
777 778
777 809
777 810
778 779
778 810
778 811
779 780
779 811
779 812
780 781
780 811
780 812
780 813
781 782
781 812
781 813
782 783
782 813
782 814
783 784
783 814
783 815
784 785
784 814
784 815
784 816
785 786
785 815
785 816
786 787
786 816
786 817
787 788
787 817
787 818
788 789
788 817
788 818
788 819
789 790
789 818
789 819
789 820
790 791
790 819
790 820
790 821
791 792
791 820
791 821
791 822
792 793
792 821
792 822
792 823
793 822
793 823
793 824
794 795
794 824
794 825
794 826
795 796
795 825
795 826
795 827
796 826
796 827
796 828
797 828
799 829
800 830
800 831
801 802
801 831
801 832
801 833
802 803
802 832
802 833
802 834
803 804
803 833
803 834
803 835
804 805
804 834
804 835
804 836
805 835
805 836
805 837
806 837
806 838
806 839
807 808
807 839
807 840
808 809
808 840
808 841
809 810
809 840
809 841
809 842
810 841
810 842
810 843
811 812
811 843
812 813
812 844
813 844
813 845
814 815
814 845
814 846
814 847
815 816
815 846
815 847
815 848
816 847
816 848
817 818
817 849
818 819
818 849
818 850
819 820
819 849
819 850
819 851
820 821
820 850
820 851
821 822
821 851
822 823
823 824
823 852
824 825
824 852
824 853
825 826
825 852
825 853
825 854
826 827
826 853
826 854
826 855
827 828
827 854
827 855
828 855
828 856
829 857
829 858
830 831
830 858
830 859
830 860
831 832
831 859
831 860
831 861
832 833
832 860
832 861
832 862
833 834
833 861
833 862
833 863
834 835
834 862
834 863
834 864
835 836
835 863
835 864
835 865
836 837
836 864
836 865
836 866
837 838
837 865
837 866
837 867
838 839
838 866
838 867
839 867
839 868
840 841
840 868
840 869
840 870
841 842
841 869
841 870
841 871
842 843
842 870
842 871
843 871
843 872
844 845
844 873
844 874
844 875
845 846
845 874
845 875
846 847
846 875
846 876
847 848
847 876
847 877
848 876
848 877
848 878
849 850
849 879
849 880
849 881
850 851
850 880
850 881
850 882
851 881
851 882
851 883
852 853
852 885
852 886
852 887
853 854
853 886
853 887
853 888
854 855
854 887
854 888
854 889
855 888
855 889
855 890
856 890
856 891
857 858
857 893
857 894
857 895
858 859
858 894
858 895
858 896
859 860
859 895
859 896
859 897
860 861
860 896
860 897
861 862
861 897
862 863
862 898
863 864
863 898
863 899
864 865
864 898
864 899
864 900
865 866
865 899
865 900
865 901
866 867
866 900
866 901
866 902
867 901
867 902
867 903
868 869
868 903
868 904
869 870
869 904
869 905
870 871
870 905
870 906
871 905
871 906
872 873
872 907
873 874
873 907
873 908
874 875
874 908
874 909
875 908
875 909
876 877
876 910
876 911
877 878
877 910
877 911
878 879
878 911
878 912
879 880
879 912
879 913
880 881
880 912
880 913
881 882
881 913
881 914
882 883
882 914
882 915
883 884
883 914
883 915
883 916
884 885
884 915
884 916
884 917
885 886
885 916
885 917
885 918
886 887
886 917
886 918
886 919
887 888
887 918
887 919
888 889
888 919
889 890
890 891
890 920
891 920
892 893
892 921
892 922
893 894
893 921
893 922
893 923
894 895
894 922
894 923
895 896
895 923
895 924
896 897
896 924
896 925
897 924
897 925
898 899
898 926
898 927
898 928
899 900
899 927
899 928
899 929
900 901
900 928
900 929
900 930
901 902
901 929
901 930
901 931
902 903
902 930
902 931
902 932
903 904
903 931
903 932
903 933
904 932
904 933
904 934
905 906
905 934
905 935
905 936
906 935
906 936
906 937
907 937
907 938
907 939
908 909
908 939
908 940
908 941
909 940
909 941
909 942
910 911
910 942
910 943
910 944
911 943
911 944
912 913
912 945
912 946
913 945
913 946
913 947
914 915
914 947
914 948
914 949
915 916
915 948
915 949
915 950
916 917
916 949
916 950
916 951
917 918
917 950
917 951
917 952
918 919
918 951
918 952
918 953
919 952
919 953
919 954
920 956
920 957
921 922
921 958
921 959
922 923
922 958
922 959
922 960
923 959
923 960
924 925
924 961
924 962
925 961
925 962
925 963
926 927
926 963
926 964
926 965
927 928
927 964
927 965
927 966
928 929
928 965
928 966
929 930
929 966
929 967
930 931
930 967
931 932
931 967
932 933
932 968
933 934
933 968
933 969
934 935
934 968
934 969
934 970
935 936
935 969
935 970
936 937
936 970
937 938
937 971
938 939
938 971
939 940
939 971
939 972
940 941
940 972
941 942
941 972
941 973
942 943
942 973
943 944
943 973
943 974
944 974
944 975
945 946
945 975
945 976
945 977
946 947
946 976
946 977
946 978
947 948
947 977
947 978
948 949
948 978
949 950
950 951
950 979
951 952
951 979
951 980
952 953
952 979
952 980
953 954
953 980
953 981
954 955
954 981
954 982
955 956
955 981
955 982
955 983
956 957
956 982
956 983
956 984
957 983
957 984
958 959
958 985
958 986
959 960
959 985
959 986
959 987
960 986
960 987
960 988
961 962
961 988
961 989
961 990
962 963
962 989
962 990
962 991
963 964
963 990
963 991
963 992
964 965
964 991
964 992
964 993
965 966
965 992
965 993
965 994
966 993
966 994
966 995
967 995
967 996
968 969
968 997
968 998
968 999
969 970
969 998
969 999
969 1000
970 999
970 1000
970 1001
971 1002
971 1003
971 1004
972 1004
972 1005
972 1006
973 1006
973 1007
974 975
974 1008
974 1009
975 976
975 1008
975 1009
975 1010
976 977
976 1009
976 1010
976 1011
977 978
977 1010
977 1011
977 1012
978 1011
978 1012
978 1013
979 980
979 1015
979 1016
979 1017
980 1016
980 1017
980 1018
981 982
981 1018
981 1019
981 1020
982 983
982 1019
982 1020
982 1021
983 984
983 1020
983 1021
983 1022
984 1021
984 1022
985 986
985 1023
986 987
986 1023
986 1024
987 988
987 1023
987 1024
988 989
988 1024
988 1025
989 990
989 1025
990 991
990 1025
991 992
991 1026
992 993
992 1026
992 1027
993 994
993 1026
993 1027
993 1028
994 995
994 1027
994 1028
995 1028
995 1029
996 997
996 1029
997 998
997 1030
998 999
998 1030
998 1031
999 1000
999 1030
999 1031
999 1032
1000 1001
1000 1031
1000 1032
1000 1033
1001 1002
1001 1032
1001 1033
1001 1034
1002 1003
1002 1033
1002 1034
1003 1004
1003 1034
1003 1035
1004 1005
1004 1035
1005 1006
1005 1035
1005 1036
1006 1007
1006 1036
1006 1037
1007 1036
1007 1037
1007 1038
1008 1009
1008 1038
1008 1039
1008 1040
1009 1010
1009 1039
1009 1040
1009 1041
1010 1011
1010 1040
1010 1041
1010 1042
1011 1012
1011 1041
1011 1042
1011 1043
1012 1013
1012 1042
1012 1043
1013 1014
1013 1043
1013 1044
1014 1015
1014 1044
1014 1045
1015 1016
1015 1044
1015 1045
1015 1046
1016 1017
1016 1045
1016 1046
1016 1047
1017 1018
1017 1046
1017 1047
1017 1048
1018 1019
1018 1047
1018 1048
1019 1020
1019 1048
1019 1049
1020 1021
1020 1049
1020 1050
1021 1022
1021 1049
1021 1050
1021 1051
1022 1050
1022 1051
1023 1024
1023 1052
1023 1053
1023 1054
1024 1053
1024 1054
1025 1055
1025 1056
1026 1027
1026 1057
1026 1058
1027 1028
1027 1058
1027 1059
1028 1059
1029 1060
1029 1061
1030 1031
1030 1062
1030 1063
1030 1064
1031 1032
1031 1063
1031 1064
1031 1065
1032 1033
1032 1064
1032 1065
1032 1066
1033 1034
1033 1065
1033 1066
1033 1067
1034 1066
1034 1067
1034 1068
1035 1068
1035 1069
1035 1070
1036 1037
1036 1070
1036 1071
1036 1072
1037 1038
1037 1071
1037 1072
1038 1039
1038 1072
1038 1073
1039 1040
1039 1073
1039 1074
1040 1041
1040 1073
1040 1074
1040 1075
1041 1042
1041 1074
1041 1075
1041 1076
1042 1043
1042 1075
1042 1076
1042 1077
1043 1076
1043 1077
1043 1078
1044 1045
1044 1078
1044 1079
1045 1046
1045 1079
1045 1080
1046 1047
1046 1079
1046 1080
1046 1081
1047 1048
1047 1080
1047 1081
1047 1082
1048 1081
1048 1082
1048 1083
1049 1050
1049 1083
1049 1084
1049 1085
1050 1051
1050 1084
1050 1085
1050 1086
1051 1085
1051 1086
1052 1053
1052 1087
1053 1054
1053 1087
1053 1088
1054 1088
1054 1089
1055 1056
1055 1089
1055 1090
1055 1091
1056 1057
1056 1090
1056 1091
1056 1092
1057 1058
1057 1091
1057 1092
1057 1093
1058 1092
1058 1093
1058 1094
1059 1094
1060 1061
1060 1095
1060 1096
1061 1062
1061 1095
1061 1096
1061 1097
1062 1063
1062 1096
1062 1097
1062 1098
1063 1064
1063 1097
1063 1098
1063 1099
1064 1065
1064 1098
1064 1099
1065 1066
1065 1099
1065 1100
1066 1067
1066 1100
1066 1101
1067 1068
1067 1100
1067 1101
1067 1102
1068 1069
1068 1101
1068 1102
1068 1103
1069 1070
1069 1102
1069 1103
1069 1104
1070 1071
1070 1103
1070 1104
1070 1105
1071 1072
1071 1104
1071 1105
1071 1106
1072 1105
1072 1106
1072 1107
1073 1074
1073 1107
1073 1108
1074 1075
1074 1108
1075 1076
1075 1108
1075 1109
1076 1077
1076 1109
1076 1110
1077 1078
1077 1109
1077 1110
1078 1110
1078 1111
1079 1080
1079 1111
1079 1112
1080 1081
1080 1112
1080 1113
1081 1082
1081 1113
1081 1114
1082 1083
1082 1113
1082 1114
1082 1115
1083 1084
1083 1114
1083 1115
1083 1116
1084 1085
1084 1115
1084 1116
1084 1117
1085 1086
1085 1116
1085 1117
1085 1118
1086 1117
1086 1118
1087 1119
1087 1120
1088 1089
1088 1120
1089 1090
1090 1091
1090 1121
1091 1092
1091 1121
1091 1122
1092 1093
1092 1121
1092 1122
1092 1123
1093 1094
1093 1122
1093 1123
1093 1124
1094 1123
1094 1124
1094 1125
1095 1096
1095 1126
1095 1127
1095 1128
1096 1097
1096 1127
1096 1128
1096 1129
1097 1098
1097 1128
1097 1129
1097 1130
1098 1099
1098 1129
1098 1130
1098 1131
1099 1130
1099 1131
1099 1132
1100 1101
1100 1132
1100 1133
1100 1134
1101 1102
1101 1133
1101 1134
1101 1135
1102 1103
1102 1134
1102 1135
1102 1136
1103 1104
1103 1135
1103 1136
1103 1137
1104 1105
1104 1136
1104 1137
1104 1138
1105 1106
1105 1137
1105 1138
1105 1139
1106 1107
1106 1138
1106 1139
1106 1140
1107 1139
1107 1140
1108 1141
1108 1142
1109 1110
1109 1142
1109 1143
1110 1143
1110 1144
1111 1112
1111 1144
1111 1145
1111 1146
1112 1145
1112 1146
1112 1147
1113 1114
1113 1147
1113 1148
1113 1149
1114 1115
1114 1148
1114 1149
1114 1150
1115 1116
1115 1149
1115 1150
1116 1117
1116 1150
1116 1151
1117 1118
1117 1151
1118 1151
1119 1120
1119 1152
1120 1152
1121 1122
1122 1123
1123 1124
1123 1154
1124 1125
1124 1154
1124 1155
1125 1126
1125 1154
1125 1155
1125 1156
1126 1127
1126 1155
1126 1156
1126 1157
1127 1128
1127 1156
1127 1157
1127 1158
1128 1129
1128 1157
1128 1158
1128 1159
1129 1130
1129 1158
1129 1159
1129 1160
1130 1131
1130 1159
1130 1160
1130 1161
1131 1132
1131 1160
1131 1161
1131 1162
1132 1133
1132 1161
1132 1162
1132 1163
1133 1134
1133 1162
1133 1163
1133 1164
1134 1135
1134 1163
1134 1164
1134 1165
1135 1136
1135 1164
1135 1165
1135 1166
1136 1137
1136 1165
1136 1166
1137 1138
1137 1166
1137 1167
1138 1139
1138 1167
1139 1140
1139 1167
1139 1168
1140 1168
1140 1169
1141 1142
1141 1169
1141 1170
1141 1171
1142 1143
1142 1170
1142 1171
1143 1171
1143 1172
1144 1145
1144 1172
1144 1173
1145 1146
1145 1173
1145 1174
1146 1147
1146 1173
1146 1174
1146 1175
1147 1148
1147 1174
1147 1175
1147 1176
1148 1149
1148 1175
1148 1176
1148 1177
1149 1150
1149 1176
1149 1177
1150 1177
1150 1178
1151 1178
1151 1179
1151 1180
1152 1181
1152 1182
1152 1183
1153 1183
1153 1184
1153 1185
1154 1155
1154 1188
1154 1189
1154 1190
1155 1156
1155 1189
1155 1190
1156 1157
1156 1190
1156 1191
1157 1158
1157 1191
1158 1159
1158 1191
1158 1192
1159 1160
1159 1192
1159 1193
1160 1161
1160 1192
1160 1193
1160 1194
1161 1162
1161 1193
1161 1194
1161 1195
1162 1163
1162 1194
1162 1195
1162 1196
1163 1164
1163 1195
1163 1196
1163 1197
1164 1165
1164 1196
1164 1197
1164 1198
1165 1166
1165 1197
1165 1198
1165 1199
1166 1198
1166 1199
1167 1200
1167 1201
1168 1169
1168 1201
1168 1202
1168 1203
1169 1170
1169 1202
1169 1203
1170 1171
1170 1203
1170 1204
1171 1204
1171 1205
1172 1205
1172 1206
1172 1207
1173 1174
1173 1207
1173 1208
1173 1209
1174 1175
1174 1208
1174 1209
1174 1210
1175 1176
1175 1209
1175 1210
1175 1211
1176 1177
1176 1210
1176 1211
1176 1212
1177 1211
1177 1212
1177 1213
1178 1179
1178 1213
1178 1214
1178 1215
1179 1180
1179 1214
1179 1215
1179 1216
1180 1215
1180 1216
1181 1182
1181 1217
1181 1218
1182 1183
1182 1217
1182 1218
1183 1184
1183 1218
1183 1219
1184 1185
1184 1219
1184 1220
1185 1186
1185 1219
1185 1220
1185 1221
1186 1187
1186 1220
1186 1221
1186 1222
1187 1188
1187 1221
1187 1222
1187 1223
1188 1189
1188 1222
1188 1223
1189 1190
1189 1223
1189 1224
1190 1224
1190 1225
1191 1225
1191 1226
1192 1193
1192 1226
1192 1227
1192 1228
1193 1194
1193 1227
1193 1228
1193 1229
1194 1195
1194 1228
1194 1229
1194 1230
1195 1196
1195 1229
1195 1230
1195 1231
1196 1197
1196 1230
1196 1231
1196 1232
1197 1198
1197 1231
1197 1232
1197 1233
1198 1199
1198 1232
1198 1233
1199 1233
1199 1234
1200 1201
1200 1234
1200 1235
1200 1236
1201 1202
1201 1235
1201 1236
1201 1237
1202 1203
1202 1236
1202 1237
1202 1238
1203 1237
1203 1238
1203 1239
1204 1205
1204 1239
1204 1240
1204 1241
1205 1206
1205 1240
1205 1241
1205 1242
1206 1207
1206 1241
1206 1242
1206 1243
1207 1208
1207 1242
1207 1243
1207 1244
1208 1209
1208 1243
1208 1244
1209 1210
1209 1244
1209 1245
1210 1211
1210 1245
1210 1246
1211 1212
1211 1245
1211 1246
1211 1247
1212 1213
1212 1246
1212 1247
1212 1248
1213 1214
1213 1247
1213 1248
1213 1249
1214 1215
1214 1248
1214 1249
1215 1216
1215 1249
1217 1218
1217 1250
1217 1251
1218 1250
1218 1251
1218 1252
1219 1220
1219 1252
1219 1253
1220 1221
1220 1253
1220 1254
1221 1222
1221 1253
1221 1254
1221 1255
1222 1223
1222 1254
1222 1255
1222 1256
1223 1255
1223 1256
1224 1225
1224 1257
1225 1257
1226 1227
1227 1228
1227 1258
1228 1229
1228 1258
1228 1259
1229 1230
1229 1258
1229 1259
1229 1260
1230 1231
1230 1259
1230 1260
1230 1261
1231 1232
1231 1260
1231 1261
1231 1262
1232 1233
1232 1261
1232 1262
1232 1263
1233 1262
1233 1263
1233 1264
1234 1235
1234 1264
1234 1265
1234 1266
1235 1236
1235 1265
1235 1266
1236 1237
1236 1266
1236 1267
1237 1238
1237 1267
1237 1268
1238 1239
1238 1267
1238 1268
1238 1269
1239 1240
1239 1268
1239 1269
1239 1270
1240 1241
1240 1269
1240 1270
1241 1242
1241 1270
1241 1271
1242 1243
1242 1271
1243 1244
1243 1271
1244 1272
1245 1246
1245 1272
1245 1273
1245 1274
1246 1247
1246 1273
1246 1274
1246 1275
1247 1248
1247 1274
1247 1275
1247 1276
1248 1249
1248 1275
1248 1276
1248 1277
1249 1276
1249 1277
1249 1278
1250 1251
1251 1252
1253 1254
1254 1255
1255 1256
1258 1259
1259 1260
1260 1261
1261 1262
1262 1263
1263 1264
1264 1265
1265 1266
1267 1268
1268 1269
1269 1270
1272 1273
1273 1274
1274 1275
1275 1276
1276 1277
1277 1278
1278 1279
