# FromNodeId	ToNodeId
0 29
0 30
1 2
1 30
1 31
1 32
2 3
2 31
2 32
2 33
3 32
3 33
3 34
4 5
4 34
5 6
5 35
6 35
6 36
7 8
7 36
7 37
7 38
8 9
8 37
8 38
8 39
9 38
9 39
10 11
10 40
10 41
11 12
11 40
11 41
11 42
12 13
12 41
12 42
13 14
13 42
13 43
14 15
14 43
14 44
15 16
15 43
15 44
15 45
16 17
16 44
16 45
16 46
17 18
17 45
17 46
17 47
18 19
18 46
18 47
18 48
19 20
19 47
19 48
19 49
20 21
20 48
20 49
20 50
21 22
21 49
21 50
22 50
22 51
23 24
23 51
23 52
23 53
24 52
24 53
24 54
25 26
25 54
25 55
26 27
26 55
27 28
27 55
27 56
28 56
29 30
29 57
29 58
30 31
30 57
30 58
31 32
31 58
31 59
32 33
32 59
33 34
33 59
33 60
34 60
34 61
35 36
35 62
35 63
35 64
36 37
36 63
36 64
37 38
37 64
37 65
38 39
38 65
38 66
39 65
39 66
39 67
40 41
40 67
40 68
41 42
41 68
41 69
42 68
42 69
43 44
43 70
43 71
44 45
44 70
44 71
44 72
45 46
45 71
45 72
45 73
46 47
46 72
46 73
47 48
47 73
48 49
48 74
49 50
49 74
49 75
50 74
50 75
50 76
51 52
51 76
51 77
52 53
52 77
52 78
53 54
53 77
53 78
53 79
54 78
54 79
54 80
55 80
55 81
55 82
56 82
56 83
57 58
57 84
58 84
58 85
59 85
59 86
59 87
60 61
60 87
60 88
60 89
61 62
61 88
61 89
61 90
62 63
62 89
62 90
62 91
63 64
63 90
63 91
63 92
64 91
64 92
64 93
65 66
65 93
65 94
66 67
66 94
66 95
67 95
67 96
68 69
68 96
68 97
68 98
69 97
69 98
69 99
70 71
70 99
70 100
70 101
71 72
71 100
71 101
71 102
72 73
72 101
72 102
72 103
73 102
73 103
73 104
74 75
74 105
74 106
75 76
75 106
75 107
76 107
76 108
77 78
77 108
77 109
77 110
78 79
78 109
78 110
78 111
79 80
79 110
79 111
79 112
80 81
80 111
80 112
81 82
81 112
81 113
82 83
82 113
82 114
83 113
83 114
84 85
84 115
84 116
85 86
85 116
85 117
86 87
86 116
86 117
87 88
87 117
88 89
89 90
89 118
90 91
90 118
90 119
91 92
91 118
91 119
91 120
92 93
92 119
92 120
93 94
93 120
93 121
94 121
94 122
95 96
95 122
95 123
96 97
96 123
97 98
97 124
98 99
98 124
98 125
99 100
99 124
99 125
99 126
100 101
100 125
100 126
101 102
101 126
102 103
102 127
103 104
103 127
103 128
104 105
104 127
104 128
104 129
105 106
105 128
105 129
105 130
106 129
106 130
107 108
107 131
108 109
108 131
108 132
109 110
109 131
109 132
109 133
110 111
110 132
110 133
111 112
111 133
112 134
113 114
113 134
115 135
116 117
116 136
116 137
117 136
117 137
117 138
118 119
118 140
118 141
119 120
119 140
119 141
119 142
120 141
120 142
120 143
121 122
121 143
121 144
121 145
122 123
122 144
122 145
123 145
123 146
124 125
124 147
124 148
124 149
125 126
125 148
125 149
125 150
126 149
126 150
127 128
127 151
127 152
128 129
128 152
129 130
129 152
129 153
130 153
131 132
131 154
131 155
131 156
132 133
132 155
132 156
132 157
133 156
133 157
133 158
134 159
134 160
134 161
135 162
135 163
136 137
136 163
136 164
137 138
137 164
137 165
138 139
138 165
138 166
139 165
139 166
139 167
140 141
140 167
140 168
141 142
141 168
141 169
142 143
142 169
142 170
143 144
143 169
143 170
143 171
144 145
144 170
144 171
145 171
146 147
146 172
146 173
147 148
147 172
147 173
147 174
148 149
148 173
148 174
148 175
149 150
149 174
149 175
149 176
150 175
150 176
150 177
151 177
151 178
152 178
152 179
153 179
153 180
154 155
154 181
154 182
155 156
155 181
155 182
155 183
156 157
156 182
156 183
157 158
157 183
157 184
158 159
158 184
158 185
159 160
159 184
159 185
159 186
160 161
160 185
160 186
160 187
161 186
161 187
161 188
162 163
162 189
163 164
163 189
163 190
164 189
164 190
164 191
165 166
165 191
165 192
166 167
166 192
166 193
167 168
167 193
167 194
168 193
168 194
168 195
169 170
169 195
169 196
169 197
170 171
170 196
170 197
170 198
171 197
171 198
171 199
172 173
172 200
172 201
172 202
173 174
173 201
173 202
173 203
174 175
174 202
174 203
174 204
175 176
175 203
175 204
175 205
176 177
176 204
176 205
176 206
177 205
177 206
177 207
178 207
178 208
178 209
179 180
179 209
179 210
179 211
180 210
180 211
180 212
181 182
181 212
181 213
181 214
182 183
182 213
182 214
182 215
183 214
183 215
183 216
184 185
184 216
184 217
184 218
185 186
185 217
185 218
185 219
186 187
186 218
186 219
186 220
187 188
187 219
187 220
187 221
188 220
188 221
189 190
189 222
189 223
189 224
190 191
190 223
190 224
191 192
191 224
192 225
193 194
193 225
193 226
193 227
194 195
194 226
194 227
194 228
195 196
195 227
195 228
195 229
196 197
196 228
196 229
196 230
197 198
197 229
197 230
197 231
198 199
198 230
198 231
198 232
199 200
199 231
199 232
200 201
200 232
200 233
201 202
201 233
201 234
202 203
202 233
202 234
202 235
203 204
203 234
203 235
203 236
204 205
204 235
204 236
204 237
205 206
205 236
205 237
205 238
206 207
206 237
206 238
206 239
207 208
207 238
207 239
207 240
208 209
208 239
208 240
208 241
209 210
209 240
209 241
209 242
210 211
210 241
210 242
210 243
211 212
211 242
211 243
212 213
212 243
212 244
213 214
213 244
213 245
214 215
214 244
214 245
214 246
215 216
215 245
215 246
215 247
216 217
216 246
216 247
217 218
217 247
217 248
218 219
218 248
218 249
219 220
219 248
219 249
220 221
220 249
220 250
221 250
222 223
222 251
222 252
223 224
223 251
223 252
223 253
224 252
224 253
224 254
225 226
225 255
225 256
225 257
226 227
226 256
226 257
226 258
227 228
227 257
227 258
227 259
228 229
228 258
228 259
228 260
229 230
229 259
229 260
229 261
230 231
230 260
230 261
231 232
231 261
231 262
232 262
232 263
233 234
233 263
233 264
234 235
234 264
234 265
235 236
235 264
235 265
235 266
236 237
236 265
236 266
236 267
237 238
237 266
237 267
237 268
238 239
238 267
238 268
238 269
239 240
239 268
239 269
239 270
240 241
240 269
240 270
240 271
241 242
241 270
241 271
241 272
242 243
242 271
242 272
242 273
243 272
243 273
244 245
244 274
244 275
245 246
245 274
245 275
245 276
246 247
246 275
246 276
246 277
247 276
247 277
247 278
248 249
248 278
248 279
248 280
249 279
249 280
250 281
251 252
252 253
252 282
253 254
253 282
254 255
254 282
254 283
255 256
255 283
255 284
256 257
256 283
256 284
257 258
257 284
257 285
258 259
258 285
258 286
259 260
259 285
259 286
259 287
260 261
260 286
260 287
260 288
261 287
261 288
262 263
262 289
262 290
263 289
263 290
263 291
264 265
264 291
264 292
264 293
265 266
265 292
265 293
265 294
266 267
266 293
266 294
266 295
267 268
267 294
267 295
267 296
268 269
268 295
268 296
268 297
269 270
269 296
269 297
269 298
270 271
270 297
270 298
270 299
271 272
271 298
271 299
271 300
272 273
272 299
272 300
273 300
273 301
274 275
274 301
274 302
275 276
275 302
275 303
276 277
276 303
276 304
277 278
277 303
277 304
277 305
278 279
278 304
278 305
279 280
279 305
279 306
280 306
280 307
281 307
282 309
282 310
282 311
283 284
283 311
283 312
283 313
284 312
284 313
284 314
285 286
285 314
285 315
285 316
286 287
286 315
286 316
287 288
287 316
287 317
288 317
288 318
289 290
289 318
289 319
289 320
290 291
290 319
290 320
290 321
291 292
291 320
291 321
292 293
292 321
292 322
293 294
293 322
293 323
294 295
294 322
294 323
294 324
295 296
295 323
295 324
295 325
296 297
296 324
296 325
296 326
297 298
297 325
297 326
297 327
298 299
298 326
298 327
298 328
299 300
299 327
299 328
299 329
300 328
300 329
300 330
301 302
301 330
301 331
301 332
302 331
302 332
302 333
303 304
303 333
303 334
304 305
304 334
304 335
305 334
305 335
305 336
306 307
306 336
306 337
306 338
307 337
307 338
307 339
308 309
308 340
308 341
309 310
309 340
309 341
310 311
310 341
310 342
311 312
311 342
311 343
312 313
312 342
312 343
312 344
313 314
313 343
313 344
313 345
314 315
314 344
314 345
314 346
315 316
315 345
315 346
315 347
316 346
316 347
316 348
317 318
317 348
317 349
317 350
318 319
318 349
318 350
318 351
319 320
319 350
319 351
319 352
320 321
320 351
320 352
321 352
321 353
322 323
322 353
322 354
322 355
323 324
323 354
323 355
323 356
324 325
324 355
324 356
324 357
325 326
325 356
325 357
325 358
326 327
326 357
326 358
326 359
327 328
327 358
327 359
328 329
328 359
329 330
329 360
330 331
330 360
330 361
331 332
331 360
331 361
332 333
332 361
332 362
333 362
333 363
334 335
334 363
334 364
334 365
335 336
335 364
335 365
335 366
336 337
336 365
336 366
337 338
337 366
337 367
338 339
338 367
338 368
339 367
339 368
340 341
340 369
340 370
341 369
341 370
341 371
342 343
342 371
342 372
342 373
343 344
343 372
343 373
343 374
344 345
344 373
344 374
344 375
345 346
345 374
345 375
346 347
346 375
347 348
347 376
348 349
348 376
348 377
349 350
349 376
349 377
349 378
350 351
350 377
350 378
350 379
351 352
351 378
351 379
351 380
352 379
352 380
353 354
353 381
354 355
354 381
354 382
355 356
355 382
355 383
356 357
356 382
356 383
356 384
357 358
357 383
357 384
358 359
358 384
358 385
359 385
359 386
360 361
360 387
360 388
360 389
361 388
361 389
361 390
362 363
362 390
362 391
362 392
363 364
363 391
363 392
363 393
364 365
364 392
364 393
364 394
365 366
365 393
365 394
366 394
366 395
367 368
367 395
367 396
367 397
368 396
368 397
369 370
369 398
369 399
370 371
370 398
370 399
370 400
371 372
371 399
371 400
372 373
372 400
372 401
373 374
373 401
373 402
374 375
374 401
374 402
374 403
375 402
375 403
375 404
376 377
376 405
376 406
376 407
377 378
377 406
377 407
377 408
378 379
378 407
378 408
378 409
379 380
379 408
379 409
379 410
380 409
380 410
380 411
381 411
381 412
382 383
382 413
382 414
383 384
383 413
383 414
383 415
384 414
384 415
384 416
385 386
385 416
385 417
386 387
386 417
386 418
387 388
387 417
387 418
387 419
388 389
388 418
388 419
388 420
389 390
389 419
389 420
389 421
390 391
390 420
390 421
390 422
391 392
391 421
391 422
392 393
392 422
392 423
393 394
393 423
394 423
394 424
395 396
395 424
395 425
396 397
396 425
396 426
397 425
397 426
398 399
398 427
398 428
399 400
399 427
399 428
399 429
400 428
400 429
400 430
401 402
401 430
401 431
401 432
402 403
402 431
402 432
403 404
403 432
403 433
404 405
404 433
405 406
405 433
406 407
406 434
407 408
407 434
407 435
408 409
408 434
408 435
408 436
409 410
409 435
409 436
409 437
410 411
410 436
410 437
410 438
411 412
411 437
411 438
411 439
412 438
412 439
412 440
413 414
413 440
413 441
413 442
414 415
414 441
414 442
414 443
415 416
415 442
415 443
415 444
416 443
416 444
416 445
417 418
417 445
417 446
417 447
418 419
418 446
418 447
418 448
419 420
419 447
419 448
419 449
420 421
420 448
420 449
421 422
421 449
421 450
422 450
422 451
423 451
423 452
423 453
424 453
424 454
424 455
425 426
425 455
425 456
426 456
427 428
427 457
428 429
428 457
429 430
429 457
429 458
430 431
430 458
430 459
431 432
431 458
431 459
432 459
432 460
433 460
433 461
433 462
434 435
434 463
434 464
435 436
435 464
435 465
436 437
436 464
436 465
436 466
437 438
437 465
437 466
437 467
438 439
438 466
438 467
438 468
439 440
439 467
439 468
439 469
440 441
440 468
440 469
440 470
441 442
441 469
441 470
441 471
442 443
442 470
442 471
442 472
443 444
443 471
443 472
443 473
444 445
444 472
444 473
444 474
445 446
445 473
445 474
445 475
446 447
446 474
446 475
446 476
447 448
447 475
447 476
447 477
448 449
448 476
448 477
448 478
449 477
449 478
449 479
450 451
450 479
450 480
451 452
451 480
451 481
452 453
452 480
452 481
452 482
453 454
453 481
453 482
453 483
454 455
454 482
454 483
454 484
455 483
455 484
455 485
456 485
456 486
457 487
457 488
458 459
458 489
459 489
459 490
460 461
460 490
460 491
461 462
461 491
461 492
462 463
462 492
462 493
463 492
463 493
463 494
464 465
464 494
464 495
464 496
465 466
465 495
465 496
465 497
466 467
466 496
466 497
467 468
467 497
467 498
468 469
468 498
468 499
469 470
469 498
469 499
470 471
470 499
470 500
471 472
471 500
471 501
472 473
472 500
472 501
472 502
473 474
473 501
473 502
473 503
474 475
474 502
474 503
474 504
475 476
475 503
475 504
475 505
476 477
476 504
476 505
477 478
477 505
477 506
478 479
478 506
478 507
479 506
479 507
480 481
480 508
480 509
481 482
481 508
481 509
481 510
482 483
482 509
482 510
483 484
483 510
483 511
484 485
484 511
485 486
485 511
485 512
486 512
487 488
487 513
488 513
489 490
489 514
489 515
490 491
490 514
490 515
490 516
491 515
491 516
491 517
492 493
492 517
492 518
493 494
493 518
493 519
494 495
494 518
494 519
494 520
495 496
495 519
495 520
495 521
496 497
496 520
496 521
497 521
497 522
498 499
498 522
499 523
500 501
500 523
500 524
500 525
501 502
501 524
501 525
501 526
502 503
502 525
502 526
502 527
503 504
503 526
503 527
503 528
504 505
504 527
504 528
504 529
505 528
505 529
505 530
506 507
506 530
506 531
506 532
507 531
507 532
507 533
508 509
508 533
508 534
508 535
509 510
509 534
509 535
509 536
510 535
510 536
510 537
511 537
511 538
512 539
513 540
513 541
514 515
514 542
514 543
514 544
515 516
515 543
515 544
515 545
516 517
516 544
516 545
516 546
517 545
517 546
517 547
518 519
518 547
518 548
518 549
519 520
519 548
519 549
519 550
520 521
520 549
520 550
520 551
521 550
521 551
522 552
523 524
523 553
523 554
523 555
524 525
524 554
524 555
524 556
525 526
525 555
525 556
526 527
526 556
526 557
527 528
527 557
527 558
528 529
528 557
528 558
528 559
529 530
529 558
529 559
529 560
530 531
530 559
530 560
531 532
531 560
531 561
532 533
532 561
532 562
533 534
533 561
533 562
533 563
534 535
534 562
534 563
534 564
535 536
535 563
535 564
535 565
536 537
536 564
536 565
536 566
537 538
537 565
537 566
537 567
538 566
538 567
538 568
539 568
540 569
540 570
541 542
541 570
541 571
541 572
542 543
542 571
542 572
542 573
543 544
543 572
543 573
543 574
544 545
544 573
544 574
545 546
545 574
545 575
546 547
546 575
546 576
547 548
547 575
547 576
547 577
548 549
548 576
548 577
548 578
549 550
549 577
549 578
550 551
550 578
550 579
551 579
551 580
552 553
552 581
552 582
552 583
553 554
553 582
553 583
553 584
554 555
554 583
554 584
554 585
555 556
555 584
555 585
555 586
556 585
556 586
556 587
557 558
557 587
557 588
557 589
558 559
558 588
558 589
559 560
559 589
559 590
560 590
561 562
561 591
561 592
562 563
562 591
562 592
563 564
563 592
563 593
564 565
564 593
565 566
565 593
566 567
567 568
567 594
568 594
568 595
569 570
569 596
569 597
570 571
570 596
570 597
570 598
571 572
571 597
571 598
571 599
572 573
572 598
572 599
573 574
573 599
573 600
574 600
575 576
575 601
575 602
576 577
576 601
576 602
576 603
577 578
577 602
577 603
577 604
578 603
578 604
578 605
579 580
579 605
579 606
579 607
580 581
580 606
580 607
581 582
581 607
581 608
582 583
582 608
583 584
583 608
583 609
584 585
584 609
584 610
585 586
585 609
585 610
586 587
586 610
587 588
588 589
588 611
589 611
589 612
590 612
590 613
590 614
591 592
591 614
591 615
591 616
592 615
592 616
592 617
593 617
593 618
593 619
594 595
594 621
595 621
596 597
596 622
596 623
597 598
597 622
597 623
597 624
598 599
598 623
598 624
598 625
599 624
599 625
599 626
600 626
600 627
600 628
601 602
601 628
601 629
601 630
602 603
602 629
602 630
603 604
603 630
604 605
605 606
605 631
606 607
606 631
606 632
607 631
607 632
608 633
608 634
609 610
609 634
609 635
610 635
610 636
611 612
611 638
611 639
611 640
612 613
612 639
612 640
612 641
613 614
613 640
613 641
613 642
614 615
614 641
614 642
614 643
615 616
615 642
615 643
615 644
616 617
616 643
616 644
616 645
617 618
617 644
617 645
617 646
618 619
618 645
618 646
619 620
619 646
619 647
620 647
620 648
621 649
621 650
622 623
622 651
622 652
623 624
623 651
623 652
623 653
624 625
624 652
624 653
624 654
625 626
625 653
625 654
626 627
626 654
626 655
627 628
627 655
628 629
628 655
628 656
629 630
629 656
629 657
630 656
630 657
630 658
631 632
631 660
631 661
632 661
632 662
633 634
633 662
633 663
633 664
634 635
634 663
634 664
634 665
635 664
635 665
635 666
636 637
636 666
636 667
637 638
637 667
637 668
638 639
638 668
638 669
639 640
639 668
639 669
639 670
640 641
640 669
640 670
640 671
641 642
641 670
641 671
641 672
642 643
642 671
642 672
643 644
643 672
643 673
644 645
644 673
644 674
645 646
645 673
645 674
645 675
646 674
646 675
646 676
647 648
647 676
648 649
648 677
649 650
649 677
649 678
650 677
650 678
651 652
651 679
651 680
652 653
652 679
652 680
652 681
653 654
653 680
653 681
653 682
654 681
654 682
655 683
656 657
656 683
656 684
657 658
657 684
657 685
658 659
658 685
658 686
659 660
659 685
659 686
659 687
660 686
660 687
660 688
661 662
661 688
661 689
661 690
662 663
662 689
662 690
662 691
663 664
663 690
663 691
663 692
664 665
664 691
664 692
664 693
665 666
665 692
665 693
665 694
666 667
666 693
666 694
667 694
667 695
668 669
668 695
668 696
669 670
669 696
670 671
670 696
670 697
671 672
671 697
672 697
673 674
673 698
673 699
674 675
674 698
674 699
674 700
675 676
675 699
675 700
675 701
676 700
676 701
676 702
677 678
677 703
677 704
677 705
678 704
678 705
679 680
679 706
679 707
680 681
680 706
680 707
680 708
681 682
681 707
681 708
681 709
682 708
682 709
682 710
683 684
683 711
683 712
684 711
684 712
684 713
685 686
685 713
685 714
686 687
686 714
686 715
687 688
687 715
688 689
688 715
688 716
689 690
689 716
689 717
690 691
690 716
690 717
690 718
691 692
691 717
691 718
691 719
692 693
692 718
692 719
693 694
693 719
693 720
694 720
694 721
695 721
695 722
695 723
696 723
696 724
696 725
697 725
697 726
697 727
698 699
698 728
699 700
699 728
699 729
700 701
700 729
700 730
701 702
701 729
701 730
701 731
702 703
702 730
702 731
702 732
703 704
703 731
703 732
703 733
704 705
704 732
704 733
704 734
705 733
705 734
706 707
706 735
706 736
707 708
707 735
707 736
708 709
708 736
708 737
709 710
709 737
709 738
710 737
710 738
710 739
711 712
711 739
711 740
712 713
712 740
712 741
713 714
713 741
713 742
714 741
714 742
714 743
715 743
715 744
715 745
716 717
716 745
717 718
717 746
718 719
718 746
718 747
719 746
719 747
719 748
720 721
720 748
720 749
720 750
721 722
721 749
721 750
721 751
722 723
722 750
722 751
723 724
723 751
724 725
724 752
725 726
725 752
726 727
726 752
726 753
727 753
727 754
728 754
728 755
729 730
729 756
729 757
730 731
730 756
730 757
731 732
731 757
732 733
732 758
733 734
733 758
734 758
735 736
737 738
737 759
738 739
738 759
738 760
739 740
739 759
739 760
739 761
740 760
740 761
740 762
741 742
741 762
741 763
741 764
742 743
742 763
742 764
742 765
743 744
743 764
743 765
743 766
744 745
744 765
744 766
745 766
745 767
746 747
746 768
747 748
747 768
747 769
748 749
748 768
748 769
748 770
749 750
749 769
749 770
750 751
750 770
750 771
751 771
752 772
752 773
753 754
753 774
753 775
754 755
754 774
754 775
754 776
755 775
755 776
755 777
756 757
756 777
757 778
758 779
758 780
758 781
759 760
759 784
759 785
759 786
760 761
760 785
760 786
760 787
761 762
761 786
761 787
761 788
762 763
762 787
762 788
762 789
763 764
763 788
763 789
764 765
764 789
764 790
765 766
765 790
765 791
766 790
766 791
766 792
767 792
767 793
767 794
768 769
768 795
769 770
769 795
769 796
770 796
771 797
771 798
772 773
772 798
772 799
773 799
773 800
774 775
774 800
774 801
774 802
775 776
775 801
775 802
775 803
776 777
776 802
776 803
777 803
778 779
778 804
778 805
779 780
779 805
779 806
780 781
780 806
780 807
781 806
781 807
782 783
782 808
782 809
783 784
783 809
783 810
784 785
784 809
784 810
784 811
785 786
785 810
785 811
785 812
786 787
786 811
786 812
786 813
787 788
787 812
787 813
787 814
788 789
788 813
788 814
788 815
789 814
789 815
789 816
790 791
790 816
790 817
791 792
791 817
792 793
793 794
793 818
794 818
795 819
795 820
796 820
796 821
797 798
797 822
797 823
798 799
798 822
798 823
798 824
799 823
799 824
799 825
800 801
800 825
800 826
800 827
801 802
801 826
801 827
801 828
802 803
802 827
802 828
802 829
803 828
803 829
803 830
804 805
804 831
804 832
804 833
805 832
805 833
805 834
806 807
806 834
806 835
807 835
808 836
808 837
809 810
809 837
809 838
809 839
810 811
810 838
810 839
810 840
811 812
811 839
811 840
812 813
812 840
812 841
813 814
813 841
813 842
814 815
814 841
814 842
814 843
815 816
815 842
815 843
816 817
816 843
817 844
818 846
818 847
819 820
819 847
819 848
819 849
820 821
820 848
820 849
820 850
821 849
821 850
821 851
822 823
822 851
822 852
823 824
823 852
823 853
824 825
824 853
825 826
825 853
825 854
826 827
826 854
826 855
827 828
827 854
827 855
827 856
828 829
828 855
828 856
828 857
829 830
829 856
829 857
829 858
830 831
830 857
830 858
830 859
831 832
831 858
831 859
831 860
832 833
832 859
832 860
832 861
833 834
833 860
833 861
834 861
835 862
836 837
836 863
837 838
837 863
837 864
838 839
838 864
838 865
839 840
839 864
839 865
839 866
840 865
840 866
840 867
841 842
841 867
841 868
841 869
842 843
842 868
842 869
842 870
843 869
843 870
843 871
844 845
844 872
844 873
844 874
845 846
845 873
845 874
845 875
846 874
846 875
846 876
847 848
847 876
847 877
848 849
848 877
848 878
849 850
849 878
849 879
850 851
850 878
850 879
851 852
851 879
851 880
852 880
852 881
853 881
853 882
853 883
854 855
854 883
854 884
854 885
855 856
855 884
855 885
855 886
856 857
856 885
856 886
856 887
857 858
857 886
857 887
857 888
858 859
858 887
858 888
858 889
859 860
859 888
859 889
859 890
860 861
860 889
860 890
860 891
861 890
861 891
861 892
862 893
862 894
863 895
864 865
864 895
864 896
864 897
865 866
865 896
865 897
866 867
866 897
866 898
867 868
867 898
867 899
868 869
868 898
868 899
869 870
869 899
870 871
871 872
871 900
872 873
872 900
872 901
873 874
873 900
873 901
873 902
874 875
874 901
874 902
874 903
875 876
875 902
875 903
875 904
876 877
876 903
876 904
876 905
877 904
877 905
877 906
878 879
878 906
878 907
878 908
879 907
879 908
879 909
880 881
880 909
880 910
881 882
881 910
882 883
882 911
883 884
883 911
883 912
884 885
884 911
884 912
885 886
885 912
886 887
886 913
887 888
887 913
887 914
888 889
888 913
888 914
888 915
889 890
889 914
889 915
889 916
890 891
890 915
890 916
890 917
891 892
891 916
891 917
891 918
892 893
892 917
892 918
892 919
893 894
893 918
893 919
893 920
894 919
894 920
895 896
895 921
895 922
896 897
896 922
896 923
897 922
897 923
898 899
898 924
899 924
900 901
900 926
900 927
900 928
901 902
901 927
901 928
901 929
902 903
902 928
902 929
902 930
903 904
903 929
903 930
904 905
904 930
904 931
905 906
905 931
905 932
906 907
906 931
906 932
906 933
907 908
907 932
907 933
908 909
908 933
908 934
909 910
909 934
909 935
910 934
910 935
910 936
911 912
911 937
911 938
911 939
912 938
912 939
912 940
913 914
913 941
913 942
913 943
914 915
914 942
914 943
914 944
915 916
915 943
915 944
915 945
916 917
916 944
916 945
917 918
917 945
917 946
918 919
918 946
918 947
919 920
919 946
919 947
919 948
920 947
920 948
921 949
921 950
922 923
922 950
922 951
922 952
923 951
923 952
923 953
924 954
924 955
925 926
925 956
925 957
926 927
926 956
926 957
926 958
927 928
927 957
927 958
927 959
928 929
928 958
928 959
928 960
929 930
929 959
929 960
929 961
930 960
930 961
931 932
931 962
931 963
932 933
932 962
932 963
932 964
933 963
933 964
933 965
934 935
934 965
934 966
934 967
935 936
935 966
935 967
935 968
936 937
936 967
936 968
936 969
937 938
937 968
937 969
937 970
938 939
938 969
938 970
938 971
939 940
939 970
939 971
939 972
940 941
940 971
940 972
940 973
941 942
941 972
941 973
941 974
942 943
942 973
942 974
942 975
943 944
943 974
943 975
943 976
944 945
944 975
944 976
944 977
945 976
945 977
945 978
946 947
946 978
946 979
947 948
947 979
948 979
949 950
950 951
951 952
952 953
953 954
954 955
956 957
957 958
958 959
959 960
960 961
962 963
963 964
964 965
965 966
966 967
967 968
968 969
969 970
970 971
971 972
972 973
973 974
974 975
975 976
976 977
977 978
