# FromNodeId	ToNodeId
0 1
0 31
0 32
1 2
1 31
1 32
1 33
2 32
2 33
2 34
3 34
3 35
3 36
4 5
4 36
4 37
4 38
5 6
5 37
5 38
5 39
6 7
6 38
6 39
6 40
7 8
7 39
7 40
7 41
8 9
8 40
8 41
8 42
9 41
9 42
10 11
10 43
10 44
11 12
11 43
11 44
11 45
12 44
12 45
12 46
13 14
13 47
13 48
14 48
15 16
15 49
15 50
16 49
16 50
17 18
17 51
17 52
18 19
18 51
18 52
18 53
19 52
19 53
19 54
20 21
20 54
20 55
20 56
21 55
21 56
21 57
22 23
22 57
22 58
22 59
23 24
23 58
23 59
23 60
24 25
24 59
24 60
24 61
25 26
25 60
25 61
25 62
26 27
26 61
26 62
26 63
27 28
27 62
27 63
27 64
28 29
28 63
28 64
28 65
29 30
29 64
29 65
30 65
31 32
31 66
31 67
32 33
32 66
32 67
32 68
33 34
33 67
33 68
33 69
34 35
34 68
34 69
34 70
35 36
35 69
35 70
35 71
36 37
36 70
36 71
36 72
37 38
37 71
37 72
37 73
38 39
38 72
38 73
38 74
39 40
39 73
39 74
39 75
40 41
40 74
40 75
40 76
41 42
41 75
41 76
41 77
42 76
42 77
42 78
43 44
43 78
43 79
44 45
44 79
44 80
45 46
45 80
45 81
46 47
46 80
46 81
46 82
47 48
47 81
47 82
47 83
48 82
48 83
48 84
49 50
49 85
49 86
49 87
50 86
50 87
50 88
51 52
51 88
51 89
52 53
52 89
52 90
53 54
53 90
54 55
54 90
54 91
55 56
55 91
56 57
56 91
56 92
57 58
57 92
57 93
58 59
58 92
58 93
58 94
59 60
59 93
59 94
60 61
60 94
60 95
61 62
61 95
61 96
62 63
62 95
62 96
62 97
63 64
63 96
63 97
64 65
64 97
64 98
65 98
65 99
66 67
66 100
67 68
67 100
67 101
68 69
68 101
68 102
69 70
69 101
69 102
69 103
70 71
70 102
70 103
70 104
71 72
71 103
71 104
72 73
72 104
73 74
73 105
74 75
74 105
75 76
75 105
76 77
76 106
77 78
77 106
77 107
78 79
78 106
78 107
78 108
79 107
79 108
79 109
80 81
80 109
80 110
80 111
81 82
81 110
81 111
81 112
82 83
82 111
82 112
82 113
83 84
83 112
83 113
83 114
84 85
84 113
84 114
84 115
85 86
85 114
85 115
85 116
86 87
86 115
86 116
86 117
87 88
87 116
87 117
88 89
88 117
88 118
89 118
90 119
90 120
91 120
91 121
91 122
92 93
92 122
93 94
93 123
94 123
94 124
95 96
95 124
95 125
95 126
96 97
96 125
96 126
96 127
97 126
97 127
97 128
98 99
98 128
98 129
98 130
99 129
99 130
100 131
100 132
101 102
101 132
101 133
102 103
102 133
102 134
103 104
103 133
103 134
103 135
104 134
104 135
104 136
105 137
105 138
106 107
106 139
106 140
106 141
107 108
107 140
107 141
107 142
108 109
108 141
108 142
108 143
109 110
109 142
109 143
109 144
110 111
110 143
110 144
110 145
111 112
111 144
111 145
111 146
112 113
112 145
112 146
112 147
113 114
113 146
113 147
113 148
114 115
114 147
114 148
114 149
115 116
115 148
115 149
115 150
116 117
116 149
116 150
116 151
117 150
117 151
117 152
118 152
118 153
119 120
119 153
119 154
119 155
120 121
120 154
120 155
120 156
121 122
121 155
121 156
121 157
122 156
122 157
122 158
123 124
123 159
123 160
123 161
124 125
124 160
124 161
124 162
125 126
125 161
125 162
126 127
126 162
126 163
127 128
127 163
127 164
128 129
128 163
128 164
128 165
129 130
129 164
129 165
130 165
131 132
131 166
131 167
132 166
132 167
133 134
133 168
133 169
134 135
134 168
134 169
134 170
135 136
135 169
135 170
135 171
136 137
136 170
136 171
136 172
137 171
137 172
138 139
138 173
138 174
139 140
139 173
139 174
139 175
140 141
140 174
140 175
140 176
141 142
141 175
141 176
142 143
142 176
142 177
143 144
143 177
143 178
144 145
144 177
144 178
144 179
145 146
145 178
145 179
145 180
146 147
146 179
146 180
146 181
147 148
147 180
147 181
147 182
148 149
148 181
148 182
148 183
149 150
149 182
149 183
149 184
150 151
150 183
150 184
150 185
151 152
151 184
151 185
152 185
152 186
153 154
153 186
153 187
153 188
154 155
154 187
154 188
154 189
155 156
155 188
155 189
156 157
156 189
156 190
157 158
157 190
157 191
158 159
158 190
158 191
158 192
159 160
159 191
159 192
159 193
160 161
160 192
160 193
160 194
161 162
161 193
161 194
161 195
162 194
162 195
163 164
163 196
163 197
164 165
164 196
164 197
164 198
165 197
165 198
166 167
166 199
166 200
167 199
167 200
168 169
168 201
168 202
169 170
169 201
169 202
170 171
170 202
170 203
171 172
171 203
172 203
173 174
174 175
174 204
175 176
175 204
175 205
176 204
176 205
176 206
177 178
177 206
177 207
178 179
178 207
178 208
179 180
179 208
179 209
180 181
180 208
180 209
180 210
181 182
181 209
181 210
181 211
182 183
182 210
182 211
182 212
183 184
183 211
183 212
183 213
184 185
184 212
184 213
184 214
185 213
185 214
185 215
186 187
186 215
186 216
187 188
187 216
188 189
188 217
189 217
189 218
190 191
190 218
190 219
190 220
191 192
191 219
191 220
192 193
192 220
192 221
193 194
193 221
193 222
194 195
194 221
194 222
194 223
195 222
195 223
195 224
196 197
196 224
196 225
196 226
197 198
197 225
197 226
197 227
198 226
198 227
198 228
199 200
199 229
199 230
200 229
200 230
200 231
201 202
201 231
201 232
201 233
202 232
202 233
202 234
203 234
203 235
203 236
204 205
204 239
204 240
204 241
205 206
205 240
205 241
206 207
206 241
207 242
208 209
208 242
208 243
208 244
209 210
209 243
209 244
209 245
210 211
210 244
210 245
210 246
211 212
211 245
211 246
211 247
212 213
212 246
212 247
212 248
213 214
213 247
213 248
213 249
214 215
214 248
214 249
215 216
215 249
216 250
217 218
217 251
217 252
218 219
218 252
218 253
219 220
219 253
219 254
220 253
220 254
220 255
221 222
221 255
221 256
221 257
222 223
222 256
222 257
222 258
223 224
223 257
223 258
223 259
224 225
224 258
224 259
224 260
225 226
225 259
225 260
225 261
226 227
226 260
226 261
226 262
227 228
227 261
227 262
227 263
228 262
228 263
229 230
229 264
229 265
230 231
230 264
230 265
231 232
231 265
231 266
232 233
232 266
232 267
233 234
233 266
233 267
234 235
234 267
234 268
235 236
235 268
235 269
236 237
236 268
236 269
236 270
237 238
237 269
237 270
237 271
238 239
238 270
238 271
238 272
239 240
239 271
239 272
239 273
240 241
240 272
240 273
240 274
241 273
241 274
241 275
242 243
242 276
242 277
242 278
243 244
243 277
243 278
243 279
244 245
244 278
244 279
244 280
245 246
245 279
245 280
245 281
246 247
246 280
246 281
246 282
247 248
247 281
247 282
247 283
248 249
248 282
248 283
248 284
249 283
249 284
249 285
250 251
250 286
250 287
250 288
251 252
251 287
251 288
252 288
252 289
253 254
253 289
253 290
253 291
254 255
254 290
254 291
254 292
255 256
255 291
255 292
255 293
256 257
256 292
256 293
256 294
257 258
257 293
257 294
257 295
258 259
258 294
258 295
258 296
259 260
259 295
259 296
259 297
260 261
260 296
260 297
260 298
261 262
261 297
261 298
261 299
262 263
262 298
262 299
262 300
263 299
263 300
264 265
264 301
264 302
265 301
265 302
265 303
266 267
266 303
266 304
267 304
267 305
268 269
268 305
268 306
268 307
269 270
269 306
269 307
269 308
270 271
270 307
270 308
271 272
271 308
271 309
272 273
272 309
272 310
273 274
273 309
273 310
273 311
274 275
274 310
274 311
275 276
275 311
275 312
276 277
276 312
276 313
277 278
277 312
277 313
277 314
278 279
278 313
278 314
278 315
279 280
279 314
279 315
279 316
280 281
280 315
280 316
280 317
281 282
281 316
281 317
282 283
282 317
283 284
284 285
285 286
285 318
286 287
286 318
286 319
287 288
287 318
287 319
287 320
288 319
288 320
288 321
289 290
289 321
289 322
289 323
290 291
290 322
290 323
290 324
291 292
291 323
291 324
291 325
292 293
292 324
292 325
292 326
293 294
293 325
293 326
294 295
294 326
295 296
295 327
296 297
296 327
296 328
297 298
297 327
297 328
297 329
298 299
298 328
298 329
299 300
299 329
299 330
300 330
301 302
301 331
301 332
302 303
302 331
302 332
302 333
303 304
303 332
303 333
303 334
304 333
304 334
305 306
305 335
305 336
306 307
306 335
306 336
306 337
307 308
307 336
307 337
307 338
308 337
308 338
308 339
309 310
309 339
309 340
309 341
310 311
310 340
310 341
310 342
311 341
311 342
311 343
312 313
312 343
312 344
313 314
313 344
313 345
314 315
314 345
314 346
315 316
315 345
315 346
315 347
316 317
316 346
316 347
317 347
317 348
318 319
318 350
319 320
319 351
320 321
320 351
321 322
321 351
322 323
323 324
324 325
324 352
325 326
325 352
325 353
326 352
326 353
326 354
327 328
327 355
327 356
328 329
328 356
328 357
329 356
329 357
329 358
330 358
330 359
331 332
331 360
332 333
332 360
332 361
333 334
333 360
333 361
333 362
334 361
334 362
334 363
335 336
335 363
335 364
336 337
336 364
337 338
337 365
338 339
338 365
339 340
339 365
339 366
340 341
340 366
341 342
341 366
342 343
342 367
343 344
343 367
343 368
344 367
344 368
344 369
345 346
345 369
345 370
345 371
346 347
346 370
346 371
346 372
347 371
347 372
348 349
348 373
348 374
349 373
349 374
349 375
350 375
350 376
350 377
351 378
351 379
352 353
352 382
352 383
352 384
353 354
353 383
353 384
353 385
354 355
354 384
354 385
354 386
355 385
355 386
356 357
356 387
357 358
357 387
357 388
358 359
358 387
358 388
358 389
359 388
359 389
360 361
360 390
360 391
360 392
361 362
361 391
361 392
361 393
362 363
362 392
362 393
362 394
363 364
363 393
363 394
363 395
364 394
364 395
364 396
365 397
365 398
366 398
366 399
366 400
367 368
367 401
367 402
367 403
368 369
368 402
368 403
368 404
369 370
369 403
369 404
369 405
370 371
370 404
370 405
370 406
371 372
371 405
371 406
372 406
372 407
373 374
373 407
373 408
373 409
374 375
374 408
374 409
375 376
375 409
375 410
376 377
376 410
376 411
377 378
377 410
377 411
377 412
378 411
378 412
379 380
379 413
380 381
380 413
380 414
381 382
381 414
381 415
382 383
382 414
382 415
382 416
383 384
383 415
383 416
383 417
384 385
384 416
384 417
385 386
385 417
385 418
386 418
386 419
387 388
387 420
387 421
387 422
388 389
388 421
388 422
389 422
390 391
390 423
390 424
391 392
391 423
391 424
392 393
392 424
393 394
393 425
394 395
394 425
395 396
395 425
395 426
396 397
396 426
397 426
397 427
398 399
398 427
398 428
398 429
399 400
399 428
399 429
399 430
400 401
400 429
400 430
400 431
401 402
401 430
401 431
401 432
402 403
402 431
402 432
402 433
403 404
403 432
403 433
404 405
404 433
405 406
405 434
406 434
406 435
407 408
407 435
407 436
407 437
408 409
408 436
408 437
408 438
409 437
409 438
409 439
410 411
410 439
410 440
410 441
411 412
411 440
411 441
412 441
412 442
413 442
413 443
413 444
414 415
414 444
414 445
415 416
415 445
415 446
416 417
416 445
416 446
417 446
417 447
418 419
418 447
418 448
418 449
419 420
419 448
419 449
419 450
420 421
420 449
420 450
421 422
421 450
421 451
422 451
422 452
423 424
423 453
423 454
424 453
424 454
425 455
425 456
425 457
426 457
426 458
426 459
427 428
427 459
427 460
427 461
428 429
428 460
428 461
429 430
429 461
429 462
430 431
430 462
430 463
431 432
431 462
431 463
431 464
432 433
432 463
432 464
432 465
433 464
433 465
433 466
434 435
434 467
434 468
434 469
435 436
435 468
435 469
435 470
436 437
436 469
436 470
436 471
437 438
437 470
437 471
437 472
438 439
438 471
438 472
438 473
439 440
439 472
439 473
440 441
440 473
440 474
441 474
441 475
442 443
442 475
442 476
443 444
443 476
444 477
445 446
445 477
445 478
445 479
446 478
446 479
446 480
447 448
447 480
447 481
447 482
448 449
448 481
448 482
448 483
449 450
449 482
449 483
449 484
450 483
450 484
450 485
451 452
451 485
451 486
451 487
452 486
452 487
453 454
453 488
453 489
454 488
454 489
454 490
455 456
455 490
455 491
455 492
456 457
456 491
456 492
456 493
457 458
457 492
457 493
457 494
458 459
458 493
458 494
459 460
459 494
459 495
460 461
460 495
460 496
461 495
461 496
461 497
462 463
462 497
462 498
462 499
463 464
463 498
463 499
463 500
464 465
464 499
464 500
464 501
465 466
465 500
465 501
465 502
466 467
466 501
466 502
466 503
467 468
467 502
467 503
467 504
468 469
468 503
468 504
468 505
469 470
469 504
469 505
469 506
470 471
470 505
470 506
470 507
471 472
471 506
471 507
471 508
472 473
472 507
472 508
472 509
473 508
473 509
473 510
474 475
474 510
474 511
474 512
475 476
475 511
475 512
475 513
476 512
476 513
477 478
477 514
478 479
478 514
478 515
479 480
479 515
480 481
480 515
480 516
481 482
481 516
481 517
482 483
482 516
482 517
482 518
483 484
483 517
483 518
484 485
484 518
484 519
485 486
485 519
485 520
486 487
486 519
486 520
486 521
487 520
487 521
488 489
488 522
488 523
489 490
489 522
489 523
489 524
490 491
490 523
490 524
490 525
491 492
491 524
491 525
491 526
492 493
492 525
492 526
492 527
493 494
493 526
493 527
493 528
494 527
494 528
494 529
495 496
495 529
495 530
495 531
496 497
496 530
496 531
496 532
497 498
497 531
497 532
497 533
498 499
498 532
498 533
499 500
499 533
500 501
500 534
501 502
501 534
501 535
502 503
502 534
502 535
503 504
503 535
503 536
504 505
504 536
504 537
505 506
505 536
505 537
505 538
506 507
506 537
506 538
506 539
507 508
507 538
507 539
507 540
508 509
508 539
508 540
508 541
509 510
509 540
509 541
509 542
510 511
510 541
510 542
510 543
511 512
511 542
511 543
511 544
512 513
512 543
512 544
512 545
513 544
513 545
513 546
514 547
514 548
514 549
515 549
515 550
515 551
516 517
516 551
516 552
516 553
517 518
517 552
517 553
517 554
518 553
518 554
518 555
519 520
519 555
519 556
520 521
520 556
520 557
521 556
521 557
522 523
522 558
523 524
523 558
523 559
524 525
524 558
524 559
524 560
525 526
525 559
525 560
525 561
526 527
526 560
526 561
526 562
527 528
527 561
527 562
528 529
528 562
528 563
529 530
529 563
529 564
530 531
530 563
530 564
530 565
531 532
531 564
531 565
531 566
532 533
532 565
532 566
533 566
533 567
534 535
534 568
534 569
535 569
535 570
536 537
536 570
536 571
537 538
537 571
537 572
538 539
538 571
538 572
539 540
539 572
539 573
540 541
540 573
540 574
541 542
541 573
541 574
541 575
542 543
542 574
542 575
543 544
543 575
543 576
544 545
544 576
544 577
545 546
545 576
545 577
545 578
546 547
546 577
546 578
546 579
547 548
547 578
547 579
547 580
548 549
548 579
548 580
548 581
549 550
549 580
549 581
549 582
550 551
550 581
550 582
550 583
551 552
551 582
551 583
551 584
552 553
552 583
552 584
552 585
553 554
553 584
553 585
553 586
554 555
554 585
554 586
554 587
555 586
555 587
555 588
556 557
556 588
556 589
556 590
557 589
557 590
558 559
558 591
558 592
558 593
559 560
559 592
559 593
560 561
560 593
560 594
561 562
561 594
561 595
562 594
562 595
562 596
563 564
563 596
563 597
563 598
564 565
564 597
564 598
564 599
565 566
565 598
565 599
566 599
566 600
567 568
567 600
567 601
568 601
568 602
569 570
569 602
569 603
569 604
570 603
570 604
570 605
571 572
571 605
571 606
571 607
572 606
572 607
573 574
573 608
573 609
574 575
574 608
574 609
574 610
575 609
575 610
575 611
576 577
576 611
576 612
577 578
577 612
577 613
578 579
578 612
578 613
578 614
579 580
579 613
579 614
579 615
580 581
580 614
580 615
581 582
581 615
581 616
582 583
582 616
582 617
583 584
583 616
583 617
583 618
584 585
584 617
584 618
584 619
585 586
585 618
585 619
585 620
586 587
586 619
586 620
586 621
587 588
587 620
587 621
588 589
588 621
588 622
589 590
589 622
589 623
590 622
590 623
591 592
591 624
592 593
592 624
592 625
593 624
593 625
594 595
594 626
594 627
595 596
595 626
595 627
596 597
596 627
596 628
597 598
597 628
598 599
598 628
598 629
599 629
600 630
601 602
601 630
601 631
601 632
602 603
602 631
602 632
602 633
603 604
603 632
603 633
603 634
604 605
604 633
604 634
605 606
605 634
605 635
606 607
606 635
607 635
607 636
608 609
608 636
608 637
608 638
609 610
609 637
609 638
609 639
610 611
610 638
610 639
610 640
611 639
611 640
611 641
612 613
612 641
612 642
612 643
613 614
613 642
613 643
613 644
614 615
614 643
614 644
614 645
615 644
615 645
615 646
616 617
616 646
616 647
616 648
617 618
617 647
617 648
618 619
618 648
618 649
619 620
619 649
620 621
620 649
620 650
621 650
621 651
622 623
622 651
622 652
623 652
624 625
624 653
625 654
626 627
626 654
626 655
626 656
627 655
627 656
627 657
628 657
628 658
629 659
629 660
630 631
630 661
630 662
630 663
631 632
631 662
631 663
631 664
632 633
632 663
632 664
632 665
633 634
633 664
633 665
633 666
634 665
634 666
635 667
635 668
636 637
636 668
636 669
636 670
637 638
637 669
637 670
637 671
638 639
638 670
638 671
638 672
639 640
639 671
639 672
639 673
640 641
640 672
640 673
640 674
641 642
641 673
641 674
641 675
642 643
642 674
642 675
642 676
643 644
643 675
643 676
643 677
644 645
644 676
644 677
645 646
645 677
645 678
646 647
646 678
647 648
647 678
647 679
648 679
648 680
649 680
649 681
649 682
650 651
650 682
650 683
650 684
651 683
651 684
651 685
652 685
652 686
653 687
654 655
654 688
654 689
654 690
655 656
655 689
655 690
656 657
656 690
656 691
657 658
657 691
657 692
658 691
658 692
658 693
659 660
659 693
659 694
659 695
660 661
660 694
660 695
661 662
661 695
662 663
662 696
663 664
663 696
664 665
664 696
664 697
665 666
665 697
665 698
666 697
666 698
666 699
667 668
667 699
667 700
668 669
668 700
668 701
669 670
669 700
669 701
669 702
670 671
670 701
670 702
670 703
671 672
671 702
671 703
671 704
672 673
672 703
672 704
672 705
673 674
673 704
673 705
673 706
674 675
674 705
674 706
674 707
675 676
675 706
675 707
675 708
676 677
676 707
676 708
676 709
677 708
677 709
677 710
678 710
678 711
678 712
679 680
679 712
679 713
680 681
680 713
681 682
681 714
682 683
682 714
682 715
683 684
683 714
683 715
683 716
684 685
684 715
684 716
684 717
685 686
685 716
685 717
685 718
686 717
686 718
687 719
688 689
688 720
689 690
689 720
689 721
690 720
690 721
690 722
691 692
691 722
691 723
691 724
692 693
692 723
692 724
692 725
693 694
693 724
693 725
693 726
694 695
694 725
694 726
694 727
695 726
695 727
695 728
696 729
696 730
697 698
697 730
697 731
697 732
698 699
698 731
698 732
699 732
699 733
700 701
700 733
700 734
700 735
701 702
701 734
701 735
702 703
702 735
703 704
703 736
704 705
704 736
704 737
705 706
705 736
705 737
705 738
706 707
706 737
706 738
707 708
707 738
707 739
708 709
708 739
709 710
709 739
709 740
710 711
710 740
710 741
711 712
711 740
711 741
711 742
712 713
712 741
712 742
713 742
713 743
714 715
714 744
714 745
714 746
715 716
715 745
715 746
715 747
716 717
716 746
716 747
716 748
717 718
717 747
717 748
717 749
718 748
718 749
719 750
720 721
720 751
720 752
720 753
721 722
721 752
721 753
721 754
722 723
722 753
722 754
722 755
723 724
723 754
723 755
723 756
724 725
724 755
724 756
725 726
725 756
725 757
726 727
726 757
726 758
727 728
727 757
727 758
728 729
728 758
728 759
729 759
730 731
730 760
730 761
731 732
731 760
731 761
731 762
732 761
732 762
732 763
733 734
733 763
733 764
733 765
734 735
734 764
734 765
734 766
735 765
735 766
736 737
736 767
736 768
736 769
737 738
737 768
737 769
738 769
739 770
739 771
740 741
740 771
740 772
740 773
741 742
741 772
741 773
741 774
742 773
742 774
742 775
743 744
743 775
743 776
743 777
744 745
744 776
744 777
744 778
745 746
745 777
745 778
745 779
746 747
746 778
746 779
746 780
747 748
747 779
747 780
748 749
748 780
748 781
749 781
750 751
750 782
750 783
750 784
751 752
751 783
751 784
751 785
752 753
752 784
752 785
752 786
753 754
753 785
753 786
753 787
754 755
754 786
754 787
754 788
755 756
755 787
755 788
755 789
756 788
756 789
756 790
757 758
757 790
757 791
757 792
758 791
758 792
758 793
759 793
759 794
760 761
760 795
760 796
761 762
761 795
761 796
761 797
762 763
762 796
762 797
762 798
763 764
763 797
763 798
763 799
764 765
764 798
764 799
764 800
765 766
765 799
765 800
765 801
766 800
766 801
766 802
767 768
767 802
767 803
768 769
768 803
768 804
769 803
769 804
769 805
770 771
770 806
770 807
770 808
771 772
771 807
771 808
772 773
772 808
773 774
773 809
774 775
774 809
774 810
775 776
775 809
775 810
775 811
776 777
776 810
776 811
776 812
777 778
777 811
777 812
777 813
778 779
778 812
778 813
778 814
779 780
779 813
779 814
779 815
780 814
780 815
780 816
781 816
781 817
782 783
782 818
783 784
783 818
783 819
784 785
784 818
784 819
784 820
785 786
785 819
785 820
785 821
786 787
786 820
786 821
787 788
787 821
787 822
788 789
788 822
788 823
789 790
789 822
789 823
790 791
790 823
790 824
791 792
791 824
792 793
792 824
792 825
793 794
793 825
793 826
794 825
794 826
795 796
795 827
796 797
796 827
796 828
797 798
797 828
797 829
798 799
798 828
798 829
799 800
799 829
800 801
800 830
801 802
801 830
801 831
802 830
802 831
802 832
803 804
803 832
803 833
803 834
804 805
804 833
804 834
804 835
805 806
805 834
805 835
805 836
806 807
806 835
806 836
806 837
807 808
807 836
807 837
808 837
808 838
809 810
809 839
809 840
809 841
810 811
810 840
810 841
810 842
811 812
811 841
811 842
811 843
812 813
812 842
812 843
813 814
813 843
813 844
814 815
814 844
815 816
815 844
815 845
816 817
816 845
816 846
817 845
817 846
818 819
818 847
818 848
818 849
819 820
819 848
819 849
820 821
820 849
820 850
821 850
821 851
822 823
822 851
822 852
823 852
823 853
824 853
824 854
824 855
825 826
825 855
825 856
825 857
826 856
826 857
827 858
827 859
828 829
828 859
829 860
830 831
830 861
830 862
830 863
831 832
831 862
831 863
831 864
832 833
832 863
832 864
832 865
833 834
833 864
833 865
833 866
834 835
834 865
834 866
834 867
835 836
835 866
835 867
836 837
836 867
837 868
838 839
838 868
838 869
838 870
839 840
839 869
839 870
839 871
840 841
840 870
840 871
840 872
841 842
841 871
841 872
841 873
842 843
842 872
842 873
842 874
843 873
843 874
843 875
844 875
844 876
844 877
845 846
845 877
845 878
845 879
846 878
846 879
847 848
847 880
848 849
848 880
850 851
850 881
850 882
851 852
851 881
851 882
851 883
852 882
852 883
853 854
853 884
853 885
854 855
854 884
854 885
854 886
855 856
855 885
855 886
856 857
856 886
856 887
857 887
857 888
858 859
858 888
858 889
859 889
859 890
860 861
860 891
860 892
860 893
861 862
861 892
861 893
861 894
862 863
862 893
862 894
862 895
863 864
863 894
863 895
863 896
864 865
864 895
864 896
864 897
865 866
865 896
865 897
865 898
866 867
866 897
866 898
866 899
867 898
867 899
867 900
868 869
868 901
868 902
869 870
869 902
870 871
870 902
870 903
871 872
871 903
871 904
872 873
872 903
872 904
872 905
873 874
873 904
873 905
873 906
874 875
874 905
874 906
874 907
875 876
875 906
875 907
875 908
876 877
876 907
876 908
876 909
877 878
877 908
877 909
878 879
878 909
878 910
879 910
880 911
880 912
881 882
881 913
881 914
881 915
882 883
882 914
882 915
882 916
883 915
883 916
884 885
885 886
885 917
886 917
886 918
887 888
887 918
887 919
887 920
888 889
888 919
888 920
889 920
889 921
890 891
890 921
890 922
891 892
891 922
891 923
892 893
892 922
892 923
892 924
893 894
893 923
893 924
893 925
894 895
894 924
894 925
895 896
895 925
895 926
896 897
896 926
896 927
897 898
897 926
897 927
897 928
898 899
898 927
898 928
898 929
899 900
899 928
899 929
899 930
900 901
900 929
900 930
900 931
901 930
901 931
901 932
902 932
902 933
902 934
903 904
903 934
903 935
904 905
904 935
904 936
905 906
905 935
905 936
905 937
906 907
906 936
906 937
906 938
907 908
907 937
907 938
907 939
908 909
908 938
908 939
908 940
909 939
909 940
909 941
910 941
910 942
911 912
911 943
912 943
912 944
913 914
913 944
914 915
914 945
915 916
915 945
916 945
916 946
917 918
917 948
918 919
918 948
919 920
919 948
919 949
920 949
920 950
921 950
921 951
922 923
922 952
923 924
923 952
923 953
924 925
924 953
925 953
925 954
926 927
926 954
926 955
926 956
927 928
927 955
927 956
927 957
928 929
928 956
928 957
928 958
929 930
929 957
929 958
930 931
930 958
930 959
931 932
931 959
931 960
932 933
932 959
932 960
933 934
933 960
933 961
934 961
934 962
935 936
935 962
935 963
935 964
936 937
936 963
936 964
937 938
937 964
938 939
938 965
939 940
939 965
939 966
940 941
940 965
940 966
941 942
941 966
941 967
942 967
943 968
943 969
944 969
944 970
944 971
945 972
945 973
945 974
946 947
946 974
946 975
946 976
947 975
947 976
947 977
948 978
948 979
948 980
949 950
949 980
949 981
949 982
950 951
950 981
950 982
951 982
951 983
952 983
952 984
952 985
953 985
953 986
953 987
954 955
954 987
954 988
955 956
955 988
955 989
956 957
956 988
956 989
957 958
957 989
957 990
958 990
958 991
959 960
959 991
959 992
960 992
960 993
961 962
961 993
961 994
961 995
962 963
962 994
962 995
963 964
963 995
963 996
964 996
964 997
965 966
965 998
965 999
966 998
966 999
966 1000
967 1000
968 969
968 1001
968 1002
969 970
969 1001
969 1002
969 1003
970 971
970 1002
970 1003
970 1004
971 972
971 1003
971 1004
971 1005
972 973
972 1004
972 1005
972 1006
973 974
973 1005
973 1006
973 1007
974 975
974 1006
974 1007
974 1008
975 976
975 1007
975 1008
975 1009
976 977
976 1008
976 1009
977 978
977 1009
977 1010
978 979
978 1010
978 1011
979 980
979 1010
979 1011
979 1012
980 981
980 1011
980 1012
981 982
981 1012
981 1013
982 1013
982 1014
983 984
983 1014
983 1015
983 1016
984 985
984 1015
984 1016
984 1017
985 986
985 1016
985 1017
985 1018
986 987
986 1017
986 1018
986 1019
987 1018
987 1019
988 989
988 1020
988 1021
989 1020
989 1021
990 991
990 1022
990 1023
991 1022
991 1023
991 1024
992 993
992 1024
992 1025
992 1026
993 994
993 1025
993 1026
993 1027
994 995
994 1026
994 1027
995 1027
995 1028
996 997
996 1028
996 1029
996 1030
997 1029
997 1030
997 1031
998 999
998 1031
998 1032
998 1033
999 1000
999 1032
999 1033
1000 1033
1000 1034
1001 1002
1001 1035
1001 1036
1002 1003
1002 1035
1002 1036
1002 1037
1003 1004
1003 1036
1003 1037
1003 1038
1004 1005
1004 1037
1004 1038
1004 1039
1005 1006
1005 1038
1005 1039
1005 1040
1006 1007
1006 1039
1006 1040
1006 1041
1007 1008
1007 1040
1007 1041
1007 1042
1008 1009
1008 1041
1008 1042
1009 1042
1009 1043
1010 1011
1010 1043
1010 1044
1011 1012
1011 1044
1012 1044
1012 1045
1013 1014
1013 1045
1013 1046
1013 1047
1014 1015
1014 1046
1014 1047
1015 1016
1015 1047
1015 1048
1016 1017
1016 1048
1016 1049
1017 1018
1017 1048
1017 1049
1017 1050
1018 1019
1018 1049
1018 1050
1018 1051
1019 1050
1019 1051
1020 1021
1020 1052
1020 1053
1021 1052
1021 1053
1021 1054
1022 1023
1022 1054
1022 1055
1023 1024
1023 1055
1023 1056
1024 1025
1024 1056
1024 1057
1025 1026
1025 1056
1025 1057
1025 1058
1026 1027
1026 1057
1026 1058
1026 1059
1027 1058
1027 1059
1027 1060
1028 1029
1028 1060
1028 1061
1028 1062
1029 1030
1029 1061
1029 1062
1029 1063
1030 1031
1030 1062
1030 1063
1030 1064
1031 1032
1031 1063
1031 1064
1031 1065
1032 1033
1032 1064
1032 1065
1032 1066
1033 1065
1033 1066
1033 1067
1034 1067
1035 1036
1035 1068
1035 1069
1036 1037
1036 1068
1036 1069
1036 1070
1037 1038
1037 1069
1037 1070
1037 1071
1038 1039
1038 1070
1038 1071
1038 1072
1039 1040
1039 1071
1039 1072
1039 1073
1040 1041
1040 1072
1040 1073
1040 1074
1041 1042
1041 1073
1041 1074
1041 1075
1042 1074
1042 1075
1042 1076
1043 1076
1044 1077
1044 1078
1045 1046
1045 1078
1045 1079
1046 1047
1046 1079
1046 1080
1047 1079
1047 1080
1048 1049
1048 1081
1049 1050
1049 1081
1049 1082
1050 1051
1050 1082
1050 1083
1051 1082
1051 1083
1051 1084
1052 1053
1052 1084
1052 1085
1052 1086
1053 1054
1053 1085
1053 1086
1054 1055
1054 1086
1054 1087
1055 1087
1055 1088
1056 1057
1056 1088
1056 1089
1056 1090
1057 1058
1057 1089
1057 1090
1057 1091
1058 1059
1058 1090
1058 1091
1058 1092
1059 1060
1059 1091
1059 1092
1059 1093
1060 1061
1060 1092
1060 1093
1060 1094
1061 1062
1061 1093
1061 1094
1061 1095
1062 1063
1062 1094
1062 1095
1062 1096
1063 1064
1063 1095
1063 1096
1063 1097
1064 1065
1064 1096
1064 1097
1064 1098
1065 1066
1065 1097
1065 1098
1065 1099
1066 1067
1066 1098
1066 1099
1067 1099
1067 1100
1068 1069
1068 1101
1069 1070
1069 1101
1070 1071
1070 1102
1071 1072
1071 1102
1071 1103
1072 1073
1072 1102
1072 1103
1072 1104
1073 1074
1073 1103
1073 1104
1074 1075
1074 1104
1074 1105
1075 1076
1075 1105
1075 1106
1076 1105
1076 1106
1077 1078
1077 1107
1077 1108
1077 1109
1078 1108
1078 1109
1078 1110
1079 1080
1079 1110
1079 1111
1080 1111
1080 1112
1081 1112
1081 1113
1081 1114
1082 1083
1082 1114
1082 1115
1082 1116
1083 1084
1083 1115
1083 1116
1084 1085
1084 1116
1085 1086
1085 1117
1086 1117
1087 1088
1087 1118
1087 1119
1088 1089
1088 1118
1088 1119
1088 1120
1089 1090
1089 1119
1089 1120
1089 1121
1090 1091
1090 1120
1090 1121
1091 1092
1091 1121
1091 1122
1092 1093
1092 1122
1092 1123
1093 1094
1093 1122
1093 1123
1093 1124
1094 1095
1094 1123
1094 1124
1094 1125
1095 1096
1095 1124
1095 1125
1096 1097
1096 1125
1097 1098
1097 1126
1098 1099
1098 1126
1099 1126
1100 1127
1102 1103
1102 1128
1102 1129
1102 1130
1103 1104
1103 1129
1103 1130
1103 1131
1104 1130
1104 1131
1104 1132
1105 1106
1105 1132
1105 1133
1105 1134
1106 1133
1106 1134
1107 1108
1107 1135
1107 1136
1108 1109
1108 1135
1108 1136
1108 1137
1109 1110
1109 1136
1109 1137
1109 1138
1110 1137
1110 1138
1111 1112
1112 1113
1113 1114
1113 1139
1114 1115
1114 1139
1114 1140
1115 1116
1115 1139
1115 1140
1116 1140
1116 1141
1117 1142
1117 1143
1118 1119
1118 1143
1118 1144
1118 1145
1119 1120
1119 1144
1119 1145
1119 1146
1120 1121
1120 1145
1120 1146
1120 1147
1121 1146
1121 1147
1121 1148
1122 1123
1122 1148
1122 1149
1123 1124
1123 1149
1124 1125
1124 1149
1124 1150
1125 1150
1125 1151
1126 1152
1126 1153
1127 1154
1128 1129
1128 1156
1129 1130
1129 1157
1130 1131
1130 1157
1130 1158
1131 1132
1131 1157
1131 1158
1132 1133
1132 1158
1133 1134
1133 1159
1134 1159
1134 1160
1135 1136
1135 1160
1135 1161
1136 1137
1136 1161
1136 1162
1137 1138
1137 1162
1138 1162
1138 1163
1139 1140
1139 1165
1139 1166
1139 1167
1140 1166
1140 1167
1141 1142
1141 1168
1142 1168
1142 1169
1143 1144
1143 1169
1144 1145
1144 1170
1145 1146
1145 1170
1145 1171
1146 1147
1146 1170
1146 1171
1146 1172
1147 1148
1147 1171
1147 1172
1147 1173
1148 1172
1148 1173
1149 1174
1149 1175
1150 1151
1150 1175
1150 1176
1150 1177
1151 1152
1151 1176
1151 1177
1152 1177
1152 1178
1153 1154
1153 1178
1153 1179
1154 1179
1154 1180
1155 1156
1155 1181
1155 1182
1156 1181
1156 1182
1156 1183
1157 1158
1157 1184
1157 1185
1157 1186
1158 1185
1158 1186
1158 1187
1159 1160
1159 1188
1159 1189
1159 1190
1160 1161
1160 1189
1160 1190
1160 1191
1161 1190
1161 1191
1161 1192
1162 1192
1162 1193
1162 1194
1163 1164
1163 1194
1163 1195
1164 1195
1164 1196
1165 1166
1165 1196
1165 1197
1165 1198
1166 1167
1166 1197
1166 1198
1166 1199
1167 1198
1167 1199
1167 1200
1168 1169
1168 1201
1168 1202
1169 1202
1169 1203
1170 1171
1170 1204
1170 1205
1171 1172
1171 1205
1171 1206
1172 1173
1172 1206
1172 1207
1173 1206
1173 1207
1173 1208
1174 1175
1174 1208
1174 1209
1174 1210
1175 1176
1175 1209
1175 1210
1175 1211
1176 1177
1176 1210
1176 1211
1177 1211
1177 1212
1178 1212
1178 1213
1179 1180
1179 1214
1179 1215
1180 1214
1180 1215
1181 1182
1181 1216
1181 1217
1182 1183
1182 1216
1182 1217
1183 1184
1183 1217
1183 1218
1184 1185
1184 1218
1185 1186
1185 1218
1185 1219
1186 1187
1186 1219
1186 1220
1187 1188
1187 1219
1187 1220
1187 1221
1188 1189
1188 1220
1188 1221
1188 1222
1189 1190
1189 1221
1189 1222
1190 1191
1190 1222
1190 1223
1191 1192
1191 1223
1192 1193
1192 1223
1192 1224
1193 1194
1193 1224
1193 1225
1194 1224
1194 1225
1194 1226
1195 1196
1195 1226
1195 1227
1196 1197
1196 1227
1197 1198
1197 1227
1197 1228
1198 1199
1198 1228
1198 1229
1199 1200
1199 1228
1199 1229
1199 1230
1200 1201
1200 1229
1200 1230
1200 1231
1201 1202
1201 1230
1201 1231
1201 1232
1202 1231
1202 1232
1203 1204
1203 1233
1203 1234
1204 1205
1204 1233
1204 1234
1204 1235
1205 1234
1205 1235
1205 1236
1206 1207
1206 1236
1206 1237
1207 1208
1207 1237
1207 1238
1208 1209
1208 1238
1208 1239
1209 1210
1209 1238
1209 1239
1209 1240
1210 1211
1210 1239
1210 1240
1210 1241
1211 1240
1211 1241
1211 1242
1212 1213
1212 1242
1212 1243
1213 1243
1214 1215
1214 1244
1214 1245
1215 1244
1215 1245
1216 1217
1216 1246
1217 1246
1217 1247
1218 1247
1218 1248
1218 1249
1219 1220
1219 1249
1219 1250
1219 1251
1220 1221
1220 1250
1220 1251
1220 1252
1221 1222
1221 1251
1221 1252
1221 1253
1222 1252
1222 1253
1222 1254
1223 1254
1223 1255
1223 1256
1224 1225
1224 1256
1224 1257
1224 1258
1225 1226
1225 1257
1225 1258
1225 1259
1226 1258
1226 1259
1227 1260
1227 1261
1228 1229
1228 1261
1228 1262
1228 1263
1229 1230
1229 1262
1229 1263
1229 1264
1230 1231
1230 1263
1230 1264
1231 1232
1231 1264
1231 1265
1232 1265
1232 1266
1233 1234
1233 1266
1233 1267
1233 1268
1234 1235
1234 1267
1234 1268
1234 1269
1235 1236
1235 1268
1235 1269
1235 1270
1236 1237
1236 1269
1236 1270
1236 1271
1237 1270
1237 1271
1238 1239
1238 1272
1239 1240
1239 1272
1239 1273
1240 1241
1240 1272
1240 1273
1240 1274
1241 1242
1241 1273
1241 1274
1241 1275
1242 1274
1242 1275
1242 1276
1243 1276
1243 1277
1244 1245
1244 1278
1244 1279
1245 1278
1245 1279
1246 1247
1247 1248
1248 1249
1249 1250
1250 1251
1251 1252
1252 1253
1253 1254
1254 1255
1255 1256
1256 1257
1257 1258
1258 1259
1260 1261
1261 1262
1262 1263
1263 1264
1265 1266
1266 1267
1267 1268
1268 1269
1269 1270
1270 1271
1272 1273
1273 1274
1274 1275
1275 1276
1276 1277
1278 1279
