# FromNodeId	ToNodeId
0 20
0 21
1 21
1 22
2 3
2 22
2 23
3 23
3 24
4 5
4 24
4 25
4 26
5 6
5 25
5 26
5 27
6 7
6 26
6 27
6 28
7 27
7 28
7 29
8 9
8 29
8 30
9 30
9 31
10 11
10 31
10 32
10 33
11 32
11 33
11 34
12 13
12 36
12 37
12 38
13 37
13 38
13 39
14 15
14 39
14 40
15 16
15 40
15 41
16 17
16 41
16 42
17 18
17 41
17 42
17 43
18 19
18 42
18 43
18 44
19 43
19 44
20 21
20 45
20 46
21 45
21 46
22 23
22 47
23 47
23 48
24 25
24 48
24 49
25 26
25 49
26 27
26 50
27 28
27 50
27 51
28 29
28 50
28 51
29 30
29 51
29 52
30 52
30 53
31 32
31 53
31 54
31 55
32 33
32 54
32 55
33 34
33 55
33 56
34 35
34 56
34 57
35 36
35 56
35 57
36 37
36 57
36 58
37 38
37 58
37 59
38 39
38 58
38 59
38 60
39 40
39 59
39 60
39 61
40 60
40 61
40 62
41 42
41 62
41 63
41 64
42 43
42 63
42 64
42 65
43 44
43 64
43 65
43 66
44 65
44 66
45 46
45 67
46 67
46 68
47 68
47 69
48 49
48 70
48 71
49 70
49 71
49 72
50 51
50 73
50 74
50 75
51 74
51 75
51 76
52 53
52 76
52 77
52 78
53 54
53 77
53 78
54 55
54 78
54 79
55 79
55 80
56 57
56 80
56 81
57 81
57 82
58 59
58 82
58 83
58 84
59 60
59 83
59 84
59 85
60 61
60 84
60 85
60 86
61 62
61 85
61 86
61 87
62 63
62 86
62 87
62 88
63 64
63 87
63 88
63 89
64 65
64 88
64 89
64 90
65 66
65 89
65 90
65 91
66 90
66 91
66 92
67 93
68 69
68 93
68 94
69 94
69 95
70 71
70 95
70 96
70 97
71 72
71 96
71 97
71 98
72 73
72 97
72 98
72 99
73 74
73 98
73 99
73 100
74 75
74 99
74 100
75 76
75 100
75 101
76 77
76 101
77 78
77 101
77 102
78 102
78 103
79 80
79 103
79 104
80 104
80 105
81 82
81 105
82 83
82 106
83 84
83 106
83 107
84 85
84 106
84 107
85 86
85 107
86 87
86 108
87 88
87 108
87 109
88 89
88 108
88 109
88 110
89 90
89 109
89 110
89 111
90 91
90 110
90 111
90 112
91 92
91 111
91 112
91 113
92 112
92 113
93 114
93 115
93 116
94 95
94 116
94 117
94 118
95 96
95 117
95 118
96 97
96 118
96 119
97 98
97 119
97 120
98 99
98 119
98 120
98 121
99 100
99 120
99 121
99 122
100 121
100 122
100 123
101 123
101 124
101 125
102 103
102 125
102 126
102 127
103 104
103 126
103 127
104 127
104 128
105 128
105 129
106 107
106 130
106 131
106 132
107 131
107 132
107 133
108 109
108 134
108 135
109 110
109 135
110 111
110 136
111 112
111 136
112 113
112 136
112 137
113 137
114 115
114 138
114 139
115 116
115 138
115 139
115 140
116 117
116 139
116 140
117 118
117 140
117 141
118 141
118 142
119 120
119 142
119 143
119 144
120 121
120 143
120 144
121 122
121 144
121 145
122 123
122 145
122 146
123 124
123 145
123 146
123 147
124 125
124 146
124 147
124 148
125 126
125 147
125 148
125 149
126 127
126 148
126 149
126 150
127 149
127 150
127 151
128 129
128 151
128 152
129 152
129 153
130 131
130 153
130 154
131 132
131 154
131 155
132 133
132 154
132 155
132 156
133 134
133 155
133 156
133 157
134 135
134 156
134 157
134 158
135 157
135 158
136 159
136 160
137 160
138 139
138 161
138 162
139 140
139 161
139 162
139 163
140 162
140 163
140 164
141 142
141 164
141 165
141 166
142 143
142 165
142 166
143 144
143 166
143 167
144 167
144 168
145 146
145 168
145 169
145 170
146 147
146 169
146 170
146 171
147 148
147 170
147 171
147 172
148 149
148 171
148 172
148 173
149 150
149 172
149 173
150 151
150 173
150 174
151 174
151 175
152 153
152 175
152 176
152 177
153 176
153 177
154 155
154 178
154 179
155 156
155 178
155 179
155 180
156 157
156 179
156 180
156 181
157 158
157 180
157 181
157 182
158 181
158 182
159 183
160 184
160 185
161 162
161 186
161 187
162 163
162 186
162 187
162 188
163 164
163 187
163 188
163 189
164 165
164 188
164 189
164 190
165 166
165 189
165 190
165 191
166 190
166 191
166 192
167 168
167 192
167 193
167 194
168 169
168 193
168 194
168 195
169 170
169 194
169 195
170 171
170 195
170 196
171 172
171 196
171 197
172 173
172 196
172 197
172 198
173 197
173 198
173 199
174 175
174 199
174 200
174 201
175 176
175 200
175 201
176 177
176 201
176 202
177 202
177 203
178 179
178 203
179 180
180 181
180 204
181 182
181 204
181 205
182 204
182 205
182 206
183 206
183 207
183 208
184 185
184 208
184 209
184 210
185 209
185 210
186 187
186 211
186 212
187 188
187 211
187 212
187 213
188 189
188 212
188 213
188 214
189 190
189 213
189 214
189 215
190 191
190 214
190 215
190 216
191 192
191 215
191 216
191 217
192 193
192 216
192 217
193 194
193 217
194 195
194 218
195 218
195 219
196 197
196 219
196 220
197 198
197 220
197 221
198 199
198 220
198 221
198 222
199 200
199 221
199 222
199 223
200 201
200 222
200 223
200 224
201 223
201 224
201 225
202 203
202 225
202 226
203 226
203 227
204 205
204 229
204 230
205 206
205 229
205 230
205 231
206 207
206 230
206 231
206 232
207 208
207 231
207 232
207 233
208 209
208 232
208 233
208 234
209 210
209 233
209 234
209 235
210 234
210 235
211 212
211 236
211 237
212 213
212 236
212 237
212 238
213 214
213 237
213 238
213 239
214 215
214 238
214 239
215 216
215 239
216 217
216 240
217 240
217 241
218 219
218 242
219 243
220 221
220 243
220 244
220 245
221 222
221 244
221 245
222 223
222 245
223 224
223 246
224 225
224 246
224 247
225 226
225 246
225 247
225 248
226 247
226 248
226 249
227 228
227 249
227 250
227 251
228 250
228 251
228 252
229 230
229 252
229 253
230 231
230 253
230 254
231 232
231 254
231 255
232 233
232 254
232 255
232 256
233 234
233 255
233 256
234 235
234 256
234 257
235 257
236 237
236 258
236 259
237 238
237 258
237 259
237 260
238 239
238 259
238 260
238 261
239 260
239 261
240 241
240 262
240 263
240 264
241 242
241 263
241 264
241 265
242 264
242 265
242 266
243 244
243 267
243 268
243 269
244 245
244 268
244 269
244 270
245 269
245 270
245 271
246 247
246 272
246 273
246 274
247 248
247 273
247 274
247 275
248 249
248 274
248 275
248 276
249 250
249 275
249 276
249 277
250 251
250 276
250 277
251 252
251 277
251 278
252 253
252 278
252 279
253 278
253 279
253 280
254 255
254 280
254 281
254 282
255 256
255 281
255 282
255 283
256 282
256 283
256 284
257 284
257 285
258 259
258 286
259 260
259 286
259 287
260 261
260 286
260 287
260 288
261 287
261 288
261 289
262 263
262 289
262 290
263 264
263 290
263 291
264 265
264 290
264 291
264 292
265 266
265 291
265 292
265 293
266 267
266 292
266 293
266 294
267 268
267 293
267 294
267 295
268 269
268 294
268 295
268 296
269 270
269 295
269 296
270 271
270 296
271 272
271 297
272 273
272 297
272 298
273 274
273 297
273 298
274 275
274 298
275 276
276 277
276 299
277 299
277 300
278 279
278 300
278 301
278 302
279 280
279 301
279 302
280 281
280 302
280 303
281 282
281 303
282 283
282 303
282 304
283 284
283 304
283 305
284 285
284 304
284 305
284 306
285 305
285 306
286 287
286 307
286 308
287 288
287 308
287 309
288 289
288 308
288 309
288 310
289 309
289 310
289 311
290 291
290 311
290 312
291 292
291 312
291 313
292 293
292 313
292 314
293 294
293 313
293 314
293 315
294 295
294 314
294 315
294 316
295 296
295 315
295 316
295 317
296 316
296 317
296 318
297 298
297 319
297 320
297 321
298 320
298 321
299 300
299 322
299 323
300 301
300 322
300 323
300 324
301 302
301 323
301 324
301 325
302 324
302 325
302 326
303 326
303 327
303 328
304 305
304 328
304 329
304 330
305 306
305 329
305 330
305 331
306 330
306 331
307 332
308 309
308 333
308 334
309 310
309 333
309 334
309 335
310 311
310 334
310 335
310 336
311 312
311 335
311 336
312 336
313 314
313 337
314 315
314 337
314 338
315 316
315 338
315 339
316 317
316 338
316 339
316 340
317 318
317 339
317 340
318 319
318 340
318 341
319 320
319 341
319 342
320 321
320 341
320 342
320 343
321 342
321 343
321 344
322 323
322 346
322 347
323 324
323 347
323 348
324 325
324 347
324 348
324 349
325 326
325 348
325 349
325 350
326 327
326 349
326 350
326 351
327 328
327 350
327 351
327 352
328 329
328 351
328 352
328 353
329 330
329 352
329 353
329 354
330 331
330 353
330 354
330 355
331 354
331 355
332 356
332 357
333 334
333 357
333 358
333 359
334 335
334 358
334 359
334 360
335 336
335 359
335 360
336 360
337 361
338 339
338 361
338 362
338 363
339 340
339 362
339 363
340 363
340 364
341 342
341 364
341 365
342 343
342 365
342 366
343 344
343 366
343 367
344 345
344 366
344 367
344 368
345 346
345 367
345 368
345 369
346 368
346 369
346 370
347 348
347 370
347 371
347 372
348 349
348 371
348 372
348 373
349 350
349 372
349 373
349 374
350 351
350 373
350 374
351 352
351 374
351 375
352 353
352 375
352 376
353 354
353 375
353 376
353 377
354 355
354 376
354 377
354 378
355 377
355 378
356 357
356 379
356 380
357 358
357 379
357 380
357 381
358 359
358 380
358 381
358 382
359 360
359 381
359 382
360 382
360 383
361 362
361 385
361 386
361 387
362 363
362 386
362 387
362 388
363 387
363 388
364 365
364 389
365 389
365 390
366 367
366 390
366 391
366 392
367 368
367 391
367 392
367 393
368 369
368 392
368 393
369 370
369 393
369 394
370 371
370 394
370 395
371 372
371 394
371 395
371 396
372 373
372 395
372 396
372 397
373 374
373 396
373 397
374 397
374 398
375 376
375 398
375 399
376 377
376 399
376 400
377 378
377 400
377 401
378 400
378 401
379 380
379 402
380 381
380 402
380 403
381 382
381 403
382 403
382 404
383 384
383 404
383 405
383 406
384 405
384 406
384 407
385 386
385 407
385 408
385 409
386 387
386 408
386 409
386 410
387 388
387 409
387 410
387 411
388 410
388 411
388 412
389 412
389 413
389 414
390 391
390 414
390 415
390 416
391 392
391 415
391 416
392 393
392 416
392 417
393 417
393 418
394 395
394 418
394 419
395 396
395 419
395 420
396 397
396 419
396 420
396 421
397 420
397 421
397 422
398 399
398 422
398 423
398 424
399 423
399 424
399 425
400 401
400 425
400 426
400 427
401 426
401 427
402 428
402 429
403 429
403 430
403 431
404 405
404 431
404 432
405 406
405 432
405 433
406 407
406 432
406 433
406 434
407 408
407 433
407 434
408 409
408 434
408 435
409 410
409 435
409 436
410 411
410 435
410 436
410 437
411 412
411 436
411 437
411 438
412 413
412 437
412 438
412 439
413 414
413 438
413 439
414 415
414 439
415 416
415 440
416 440
416 441
417 418
417 441
418 442
419 420
419 442
419 443
420 421
420 443
420 444
421 422
421 443
421 444
421 445
422 423
422 444
422 445
422 446
423 424
423 445
423 446
423 447
424 425
424 446
424 447
424 448
425 426
425 447
425 448
425 449
426 427
426 448
426 449
426 450
427 449
427 450
428 429
428 451
428 452
429 430
429 451
429 452
429 453
430 431
430 452
430 453
430 454
431 453
431 454
431 455
432 433
432 455
432 456
432 457
433 434
433 456
433 457
434 457
434 458
435 436
435 458
435 459
435 460
436 437
436 459
436 460
436 461
437 438
437 460
437 461
437 462
438 439
438 461
438 462
438 463
439 462
439 463
439 464
440 441
440 465
441 465
441 466
442 467
442 468
442 469
443 444
443 469
443 470
443 471
444 445
444 470
444 471
444 472
445 446
445 471
445 472
445 473
446 447
446 472
446 473
446 474
447 448
447 473
447 474
448 449
448 474
448 475
449 450
449 475
449 476
450 475
450 476
451 452
451 477
451 478
452 453
452 477
452 478
452 479
453 454
453 478
453 479
453 480
454 455
454 479
454 480
454 481
455 456
455 480
455 481
456 457
456 481
457 482
458 459
458 482
458 483
459 460
459 483
459 484
460 461
460 484
460 485
461 462
461 484
461 485
461 486
462 463
462 485
462 486
462 487
463 464
463 486
463 487
464 487
464 488
465 466
465 489
465 490
466 467
466 490
466 491
467 468
467 490
467 491
467 492
468 469
468 491
468 492
468 493
469 470
469 492
469 493
469 494
470 471
470 493
470 494
470 495
471 472
471 494
471 495
472 473
472 495
472 496
473 474
473 496
473 497
474 496
474 497
474 498
475 476
475 498
475 499
475 500
476 499
476 500
477 478
477 501
478 479
478 501
478 502
479 480
479 501
479 502
479 503
480 481
480 502
480 503
480 504
481 503
481 504
481 505
482 483
482 506
482 507
483 507
484 485
484 508
484 509
485 486
485 508
485 509
485 510
486 487
486 509
486 510
486 511
487 510
487 511
487 512
488 489
488 512
488 513
488 514
489 513
489 514
489 515
490 491
490 515
490 516
490 517
491 492
491 516
491 517
491 518
492 493
492 517
492 518
492 519
493 494
493 518
493 519
494 495
494 519
495 520
496 497
496 520
496 521
496 522
497 498
497 521
497 522
497 523
498 499
498 522
498 523
498 524
499 500
499 523
499 524
499 525
500 524
500 525
501 502
501 526
501 527
501 528
502 503
502 527
502 528
502 529
503 504
503 528
503 529
503 530
504 505
504 529
504 530
505 506
505 530
506 531
507 531
507 532
507 533
508 509
508 533
509 510
509 534
510 511
510 534
510 535
511 512
511 534
511 535
511 536
512 513
512 535
512 536
512 537
513 514
513 536
513 537
513 538
514 515
514 537
514 538
514 539
515 516
515 538
515 539
516 517
516 539
516 540
517 518
517 540
517 541
518 519
518 540
518 541
518 542
519 541
519 542
519 543
520 521
520 544
520 545
520 546
521 522
521 545
521 546
521 547
522 523
522 546
522 547
522 548
523 524
523 547
523 548
524 525
524 548
524 549
525 549
526 527
526 550
527 528
527 550
527 551
528 529
528 550
528 551
528 552
529 530
529 551
529 552
530 552
531 532
531 553
531 554
531 555
532 533
532 554
532 555
532 556
533 555
533 556
534 535
534 557
534 558
535 536
535 558
535 559
536 537
536 558
536 559
536 560
537 538
537 559
537 560
537 561
538 539
538 560
538 561
538 562
539 561
539 562
539 563
540 541
540 563
540 564
540 565
541 542
541 564
541 565
541 566
542 543
542 565
542 566
542 567
543 544
543 566
543 567
543 568
544 545
544 567
544 568
544 569
545 546
545 568
545 569
546 547
546 569
546 570
547 548
547 570
547 571
548 570
548 571
550 551
550 572
550 573
551 552
551 573
551 574
552 574
553 554
553 575
553 576
553 577
554 555
554 576
554 577
554 578
555 556
555 577
555 578
556 578
556 579
557 579
557 580
557 581
558 559
558 581
558 582
558 583
559 560
559 582
559 583
559 584
560 561
560 583
560 584
561 562
561 584
562 563
562 585
563 564
563 585
563 586
564 565
564 585
564 586
564 587
565 566
565 586
565 587
565 588
566 567
566 587
566 588
566 589
567 568
567 588
567 589
567 590
568 569
568 589
568 590
568 591
569 590
569 591
569 592
570 571
570 592
570 593
570 594
571 593
571 594
571 595
572 573
572 596
572 597
573 596
573 597
573 598
574 598
574 599
574 600
575 576
575 600
576 577
576 601
577 578
577 601
577 602
578 601
578 602
578 603
579 580
579 603
579 604
579 605
580 581
580 604
580 605
581 582
581 605
581 606
582 583
582 606
583 584
583 606
583 607
584 607
584 608
585 586
585 609
585 610
586 587
586 610
587 588
587 611
588 589
588 611
588 612
589 590
589 611
589 612
589 613
590 591
590 612
590 613
590 614
591 592
591 613
591 614
591 615
592 593
592 614
592 615
592 616
593 594
593 615
593 616
594 595
594 616
594 617
595 617
595 618
596 597
596 619
596 620
597 598
597 619
597 620
597 621
598 599
598 620
598 621
598 622
599 600
599 621
599 622
600 622
600 623
601 602
601 624
601 625
601 626
602 603
602 625
602 626
602 627
603 604
603 626
603 627
603 628
604 605
604 627
604 628
605 628
605 629
606 629
606 630
606 631
607 608
607 631
607 632
607 633
608 609
608 632
608 633
608 634
609 610
609 633
609 634
609 635
610 634
610 635
611 612
611 636
611 637
611 638
612 613
612 637
612 638
612 639
613 614
613 638
613 639
614 615
614 639
614 640
615 616
615 640
615 641
616 640
616 641
616 642
617 618
617 642
617 643
618 643
619 620
620 621
621 622
621 644
622 644
622 645
623 624
623 645
623 646
623 647
624 625
624 646
624 647
624 648
625 626
625 647
625 648
625 649
626 627
626 648
626 649
626 650
627 628
627 649
627 650
627 651
628 650
628 651
629 630
629 652
629 653
630 631
630 652
630 653
631 632
631 653
632 633
632 654
633 634
633 654
633 655
634 635
634 654
634 655
634 656
635 655
635 656
635 657
636 637
636 657
636 658
636 659
637 638
637 658
637 659
637 660
638 639
638 659
638 660
638 661
639 660
639 661
639 662
640 641
640 662
640 663
640 664
641 642
641 663
641 664
641 665
642 643
642 664
642 665
642 666
643 665
643 666
643 667
644 645
644 669
644 670
644 671
645 646
645 670
645 671
645 672
646 647
646 671
646 672
646 673
647 648
647 672
647 673
648 649
648 673
648 674
649 650
649 674
649 675
650 651
650 674
650 675
650 676
651 675
651 676
651 677
652 653
652 677
652 678
652 679
653 678
653 679
654 655
654 680
654 681
654 682
655 656
655 681
655 682
655 683
656 657
656 682
656 683
656 684
657 658
657 683
657 684
657 685
658 659
658 684
658 685
658 686
659 660
659 685
659 686
659 687
660 661
660 686
660 687
660 688
661 662
661 687
661 688
662 663
662 688
662 689
663 664
663 689
663 690
664 665
664 689
664 690
664 691
665 666
665 690
665 691
665 692
666 667
666 691
666 692
667 692
668 669
668 693
668 694
669 670
669 694
669 695
670 671
670 694
670 695
670 696
671 672
671 695
671 696
671 697
672 673
672 696
672 697
673 697
673 698
674 675
674 698
674 699
674 700
675 676
675 699
675 700
675 701
676 677
676 700
676 701
676 702
677 678
677 701
677 702
677 703
678 679
678 702
678 703
678 704
679 703
679 704
679 705
680 681
680 705
680 706
680 707
681 682
681 706
681 707
681 708
682 683
682 707
682 708
683 684
683 708
683 709
684 685
684 709
684 710
685 686
685 709
685 710
685 711
686 687
686 710
686 711
686 712
687 688
687 711
687 712
687 713
688 712
688 713
688 714
689 690
689 714
689 715
689 716
690 691
690 715
690 716
690 717
691 692
691 716
691 717
691 718
692 717
692 718
692 719
694 695
695 696
696 697
698 699
699 700
700 701
701 702
702 703
703 704
704 705
705 706
706 707
707 708
709 710
710 711
711 712
712 713
713 714
714 715
715 716
716 717
717 718
718 719
