# FromNodeId	ToNodeId
0 38
0 39
1 2
1 39
1 40
1 41
2 3
2 40
2 41
2 42
3 4
3 41
3 42
4 5
4 42
5 6
6 43
7 8
7 43
7 44
7 45
8 9
8 44
8 45
9 10
9 45
9 46
10 11
10 46
11 12
11 46
11 47
12 13
12 47
13 14
13 47
13 48
14 15
14 48
15 16
15 48
16 17
16 49
17 18
17 49
17 50
18 49
18 50
19 20
19 51
19 52
20 21
20 51
20 52
20 53
21 22
21 52
21 53
22 23
22 53
22 54
23 24
23 54
24 25
24 54
24 55
25 26
25 55
25 56
26 27
26 55
26 56
26 57
27 56
27 57
27 58
28 60
28 61
29 30
29 61
29 62
29 63
30 31
30 62
30 63
30 64
31 32
31 63
31 64
31 65
32 33
32 64
32 65
32 66
33 65
33 66
34 67
34 68
34 69
35 69
35 70
35 71
36 71
36 72
36 73
37 73
37 74
38 39
38 75
38 76
39 40
39 75
39 76
39 77
40 41
40 76
40 77
40 78
41 42
41 77
41 78
41 79
42 78
42 79
43 44
43 81
43 82
43 83
44 45
44 82
44 83
44 84
45 83
45 84
45 85
46 85
46 86
46 87
47 87
47 88
47 89
48 89
48 90
49 50
49 91
49 92
49 93
50 92
50 93
50 94
51 52
51 94
51 95
52 53
52 95
52 96
53 95
53 96
53 97
54 97
54 98
54 99
55 56
55 99
55 100
55 101
56 57
56 100
56 101
57 58
57 101
57 102
58 59
58 102
58 103
59 102
59 103
60 61
60 104
60 105
61 62
61 104
61 105
61 106
62 63
62 105
62 106
62 107
63 64
63 106
63 107
63 108
64 65
64 107
64 108
64 109
65 66
65 108
65 109
65 110
66 109
66 110
66 111
67 68
67 111
68 69
68 112
69 70
69 112
69 113
70 71
70 112
70 113
71 72
71 113
71 114
72 73
72 114
72 115
73 74
73 114
73 115
74 115
75 76
75 116
75 117
76 77
76 116
76 117
76 118
77 78
77 117
77 118
77 119
78 79
78 118
78 119
78 120
79 119
79 120
80 81
80 121
80 122
81 82
81 121
81 122
81 123
82 83
82 122
82 123
83 84
83 123
83 124
84 85
84 124
84 125
85 86
85 124
85 125
85 126
86 87
86 125
86 126
86 127
87 88
87 126
87 127
88 89
88 127
89 90
89 128
90 128
90 129
91 92
91 129
91 130
92 93
92 130
92 131
93 94
93 130
93 131
94 131
94 132
95 96
95 132
95 133
95 134
96 97
96 133
96 134
96 135
97 98
97 134
97 135
97 136
98 99
98 135
98 136
98 137
99 100
99 136
99 137
99 138
100 101
100 137
100 138
100 139
101 138
101 139
101 140
102 103
102 140
102 141
103 141
103 142
104 105
104 142
104 143
104 144
105 106
105 143
105 144
105 145
106 107
106 144
106 145
106 146
107 108
107 145
107 146
107 147
108 109
108 146
108 147
108 148
109 110
109 147
109 148
109 149
110 111
110 148
110 149
110 150
111 149
111 150
112 113
112 151
112 152
112 153
113 152
113 153
114 115
114 154
115 154
115 155
116 117
116 156
116 157
117 118
117 156
117 157
118 119
118 157
118 158
119 120
119 158
120 158
120 159
121 122
121 159
121 160
122 123
122 160
122 161
123 161
123 162
124 125
124 162
124 163
125 126
125 163
126 127
126 164
127 164
127 165
128 129
128 166
128 167
128 168
129 167
129 168
129 169
130 131
130 169
130 170
131 170
131 171
132 133
132 171
132 172
132 173
133 134
133 172
133 173
133 174
134 135
134 173
134 174
134 175
135 136
135 174
135 175
135 176
136 137
136 175
136 176
136 177
137 138
137 176
137 177
138 139
138 177
138 178
139 140
139 178
139 179
140 141
140 178
140 179
140 180
141 179
141 180
141 181
142 143
142 181
142 182
142 183
143 144
143 182
143 183
143 184
144 145
144 183
144 184
144 185
145 146
145 184
145 185
145 186
146 147
146 185
146 186
146 187
147 148
147 186
147 187
148 149
148 187
148 188
149 150
149 188
149 189
150 188
150 189
150 190
151 152
151 190
151 191
151 192
152 153
152 191
152 192
152 193
153 192
153 193
153 194
154 155
154 195
155 195
156 157
156 196
156 197
157 196
157 197
158 198
158 199
159 160
159 199
160 200
161 162
161 200
161 201
161 202
162 163
162 201
162 202
162 203
163 202
163 203
163 204
164 165
164 205
164 206
164 207
165 166
165 206
165 207
165 208
166 167
166 207
166 208
166 209
167 168
167 208
167 209
167 210
168 169
168 209
168 210
168 211
169 170
169 210
169 211
170 211
171 172
171 212
172 173
172 212
172 213
173 174
173 212
173 213
173 214
174 175
174 213
174 214
175 176
175 214
175 215
176 177
176 215
176 216
177 215
177 216
177 217
178 179
178 217
178 218
178 219
179 180
179 218
179 219
180 181
180 219
181 182
181 220
182 183
182 220
183 184
183 220
183 221
184 185
184 221
184 222
185 186
185 221
185 222
185 223
186 187
186 222
186 223
186 224
187 223
187 224
187 225
188 189
188 225
188 226
188 227
189 190
189 226
189 227
189 228
190 191
190 227
190 228
190 229
191 192
191 228
191 229
191 230
192 193
192 229
192 230
192 231
193 194
193 230
193 231
193 232
194 231
194 232
194 233
195 234
195 235
196 197
196 236
197 236
197 237
198 199
198 237
198 238
198 239
199 238
199 239
199 240
200 201
200 241
200 242
200 243
201 202
201 242
201 243
201 244
202 203
202 243
202 244
202 245
203 204
203 244
203 245
203 246
204 205
204 245
204 246
204 247
205 206
205 246
205 247
205 248
206 207
206 247
206 248
206 249
207 208
207 248
207 249
207 250
208 209
208 249
208 250
208 251
209 210
209 250
209 251
210 211
210 251
210 252
211 252
211 253
212 213
212 255
212 256
213 214
213 256
213 257
214 257
214 258
215 216
215 258
215 259
215 260
216 217
216 259
216 260
216 261
217 218
217 260
217 261
217 262
218 219
218 261
218 262
218 263
219 262
219 263
220 264
220 265
221 222
221 266
221 267
222 223
222 266
222 267
222 268
223 224
223 267
223 268
223 269
224 225
224 268
224 269
224 270
225 226
225 269
225 270
225 271
226 227
226 270
226 271
226 272
227 228
227 271
227 272
227 273
228 229
228 272
228 273
228 274
229 230
229 273
229 274
229 275
230 231
230 274
230 275
230 276
231 232
231 275
231 276
231 277
232 233
232 276
232 277
232 278
233 234
233 277
233 278
234 235
234 278
234 279
235 279
236 280
237 238
237 281
237 282
238 239
238 281
238 282
238 283
239 240
239 282
239 283
239 284
240 241
240 283
240 284
240 285
241 242
241 284
241 285
242 243
242 285
242 286
243 244
243 286
243 287
244 245
244 286
244 287
244 288
245 246
245 287
245 288
246 247
246 288
246 289
247 248
247 289
248 249
248 289
248 290
249 250
249 290
249 291
250 251
250 290
250 291
250 292
251 291
251 292
252 253
252 293
252 294
253 254
253 293
253 294
253 295
254 255
254 294
254 295
254 296
255 256
255 295
255 296
255 297
256 296
256 297
256 298
257 258
257 298
257 299
257 300
258 259
258 299
258 300
258 301
259 260
259 300
259 301
260 261
260 301
260 302
261 262
261 302
261 303
262 263
262 302
262 303
262 304
263 303
263 304
263 305
264 265
264 305
264 306
264 307
265 306
265 307
265 308
266 267
266 308
266 309
266 310
267 268
267 309
267 310
267 311
268 269
268 310
268 311
269 270
269 311
269 312
270 271
270 312
270 313
271 272
271 312
271 313
272 273
272 313
273 274
273 314
274 275
274 314
274 315
275 276
275 314
275 315
275 316
276 277
276 315
276 316
276 317
277 278
277 316
277 317
277 318
278 317
278 318
278 319
279 319
279 320
280 321
280 322
281 282
281 322
281 323
282 283
282 323
282 324
283 284
283 323
283 324
283 325
284 285
284 324
284 325
284 326
285 325
285 326
286 287
286 327
286 328
287 288
287 327
287 328
287 329
288 328
288 329
288 330
289 330
289 331
290 291
290 331
290 332
290 333
291 292
291 332
291 333
291 334
292 333
292 334
292 335
293 294
293 335
293 336
293 337
294 295
294 336
294 337
295 296
295 337
296 297
296 338
297 298
297 338
297 339
298 299
298 338
298 339
298 340
299 300
299 339
299 340
299 341
300 301
300 340
300 341
300 342
301 341
301 342
301 343
302 303
302 343
302 344
302 345
303 304
303 344
303 345
303 346
304 305
304 345
304 346
304 347
305 306
305 346
305 347
305 348
306 307
306 347
306 348
306 349
307 308
307 348
307 349
307 350
308 309
308 349
308 350
308 351
309 310
309 350
309 351
309 352
310 311
310 351
310 352
310 353
311 352
311 353
311 354
312 313
312 354
312 355
312 356
313 355
313 356
313 357
314 315
314 358
314 359
315 316
315 359
315 360
316 317
316 360
316 361
317 318
317 360
317 361
317 362
318 319
318 361
318 362
318 363
319 320
319 362
319 363
319 364
320 363
320 364
321 322
321 365
321 366
322 365
322 366
322 367
323 324
323 367
323 368
323 369
324 325
324 368
324 369
324 370
325 326
325 369
325 370
325 371
326 370
326 371
326 372
327 328
327 372
327 373
327 374
328 329
328 373
328 374
328 375
329 330
329 374
329 375
329 376
330 375
330 376
330 377
331 332
331 377
331 378
331 379
332 333
332 378
332 379
332 380
333 334
333 379
333 380
333 381
334 335
334 380
334 381
334 382
335 336
335 381
335 382
335 383
336 337
336 382
336 383
336 384
337 383
337 384
337 385
338 339
338 386
338 387
338 388
339 340
339 387
339 388
339 389
340 341
340 388
340 389
341 342
341 389
342 343
342 390
343 344
343 390
343 391
344 345
344 390
344 391
344 392
345 346
345 391
345 392
345 393
346 347
346 392
346 393
347 348
347 393
347 394
348 349
348 394
349 350
349 394
349 395
350 351
350 395
350 396
351 352
351 395
351 396
351 397
352 353
352 396
352 397
352 398
353 354
353 397
353 398
353 399
354 355
354 398
354 399
355 356
355 399
355 400
356 357
356 400
356 401
357 358
357 400
357 401
357 402
358 359
358 401
358 402
358 403
359 402
359 403
359 404
360 361
360 404
360 405
360 406
361 362
361 405
361 406
362 363
362 406
363 364
363 407
364 407
365 366
365 408
366 367
366 408
366 409
367 368
367 409
367 410
368 369
368 409
368 410
368 411
369 370
369 410
369 411
369 412
370 371
370 411
370 412
370 413
371 372
371 412
371 413
372 373
372 413
372 414
373 374
373 414
373 415
374 375
374 414
374 415
374 416
375 376
375 415
375 416
376 377
376 416
376 417
377 378
377 417
377 418
378 379
378 417
378 418
378 419
379 380
379 418
379 419
379 420
380 381
380 419
380 420
380 421
381 382
381 420
381 421
381 422
382 383
382 421
382 422
382 423
383 384
383 422
383 423
384 385
384 423
384 424
385 386
385 424
385 425
386 387
386 424
386 425
386 426
387 388
387 425
387 426
388 389
388 426
389 427
390 391
390 428
390 429
390 430
391 392
391 429
391 430
391 431
392 393
392 430
392 431
393 431
393 432
394 432
394 433
395 396
395 433
395 434
395 435
396 397
396 434
396 435
396 436
397 398
397 435
397 436
397 437
398 399
398 436
398 437
399 437
399 438
400 401
400 438
400 439
400 440
401 402
401 439
401 440
401 441
402 403
402 440
402 441
402 442
403 404
403 441
403 442
403 443
404 405
404 442
404 443
405 406
405 443
406 444
407 445
407 446
409 410
409 447
409 448
410 411
410 447
410 448
410 449
411 412
411 448
411 449
411 450
412 413
412 449
412 450
412 451
413 450
413 451
414 415
414 452
415 416
415 452
415 453
416 453
416 454
417 418
417 454
417 455
418 419
418 455
418 456
419 420
419 456
419 457
420 421
420 456
420 457
420 458
421 422
421 457
421 458
421 459
422 423
422 458
422 459
423 459
424 425
424 460
424 461
425 426
425 460
425 461
425 462
426 461
426 462
427 428
427 463
427 464
428 429
428 464
428 465
429 430
429 465
430 431
430 465
430 466
431 466
431 467
432 467
432 468
432 469
433 434
433 469
433 470
433 471
434 435
434 470
434 471
435 436
435 471
435 472
436 437
436 472
436 473
437 472
437 473
437 474
438 439
438 474
438 475
438 476
439 440
439 475
439 476
439 477
440 441
440 476
440 477
440 478
441 442
441 477
441 478
441 479
442 443
442 478
442 479
442 480
443 479
443 480
444 445
444 481
444 482
445 446
445 482
445 483
446 483
447 448
447 484
447 485
447 486
448 449
448 485
448 486
449 450
449 486
449 487
450 451
450 487
450 488
451 487
451 488
453 454
453 489
453 490
454 455
454 489
454 490
454 491
455 490
455 491
456 457
456 492
456 493
457 458
457 492
457 493
457 494
458 459
458 493
458 494
459 494
459 495
460 461
460 496
461 462
461 496
461 497
462 496
462 497
463 464
463 498
464 498
464 499
465 499
465 500
466 467
466 500
466 501
466 502
467 468
467 501
467 502
467 503
468 469
468 502
468 503
468 504
469 470
469 503
469 504
469 505
470 471
470 504
470 505
470 506
471 505
471 506
471 507
472 473
472 507
472 508
472 509
473 474
473 508
473 509
473 510
474 475
474 509
474 510
474 511
475 476
475 510
475 511
475 512
476 477
476 511
476 512
476 513
477 478
477 512
477 513
477 514
478 479
478 513
478 514
478 515
479 480
479 514
479 515
480 515
480 516
481 482
481 516
481 517
481 518
482 517
482 518
482 519
483 519
484 485
484 520
484 521
484 522
485 486
485 521
485 522
485 523
486 522
486 523
486 524
487 488
487 524
487 525
487 526
488 525
488 526
488 527
489 490
489 528
489 529
490 491
490 529
490 530
491 530
491 531
492 493
492 531
492 532
492 533
493 494
493 532
493 533
493 534
494 533
494 534
494 535
495 535
495 536
496 497
496 537
496 538
497 537
497 538
497 539
498 499
498 540
498 541
499 540
499 541
499 542
500 501
500 542
500 543
500 544
501 502
501 543
501 544
501 545
502 503
502 544
502 545
502 546
503 504
503 545
503 546
503 547
504 505
504 546
504 547
504 548
505 506
505 547
505 548
505 549
506 507
506 548
506 549
507 508
507 549
507 550
508 509
508 550
508 551
509 510
509 550
509 551
509 552
510 511
510 551
510 552
511 512
511 552
511 553
512 513
512 553
512 554
513 514
513 553
513 554
514 515
514 554
514 555
515 555
515 556
516 517
516 556
516 557
517 518
517 557
517 558
518 519
518 557
518 558
518 559
519 558
519 559
520 521
520 560
520 561
521 522
521 560
521 561
521 562
522 523
522 561
522 562
522 563
523 524
523 562
523 563
523 564
524 525
524 563
524 564
524 565
525 526
525 564
525 565
525 566
526 527
526 565
526 566
527 566
527 567
528 529
528 567
528 568
528 569
529 568
529 569
529 570
530 531
530 570
530 571
531 532
531 571
532 533
532 572
533 534
533 572
533 573
534 535
534 572
534 573
534 574
535 536
535 573
535 574
536 574
536 575
537 538
537 576
538 539
538 576
538 577
539 577
539 578
540 541
540 578
540 579
541 542
541 579
541 580
542 543
542 580
542 581
543 544
543 580
543 581
543 582
544 545
544 581
544 582
545 546
545 582
545 583
546 547
546 583
546 584
547 548
547 583
547 584
548 549
548 584
548 585
549 585
549 586
550 551
550 586
550 587
550 588
551 552
551 587
551 588
552 588
553 554
553 589
553 590
554 589
554 590
554 591
555 556
555 591
555 592
556 592
556 593
557 558
557 593
557 594
557 595
558 559
558 594
558 595
558 596
559 595
559 596
559 597
560 561
560 598
560 599
561 562
561 598
561 599
561 600
562 563
562 599
562 600
562 601
563 564
563 600
563 601
563 602
564 565
564 601
564 602
564 603
565 566
565 602
565 603
565 604
566 603
566 604
566 605
567 568
567 605
567 606
568 569
568 606
568 607
569 570
569 607
569 608
570 571
570 607
570 608
570 609
571 608
571 609
571 610
572 573
572 611
572 612
572 613
573 574
573 612
573 613
573 614
574 613
574 614
574 615
575 615
575 616
575 617
576 617
576 618
577 578
577 619
578 579
578 619
578 620
579 620
579 621
580 581
580 621
580 622
580 623
581 582
581 622
581 623
582 623
583 584
583 624
583 625
584 624
584 625
584 626
585 586
585 626
585 627
585 628
586 587
586 627
586 628
586 629
587 588
587 628
587 629
587 630
588 629
588 630
588 631
589 590
589 632
589 633
589 634
590 591
590 633
590 634
590 635
591 634
591 635
591 636
592 593
592 636
592 637
593 594
593 637
593 638
594 595
594 638
594 639
595 596
595 638
595 639
595 640
596 597
596 639
596 640
597 640
598 599
598 641
598 642
599 600
599 641
599 642
599 643
600 601
600 642
600 643
601 602
601 643
602 603
602 644
603 604
603 644
603 645
604 605
604 644
604 645
604 646
605 606
605 645
605 646
606 646
606 647
607 608
607 647
608 609
609 610
610 611
610 648
611 612
611 648
611 649
612 613
612 648
612 649
612 650
613 614
613 649
613 650
613 651
614 615
614 650
614 651
614 652
615 616
615 651
615 652
616 617
616 652
617 618
617 653
618 653
619 654
619 655
620 621
620 655
620 656
620 657
621 622
621 656
621 657
622 623
622 657
623 658
624 625
624 659
624 660
624 661
625 626
625 660
625 661
625 662
626 627
626 661
626 662
627 628
627 662
627 663
628 629
628 663
628 664
629 630
629 663
629 664
629 665
630 631
630 664
630 665
630 666
631 632
631 665
631 666
631 667
632 633
632 666
632 667
632 668
633 634
633 667
633 668
634 635
634 668
634 669
635 636
635 669
635 670
636 637
636 669
636 670
636 671
637 670
637 671
637 672
638 639
638 672
638 673
638 674
639 640
639 673
639 674
639 675
640 674
640 675
641 642
641 676
642 643
642 676
642 677
643 676
643 677
643 678
644 645
644 679
644 680
644 681
645 646
645 680
645 681
645 682
646 681
646 682
646 683
647 683
648 649
648 686
648 687
648 688
649 650
649 687
649 688
649 689
650 651
650 688
650 689
650 690
651 652
651 689
651 690
651 691
652 690
652 691
652 692
653 693
653 694
653 695
654 655
654 695
654 696
654 697
655 656
655 696
655 697
655 698
656 657
656 697
656 698
656 699
657 698
657 699
657 700
658 659
658 701
658 702
659 660
659 701
659 702
659 703
660 661
660 702
660 703
660 704
661 662
661 703
661 704
661 705
662 704
662 705
662 706
663 664
663 706
663 707
663 708
664 665
664 707
664 708
664 709
665 666
665 708
665 709
666 667
666 709
666 710
667 668
667 710
668 710
669 670
669 711
670 671
670 711
670 712
671 672
671 712
671 713
672 673
672 712
672 713
673 674
673 713
673 714
674 675
674 714
674 715
675 714
675 715
675 716
676 677
676 717
676 718
676 719
677 678
677 718
677 719
677 720
678 679
678 719
678 720
679 680
679 720
679 721
680 681
680 721
680 722
681 682
681 721
681 722
681 723
682 683
682 722
682 723
682 724
683 723
683 724
683 725
684 685
684 726
684 727
685 686
685 727
685 728
686 687
686 727
686 728
686 729
687 688
687 728
687 729
687 730
688 689
688 729
688 730
688 731
689 690
689 730
689 731
689 732
690 691
690 731
690 732
691 692
691 732
691 733
692 693
692 733
692 734
693 694
693 733
693 734
694 695
694 734
695 696
696 697
696 735
697 698
697 735
697 736
698 699
698 735
698 736
698 737
699 700
699 736
699 737
699 738
700 737
700 738
700 739
701 702
701 739
701 740
702 703
702 740
703 704
704 705
705 706
705 741
706 707
706 741
706 742
707 708
707 741
707 742
707 743
708 709
708 742
708 743
708 744
709 743
709 744
710 745
710 746
711 747
711 748
711 749
712 713
712 749
712 750
712 751
713 750
713 751
713 752
714 715
714 752
714 753
714 754
715 716
715 753
715 754
715 755
716 754
716 755
717 718
717 756
718 719
718 756
718 757
719 720
719 756
719 757
719 758
720 757
720 758
720 759
721 722
721 759
721 760
721 761
722 723
722 760
722 761
722 762
723 724
723 761
723 762
723 763
724 725
724 762
724 763
725 726
725 763
725 764
726 764
726 765
727 728
727 765
727 766
727 767
728 729
728 766
728 767
728 768
729 730
729 767
729 768
730 731
730 768
730 769
731 732
731 769
731 770
732 769
732 770
732 771
733 734
733 771
733 772
734 772
734 773
735 736
735 774
735 775
736 737
736 774
736 775
737 738
737 775
737 776
738 739
738 776
738 777
739 740
739 776
739 777
739 778
740 777
740 778
740 779
741 742
741 782
741 783
742 743
742 783
742 784
743 744
743 783
743 784
743 785
744 784
744 785
744 786
745 746
745 786
745 787
746 747
746 787
747 748
747 787
747 788
748 749
748 788
748 789
749 750
749 788
749 789
749 790
750 751
750 789
750 790
750 791
751 752
751 790
751 791
752 753
752 791
753 754
754 755
754 792
755 792
756 757
756 793
756 794
756 795
757 758
757 794
757 795
758 759
758 795
758 796
759 760
759 796
759 797
760 761
760 796
760 797
760 798
761 762
761 797
761 798
761 799
762 763
762 798
762 799
762 800
763 799
763 800
763 801
764 765
764 801
764 802
764 803
765 766
765 802
765 803
766 767
766 803
766 804
767 768
767 804
768 804
768 805
769 770
769 805
769 806
770 771
770 806
770 807
771 806
771 807
771 808
772 773
772 808
772 809
772 810
773 809
773 810
773 811
774 775
774 812
774 813
775 813
775 814
776 777
776 814
777 778
777 815
778 779
778 815
778 816
779 780
779 815
779 816
779 817
780 781
780 816
780 817
780 818
781 782
781 817
781 818
781 819
782 818
782 819
782 820
783 784
783 820
783 821
783 822
784 785
784 821
784 822
784 823
785 786
785 822
785 823
785 824
786 823
786 824
787 825
787 826
788 789
788 826
788 827
789 790
789 827
789 828
790 791
790 828
790 829
791 828
791 829
792 830
793 794
793 831
793 832
794 795
794 831
794 832
794 833
795 832
795 833
795 834
796 797
796 834
796 835
796 836
797 798
797 835
797 836
797 837
798 799
798 836
798 837
798 838
799 800
799 837
799 838
799 839
800 801
800 838
800 839
801 802
801 839
801 840
802 803
802 840
802 841
803 840
803 841
803 842
804 842
804 843
805 844
806 807
806 845
806 846
807 808
807 845
807 846
808 809
808 846
809 810
810 811
810 847
811 812
811 847
811 848
812 847
812 848
813 814
813 849
813 850
814 849
814 850
814 851
815 816
815 852
815 853
816 817
816 852
816 853
816 854
817 818
817 853
817 854
817 855
818 819
818 854
818 855
818 856
819 820
819 855
819 856
819 857
820 821
820 856
820 857
820 858
821 822
821 857
821 858
821 859
822 823
822 858
822 859
822 860
823 824
823 859
823 860
824 860
825 826
825 861
825 862
826 827
826 861
826 862
827 862
827 863
828 829
828 863
828 864
829 864
830 865
830 866
831 832
831 867
831 868
832 833
832 867
832 868
833 834
833 868
834 835
834 869
835 836
835 869
835 870
836 837
836 869
836 870
836 871
837 838
837 870
837 871
838 839
838 871
838 872
839 872
839 873
840 841
840 873
840 874
841 842
841 874
841 875
842 843
842 874
842 875
842 876
843 875
843 876
843 877
844 877
845 846
845 878
845 879
846 878
846 879
846 880
847 848
847 881
847 882
847 883
848 882
848 883
848 884
849 850
849 884
849 885
850 851
850 885
850 886
851 885
851 886
851 887
852 853
852 887
852 888
853 854
853 888
853 889
854 855
854 888
854 889
855 856
855 889
855 890
856 857
856 890
856 891
857 858
857 890
857 891
857 892
858 859
858 891
858 892
858 893
859 860
859 892
859 893
859 894
860 893
860 894
861 862
861 895
861 896
862 896
863 897
863 898
864 898
864 899
864 900
865 900
865 901
865 902
866 902
866 903
867 868
867 904
867 905
868 904
868 905
868 906
869 870
869 907
869 908
869 909
870 871
870 908
870 909
870 910
871 909
871 910
871 911
872 873
872 911
872 912
872 913
873 912
873 913
873 914
874 875
874 914
874 915
875 876
875 915
876 877
876 915
876 916
877 916
877 917
878 879
878 918
878 919
879 880
879 919
879 920
880 920
881 882
881 921
881 922
882 883
882 921
882 922
882 923
883 884
883 922
883 923
883 924
884 923
884 924
884 925
885 886
885 925
885 926
886 887
886 926
886 927
887 927
887 928
888 889
888 928
888 929
888 930
889 929
889 930
889 931
890 891
890 931
890 932
890 933
891 892
891 932
891 933
892 893
892 933
892 934
893 894
893 934
893 935
894 934
894 935
894 936
895 936
895 937
895 938
896 938
896 939
896 940
897 898
897 940
897 941
898 899
898 941
898 942
899 900
899 941
899 942
899 943
900 901
900 942
900 943
900 944
901 902
901 943
901 944
901 945
902 903
902 944
902 945
902 946
903 945
903 946
904 905
904 947
904 948
905 906
905 947
905 948
905 949
906 907
906 948
906 949
906 950
907 908
907 949
907 950
908 909
908 950
908 951
909 910
909 951
910 911
910 951
911 912
911 952
912 913
912 952
913 914
913 952
913 953
914 953
914 954
915 954
915 955
915 956
916 917
916 956
916 957
917 918
917 957
918 919
918 958
919 958
919 959
920 959
920 960
921 922
921 960
921 961
921 962
922 923
922 961
922 962
922 963
923 924
923 962
923 963
924 925
924 963
924 964
925 926
925 964
925 965
926 964
926 965
926 966
927 928
927 966
927 967
927 968
928 929
928 967
928 968
928 969
929 930
929 968
929 969
929 970
930 931
930 969
930 970
930 971
931 932
931 970
931 971
931 972
932 933
932 971
932 972
932 973
933 972
933 973
934 935
934 974
935 936
935 974
935 975
936 937
936 974
936 975
936 976
937 938
937 975
937 976
937 977
938 939
938 976
938 977
938 978
939 940
939 977
939 978
939 979
940 978
940 979
941 942
941 980
942 943
942 980
942 981
943 944
943 981
944 945
944 981
944 982
945 946
945 982
945 983
946 982
946 983
947 948
947 984
948 949
948 984
948 985
949 950
949 985
949 986
950 985
950 986
950 987
951 987
951 988
951 989
952 990
952 991
953 954
954 955
954 992
955 956
955 992
955 993
956 957
956 992
956 993
956 994
957 993
957 994
957 995
958 959
958 996
958 997
958 998
959 997
959 998
959 999
960 961
960 999
960 1000
960 1001
961 962
961 1000
961 1001
961 1002
962 963
962 1001
962 1002
962 1003
963 1002
963 1003
963 1004
964 965
964 1004
964 1005
964 1006
965 966
965 1005
965 1006
965 1007
966 967
966 1006
966 1007
966 1008
967 968
967 1007
967 1008
968 969
968 1008
969 970
969 1009
970 971
970 1009
970 1010
971 972
971 1009
971 1010
971 1011
972 973
972 1010
972 1011
972 1012
973 1011
973 1012
974 975
974 1013
974 1014
975 976
975 1013
975 1014
976 977
976 1014
976 1015
977 978
977 1015
977 1016
978 979
978 1015
978 1016
978 1017
979 1016
979 1017
979 1018
980 1018
980 1019
980 1020
981 1020
981 1021
981 1022
982 983
982 1022
982 1023
982 1024
983 1023
983 1024
984 1025
985 986
985 1025
985 1026
985 1027
986 987
986 1026
986 1027
986 1028
987 988
987 1027
987 1028
987 1029
988 989
988 1028
988 1029
988 1030
989 990
989 1029
989 1030
989 1031
990 991
990 1030
990 1031
990 1032
991 1031
991 1032
991 1033
992 993
992 1035
992 1036
992 1037
993 994
993 1036
993 1037
993 1038
994 995
994 1037
994 1038
994 1039
995 996
995 1038
995 1039
995 1040
996 997
996 1039
996 1040
996 1041
997 998
997 1040
997 1041
997 1042
998 999
998 1041
998 1042
999 1000
999 1042
1000 1001
1000 1043
1001 1002
1001 1043
1002 1003
1002 1043
1002 1044
1003 1004
1003 1044
1003 1045
1004 1005
1004 1044
1004 1045
1005 1006
1005 1045
1005 1046
1006 1007
1006 1046
1006 1047
1007 1008
1007 1046
1007 1047
1007 1048
1008 1047
1008 1048
1009 1010
1009 1049
1009 1050
1010 1011
1010 1050
1010 1051
1011 1012
1011 1051
1011 1052
1012 1051
1012 1052
1012 1053
1013 1014
1013 1054
1013 1055
1013 1056
1014 1055
1014 1056
1014 1057
1015 1016
1015 1057
1015 1058
1015 1059
1016 1017
1016 1058
1016 1059
1016 1060
1017 1018
1017 1059
1017 1060
1017 1061
1018 1019
1018 1060
1018 1061
1019 1020
1019 1061
1019 1062
1020 1021
1020 1062
1020 1063
1021 1022
1021 1062
1021 1063
1022 1023
1022 1063
1023 1024
1025 1026
1025 1064
1025 1065
1025 1066
1026 1027
1026 1065
1026 1066
1026 1067
1027 1028
1027 1066
1027 1067
1027 1068
1028 1029
1028 1067
1028 1068
1028 1069
1029 1030
1029 1068
1029 1069
1029 1070
1030 1031
1030 1069
1030 1070
1030 1071
1031 1032
1031 1070
1031 1071
1031 1072
1032 1033
1032 1071
1032 1072
1032 1073
1033 1034
1033 1072
1033 1073
1033 1074
1034 1035
1034 1073
1034 1074
1034 1075
1035 1036
1035 1074
1035 1075
1035 1076
1036 1037
1036 1075
1036 1076
1036 1077
1037 1038
1037 1076
1037 1077
1038 1039
1038 1077
1038 1078
1039 1040
1039 1078
1039 1079
1040 1041
1040 1078
1040 1079
1041 1042
1041 1079
1041 1080
1042 1080
1042 1081
1043 1082
1043 1083
1044 1045
1044 1083
1044 1084
1044 1085
1045 1084
1045 1085
1045 1086
1046 1047
1046 1086
1046 1087
1046 1088
1047 1048
1047 1087
1047 1088
1047 1089
1048 1088
1048 1089
1049 1050
1049 1090
1050 1090
1050 1091
1051 1052
1051 1091
1051 1092
1051 1093
1052 1053
1052 1092
1052 1093
1052 1094
1053 1054
1053 1093
1053 1094
1053 1095
1054 1055
1054 1094
1054 1095
1054 1096
1055 1056
1055 1095
1055 1096
1055 1097
1056 1057
1056 1096
1056 1097
1056 1098
1057 1058
1057 1097
1057 1098
1057 1099
1058 1059
1058 1098
1058 1099
1058 1100
1059 1060
1059 1099
1059 1100
1060 1061
1060 1100
1060 1101
1061 1101
1061 1102
1062 1063
1062 1102
1062 1103
1062 1104
1063 1103
1063 1104
1064 1065
1064 1107
1065 1066
1065 1107
1066 1067
1066 1108
1067 1068
1067 1108
1067 1109
1068 1069
1068 1108
1068 1109
1068 1110
1069 1070
1069 1109
1069 1110
1069 1111
1070 1071
1070 1110
1070 1111
1070 1112
1071 1072
1071 1111
1071 1112
1071 1113
1072 1073
1072 1112
1072 1113
1072 1114
1073 1074
1073 1113
1073 1114
1073 1115
1074 1075
1074 1114
1074 1115
1074 1116
1075 1076
1075 1115
1075 1116
1075 1117
1076 1077
1076 1116
1076 1117
1076 1118
1077 1117
1077 1118
1078 1079
1078 1119
1079 1119
1079 1120
1080 1081
1080 1120
1080 1121
1080 1122
1081 1121
1081 1122
1081 1123
1082 1083
1082 1123
1082 1124
1082 1125
1083 1084
1083 1124
1083 1125
1083 1126
1084 1085
1084 1125
1084 1126
1084 1127
1085 1086
1085 1126
1085 1127
1086 1087
1086 1127
1086 1128
1087 1088
1087 1128
1087 1129
1088 1089
1088 1128
1088 1129
1089 1129
1089 1130
1090 1130
1090 1131
1090 1132
1091 1092
1091 1132
1091 1133
1091 1134
1092 1093
1092 1133
1092 1134
1092 1135
1093 1094
1093 1134
1093 1135
1093 1136
1094 1095
1094 1135
1094 1136
1094 1137
1095 1096
1095 1136
1095 1137
1095 1138
1096 1097
1096 1137
1096 1138
1097 1098
1097 1138
1097 1139
1098 1099
1098 1139
1098 1140
1099 1100
1099 1139
1099 1140
1099 1141
1100 1140
1100 1141
1100 1142
1101 1102
1101 1142
1101 1143
1101 1144
1102 1103
1102 1143
1102 1144
1102 1145
1103 1104
1103 1144
1103 1145
1103 1146
1104 1145
1104 1146
1104 1147
1105 1106
1105 1147
1105 1148
1106 1148
1107 1149
1107 1150
1108 1109
1108 1151
1108 1152
1108 1153
1109 1110
1109 1152
1109 1153
1109 1154
1110 1111
1110 1153
1110 1154
1110 1155
1111 1112
1111 1154
1111 1155
1112 1113
1112 1155
1113 1114
1113 1156
1114 1115
1114 1156
1114 1157
1115 1116
1115 1156
1115 1157
1115 1158
1116 1117
1116 1157
1116 1158
1117 1118
1117 1158
1117 1159
1118 1159
1118 1160
1119 1160
1119 1161
1119 1162
1120 1121
1120 1162
1120 1163
1121 1122
1121 1163
1121 1164
1122 1123
1122 1163
1122 1164
1122 1165
1123 1124
1123 1164
1123 1165
1124 1125
1124 1165
1124 1166
1125 1126
1125 1166
1126 1127
1126 1166
1128 1129
1128 1167
1128 1168
1129 1167
1129 1168
1129 1169
1130 1131
1130 1169
1130 1170
1130 1171
1131 1132
1131 1170
1131 1171
1131 1172
1132 1133
1132 1171
1132 1172
1133 1134
1133 1172
1133 1173
1134 1135
1134 1173
1134 1174
1135 1136
1135 1173
1135 1174
1135 1175
1136 1137
1136 1174
1136 1175
1136 1176
1137 1138
1137 1175
1137 1176
1137 1177
1138 1176
1138 1177
1138 1178
1139 1140
1139 1178
1139 1179
1139 1180
1140 1141
1140 1179
1140 1180
1140 1181
1141 1142
1141 1180
1141 1181
1141 1182
1142 1143
1142 1181
1142 1182
1142 1183
1143 1144
1143 1182
1143 1183
1143 1184
1144 1145
1144 1183
1144 1184
1144 1185
1145 1146
1145 1184
1145 1185
1145 1186
1146 1147
1146 1185
1146 1186
1147 1148
1147 1186
1147 1187
1148 1187
1148 1188
1149 1150
1149 1189
1149 1190
1150 1151
1150 1189
1150 1190
1150 1191
1151 1152
1151 1190
1151 1191
1152 1153
1152 1191
1152 1192
1153 1154
1153 1192
1153 1193
1154 1155
1154 1192
1154 1193
1155 1193
1155 1194
1156 1157
1156 1195
1156 1196
1157 1158
1157 1196
1157 1197
1158 1196
1158 1197
1159 1160
1159 1198
1159 1199
1160 1161
1160 1198
1160 1199
1160 1200
1161 1162
1161 1199
1161 1200
1161 1201
1162 1200
1162 1201
1162 1202
1163 1164
1163 1202
1163 1203
1164 1165
1164 1203
1164 1204
1165 1203
1165 1204
1166 1205
1167 1168
1167 1207
1167 1208
1168 1169
1168 1207
1168 1208
1168 1209
1169 1170
1169 1208
1169 1209
1169 1210
1170 1171
1170 1209
1170 1210
1170 1211
1171 1172
1171 1210
1171 1211
1172 1211
1172 1212
1173 1174
1173 1212
1173 1213
1173 1214
1174 1175
1174 1213
1174 1214
1174 1215
1175 1176
1175 1214
1175 1215
1175 1216
1176 1177
1176 1215
1176 1216
1176 1217
1177 1178
1177 1216
1177 1217
1178 1179
1178 1217
1178 1218
1179 1180
1179 1218
1179 1219
1180 1181
1180 1218
1180 1219
1180 1220
1181 1182
1181 1219
1181 1220
1182 1183
1182 1220
1182 1221
1183 1184
1183 1221
1183 1222
1184 1185
1184 1221
1184 1222
1184 1223
1185 1186
1185 1222
1185 1223
1185 1224
1186 1223
1186 1224
1186 1225
1187 1188
1187 1225
1187 1226
1187 1227
1188 1226
1188 1227
1189 1190
1189 1228
1189 1229
1190 1191
1190 1228
1190 1229
1190 1230
1191 1229
1191 1230
1191 1231
1192 1193
1192 1231
1192 1232
1192 1233
1193 1232
1193 1233
1193 1234
1194 1195
1194 1234
1194 1235
1195 1235
1196 1197
1196 1236
1196 1237
1197 1236
1197 1237
1197 1238
1198 1199
1198 1238
1198 1239
1198 1240
1199 1200
1199 1239
1199 1240
1199 1241
1200 1201
1200 1240
1200 1241
1200 1242
1201 1202
1201 1241
1201 1242
1201 1243
1202 1242
1202 1243
1203 1204
1203 1244
1203 1245
1204 1244
1204 1245
1204 1246
1205 1206
1205 1247
1205 1248
1205 1249
1206 1248
1206 1249
1206 1250
1207 1208
1207 1250
1207 1251
1207 1252
1208 1209
1208 1251
1208 1252
1208 1253
1209 1210
1209 1252
1209 1253
1210 1211
1210 1253
1210 1254
1211 1254
1211 1255
1212 1213
1212 1255
1212 1256
1212 1257
1213 1214
1213 1256
1213 1257
1213 1258
1214 1215
1214 1257
1214 1258
1214 1259
1215 1216
1215 1258
1215 1259
1215 1260
1216 1217
1216 1259
1216 1260
1216 1261
1217 1260
1217 1261
1218 1219
1218 1262
1218 1263
1219 1220
1219 1262
1219 1263
1219 1264
1220 1263
1220 1264
1220 1265
1221 1222
1221 1265
1221 1266
1221 1267
1222 1223
1222 1266
1222 1267
1222 1268
1223 1224
1223 1267
1223 1268
1224 1225
1224 1268
1224 1269
1225 1226
1225 1269
1225 1270
1226 1227
1226 1269
1226 1270
1226 1271
1227 1270
1227 1271
1228 1229
1228 1272
1228 1273
1229 1230
1229 1272
1229 1273
1229 1274
1230 1231
1230 1273
1230 1274
1230 1275
1231 1232
1231 1274
1231 1275
1231 1276
1232 1233
1232 1275
1232 1276
1233 1234
1233 1276
1233 1277
1234 1235
1234 1277
1234 1278
1235 1277
1235 1278
1235 1279
1236 1237
1236 1280
1236 1281
1236 1282
1237 1238
1237 1281
1237 1282
1237 1283
1238 1239
1238 1282
1238 1283
1238 1284
1239 1240
1239 1283
1239 1284
1239 1285
1240 1241
1240 1284
1240 1285
1240 1286
1241 1242
1241 1285
1241 1286
1241 1287
1242 1243
1242 1286
1242 1287
1242 1288
1243 1287
1243 1288
1243 1289
1244 1245
1244 1289
1244 1290
1244 1291
1245 1246
1245 1290
1245 1291
1245 1292
1246 1247
1246 1291
1246 1292
1247 1248
1247 1292
1247 1293
1248 1249
1248 1293
1249 1250
1249 1293
1249 1294
1250 1251
1250 1294
1250 1295
1251 1252
1251 1294
1251 1295
1251 1296
1252 1253
1252 1295
1252 1296
1252 1297
1253 1296
1253 1297
1253 1298
1254 1255
1254 1298
1254 1299
1255 1256
1255 1299
1255 1300
1256 1257
1256 1299
1256 1300
1257 1258
1257 1300
1257 1301
1258 1259
1258 1301
1258 1302
1259 1260
1259 1301
1259 1302
1259 1303
1260 1261
1260 1302
1260 1303
1260 1304
1261 1303
1261 1304
1261 1305
1262 1263
1262 1305
1262 1306
1262 1307
1263 1264
1263 1306
1263 1307
1263 1308
1264 1265
1264 1307
1264 1308
1264 1309
1265 1266
1265 1308
1265 1309
1265 1310
1266 1267
1266 1309
1266 1310
1266 1311
1267 1268
1267 1310
1267 1311
1267 1312
1268 1311
1268 1312
1269 1270
1269 1313
1270 1271
1270 1313
1270 1314
1271 1314
1272 1273
1273 1274
1273 1315
1274 1275
1274 1315
1274 1316
1275 1276
1275 1315
1275 1316
1275 1317
1276 1316
1276 1317
1276 1318
1277 1278
1277 1318
1277 1319
1277 1320
1278 1279
1278 1319
1278 1320
1278 1321
1279 1280
1279 1320
1279 1321
1279 1322
1280 1281
1280 1321
1280 1322
1281 1282
1281 1322
1282 1283
1282 1323
1283 1284
1283 1323
1283 1324
1284 1285
1284 1323
1284 1324
1284 1325
1285 1286
1285 1324
1285 1325
1286 1287
1286 1325
1286 1326
1287 1288
1287 1326
1287 1327
1288 1289
1288 1326
1288 1327
1289 1290
1289 1327
1289 1328
1290 1291
1290 1328
1290 1329
1291 1292
1291 1328
1291 1329
1291 1330
1292 1329
1292 1330
1293 1331
1294 1295
1294 1332
1295 1296
1295 1332
1295 1333
1296 1297
1296 1333
1296 1334
1297 1298
1297 1333
1297 1334
1297 1335
1298 1334
1298 1335
1298 1336
1299 1300
1299 1336
1299 1337
1299 1338
1300 1337
1300 1338
1300 1339
1301 1302
1301 1339
1301 1340
1302 1303
1302 1340
1302 1341
1303 1304
1303 1341
1303 1342
1304 1305
1304 1341
1304 1342
1304 1343
1305 1306
1305 1342
1305 1343
1306 1307
1306 1343
1306 1344
1307 1308
1307 1344
1308 1309
1308 1344
1308 1345
1309 1310
1309 1345
1310 1311
1310 1345
1310 1346
1311 1312
1311 1346
1312 1346
1312 1347
1313 1347
1313 1348
1313 1349
1314 1349
1314 1350
1315 1316
1315 1351
1315 1352
1316 1317
1316 1352
1316 1353
1317 1318
1317 1353
1317 1354
1318 1319
1318 1353
1318 1354
1319 1320
1319 1354
1319 1355
1320 1321
1320 1355
1320 1356
1321 1322
1321 1355
1321 1356
1321 1357
1322 1356
1322 1357
1322 1358
1323 1324
1323 1359
1323 1360
1323 1361
1324 1325
1324 1360
1324 1361
1324 1362
1325 1361
1325 1362
1325 1363
1326 1327
1326 1363
1326 1364
1327 1364
1327 1365
1328 1329
1328 1365
1328 1366
1328 1367
1329 1330
1329 1366
1329 1367
1329 1368
1330 1367
1330 1368
1330 1369
1331 1369
1331 1370
1332 1370
1332 1371
1332 1372
1333 1334
1333 1372
1333 1373
1334 1335
1334 1373
1335 1336
1335 1373
1335 1374
1336 1337
1336 1374
1336 1375
1337 1338
1337 1374
1337 1375
1338 1339
1338 1375
1338 1376
1339 1340
1339 1376
1339 1377
1340 1376
1340 1377
1341 1342
1341 1378
1341 1379
1342 1343
1342 1378
1342 1379
1342 1380
1343 1379
1343 1380
1343 1381
1344 1381
1345 1382
1345 1383
1346 1383
1346 1384
1346 1385
1347 1348
1347 1385
1347 1386
1347 1387
1348 1349
1348 1386
1348 1387
1348 1388
1349 1350
1349 1387
1349 1388
1349 1389
1350 1388
1350 1389
1351 1352
1351 1390
1351 1391
1351 1392
1352 1391
1352 1392
1352 1393
1353 1354
1353 1393
1353 1394
1353 1395
1354 1394
1354 1395
1354 1396
1355 1356
1355 1396
1355 1397
1355 1398
1356 1357
1356 1397
1356 1398
1357 1358
1357 1398
1357 1399
1358 1359
1358 1399
1359 1360
1359 1399
1359 1400
1360 1361
1360 1400
1361 1362
1361 1400
1361 1401
1362 1363
1362 1401
1362 1402
1363 1364
1363 1401
1363 1402
1363 1403
1364 1402
1364 1403
1364 1404
1365 1366
1365 1404
1365 1405
1365 1406
1366 1367
1366 1405
1366 1406
1367 1368
1367 1406
1367 1407
1368 1369
1368 1407
1368 1408
1369 1407
1369 1408
1369 1409
1370 1371
1370 1409
1370 1410
1371 1372
1371 1410
1371 1411
1372 1411
1372 1412
1373 1412
1373 1413
1373 1414
1374 1375
1374 1414
1374 1415
1375 1415
1375 1416
1376 1377
1376 1416
1376 1417
1376 1418
1377 1417
1377 1418
1377 1419
1378 1379
1378 1419
1378 1420
1378 1421
1379 1380
1379 1420
1379 1421
1380 1381
1380 1421
1380 1422
1381 1422
1381 1423
1382 1383
1382 1424
1382 1425
1382 1426
1383 1384
1383 1425
1383 1426
1383 1427
1384 1385
1384 1426
1384 1427
1384 1428
1385 1386
1385 1427
1385 1428
1385 1429
1386 1387
1386 1428
1386 1429
1387 1388
1387 1429
1387 1430
1388 1389
1388 1430
1388 1431
1389 1430
1389 1431
1390 1391
1390 1432
1390 1433
1391 1392
1391 1432
1391 1433
1391 1434
1392 1393
1392 1433
1392 1434
1393 1394
1393 1434
1393 1435
1394 1395
1394 1435
1394 1436
1395 1396
1395 1435
1395 1436
1395 1437
1396 1397
1396 1436
1396 1437
1396 1438
1397 1398
1397 1437
1397 1438
1397 1439
1398 1438
1398 1439
1398 1440
1399 1440
1399 1441
1400 1441
1400 1442
1400 1443
1401 1402
1401 1443
1401 1444
1401 1445
1402 1403
1402 1444
1402 1445
1402 1446
1403 1404
1403 1445
1403 1446
1404 1405
1404 1446
1404 1447
1405 1406
1405 1447
1405 1448
1406 1447
1406 1448
1406 1449
1407 1408
1407 1449
1407 1450
1407 1451
1408 1409
1408 1450
1408 1451
1409 1410
1409 1451
1409 1452
1410 1452
1410 1453
1411 1412
1411 1453
1411 1454
1411 1455
1412 1413
1412 1454
1412 1455
1412 1456
1413 1414
1413 1455
1413 1456
1413 1457
1414 1415
1414 1456
1414 1457
1414 1458
1415 1457
1415 1458
1415 1459
1416 1417
1416 1459
1416 1460
1416 1461
1417 1418
1417 1460
1417 1461
1417 1462
1418 1419
1418 1461
1418 1462
1419 1420
1419 1462
1420 1421
1420 1463
1421 1463
1421 1464
1422 1423
1422 1464
1422 1465
1422 1466
1423 1424
1423 1465
1423 1466
1423 1467
1424 1425
1424 1466
1424 1467
1425 1426
1425 1467
1426 1427
1426 1468
1427 1428
1427 1468
1427 1469
1428 1429
1428 1468
1428 1469
1429 1469
1429 1470
1430 1431
1430 1470
1430 1471
1430 1472
1431 1471
1431 1472
1432 1433
1432 1473
1432 1474
1433 1434
1433 1473
1433 1474
1433 1475
1434 1474
1434 1475
1434 1476
1435 1436
1435 1476
1435 1477
1436 1437
1436 1477
1436 1478
1437 1438
1437 1478
1437 1479
1438 1439
1438 1478
1438 1479
1438 1480
1439 1440
1439 1479
1439 1480
1439 1481
1440 1480
1440 1481
1440 1482
1441 1442
1441 1482
1441 1483
1441 1484
1442 1443
1442 1483
1442 1484
1442 1485
1443 1444
1443 1484
1443 1485
1443 1486
1444 1445
1444 1485
1444 1486
1444 1487
1445 1446
1445 1486
1445 1487
1445 1488
1446 1487
1446 1488
1446 1489
1447 1448
1447 1489
1447 1490
1447 1491
1448 1449
1448 1490
1448 1491
1449 1450
1449 1491
1449 1492
1450 1451
1450 1492
1450 1493
1451 1492
1451 1493
1451 1494
1452 1453
1452 1494
1452 1495
1453 1454
1453 1495
1454 1455
1454 1495
1454 1496
1455 1456
1455 1496
1455 1497
1456 1457
1456 1496
1456 1497
1457 1458
1457 1497
1458 1459
1458 1498
1459 1460
1459 1498
1460 1461
1460 1498
1461 1462
1461 1499
1462 1499
1462 1500
1463 1464
1463 1501
1463 1502
1463 1503
1464 1465
1464 1502
1464 1503
1464 1504
1465 1466
1465 1503
1465 1504
1466 1467
1466 1504
1466 1505
1467 1505
1467 1506
1468 1469
1468 1507
1468 1508
1468 1509
1469 1508
1469 1509
1470 1471
1471 1472
1471 1510
1472 1510
1473 1474
1473 1511
1473 1512
1474 1475
1474 1511
1474 1512
1475 1476
1475 1512
1475 1513
1476 1477
1476 1513
1476 1514
1477 1513
1477 1514
1477 1515
1478 1479
1478 1515
1478 1516
1478 1517
1479 1480
1479 1516
1479 1517
1479 1518
1480 1481
1480 1517
1480 1518
1480 1519
1481 1482
1481 1518
1481 1519
1481 1520
1482 1483
1482 1519
1482 1520
1482 1521
1483 1484
1483 1520
1483 1521
1483 1522
1484 1485
1484 1521
1484 1522
1484 1523
1485 1486
1485 1522
1485 1523
1485 1524
1486 1487
1486 1523
1486 1524
1486 1525
1487 1488
1487 1524
1487 1525
1487 1526
1488 1489
1488 1525
1488 1526
1489 1490
1489 1526
1489 1527
1490 1491
1490 1527
1490 1528
1491 1527
1491 1528
1491 1529
1492 1493
1492 1529
1492 1530
1492 1531
1493 1494
1493 1530
1493 1531
1493 1532
1494 1531
1494 1532
1494 1533
1495 1533
1495 1534
1496 1497
1496 1534
1496 1535
1496 1536
1497 1535
1497 1536
1497 1537
1498 1538
1498 1539
1498 1540
1499 1500
1499 1541
1499 1542
1500 1501
1500 1542
1500 1543
1501 1502
1501 1543
1501 1544
1502 1503
1502 1543
1502 1544
1502 1545
1503 1504
1503 1544
1503 1545
1504 1545
1504 1546
1505 1506
1505 1546
1505 1547
1505 1548
1506 1507
1506 1547
1506 1548
1506 1549
1507 1508
1507 1548
1507 1549
1507 1550
1508 1509
1508 1549
1508 1550
1508 1551
1509 1550
1509 1551
1509 1552
1510 1554
1510 1555
1511 1512
1511 1556
1511 1557
1512 1556
1512 1557
1512 1558
1513 1514
1513 1558
1513 1559
1514 1515
1514 1559
1514 1560
1515 1516
1515 1559
1515 1560
1515 1561
1516 1517
1516 1560
1516 1561
1516 1562
1517 1518
1517 1561
1517 1562
1517 1563
1518 1519
1518 1562
1518 1563
1519 1520
1519 1563
1519 1564
1520 1521
1520 1564
1520 1565
1521 1522
1521 1564
1521 1565
1521 1566
1522 1523
1522 1565
1522 1566
1522 1567
1523 1524
1523 1566
1523 1567
1524 1525
1524 1567
1524 1568
1525 1526
1525 1568
1525 1569
1526 1568
1526 1569
1526 1570
1527 1528
1527 1570
1527 1571
1528 1529
1528 1571
1529 1530
1529 1572
1530 1531
1530 1572
1530 1573
1531 1532
1531 1572
1531 1573
1531 1574
1532 1533
1532 1573
1532 1574
1533 1574
1533 1575
1534 1535
1534 1575
1534 1576
1534 1577
1535 1536
1535 1576
1535 1577
1535 1578
1536 1537
1536 1577
1536 1578
1536 1579
1537 1538
1537 1578
1537 1579
1537 1580
1538 1539
1538 1579
1538 1580
1538 1581
1539 1540
1539 1580
1539 1581
1539 1582
1540 1541
1540 1581
1540 1582
1540 1583
1541 1542
1541 1582
1541 1583
1541 1584
1542 1583
1542 1584
1543 1544
1543 1585
1544 1545
1544 1585
1544 1586
1545 1586
1545 1587
1546 1547
1546 1587
1546 1588
1546 1589
1547 1548
1547 1588
1547 1589
1547 1590
1548 1549
1548 1589
1548 1590
1548 1591
1549 1550
1549 1590
1549 1591
1550 1551
1550 1591
1550 1592
1551 1552
1551 1592
1551 1593
1552 1553
1552 1592
1552 1593
1552 1594
1553 1554
1553 1593
1553 1594
1554 1555
1554 1594
1554 1595
1555 1595
1556 1557
1556 1596
1557 1558
1557 1596
1557 1597
1558 1597
1558 1598
1559 1560
1559 1598
1559 1599
1559 1600
1560 1561
1560 1599
1560 1600
1560 1601
1561 1562
1561 1600
1561 1601
1561 1602
1562 1563
1562 1601
1562 1602
1562 1603
1563 1602
1563 1603
1563 1604
1564 1565
1564 1604
1565 1566
1566 1567
1567 1605
1568 1569
1568 1605
1568 1606
1568 1607
1569 1570
1569 1606
1569 1607
1569 1608
1570 1571
1570 1607
1570 1608
1570 1609
1571 1608
1571 1609
1571 1610
1572 1573
1572 1611
1572 1612
1573 1574
1573 1611
1573 1612
1573 1613
1574 1612
1574 1613
1574 1614
1575 1576
1575 1614
1575 1615
1575 1616
1576 1577
1576 1615
1576 1616
1576 1617
1577 1578
1577 1616
1577 1617
1577 1618
1578 1579
1578 1617
1578 1618
1578 1619
1579 1580
1579 1618
1579 1619
1579 1620
1580 1581
1580 1619
1580 1620
1580 1621
1581 1582
1581 1620
1581 1621
1581 1622
1582 1583
1582 1621
1582 1622
1582 1623
1583 1584
1583 1622
1583 1623
1584 1623
1584 1624
1585 1624
1585 1625
1585 1626
1586 1587
1586 1626
1586 1627
1587 1588
1587 1627
1588 1589
1588 1628
1589 1590
1589 1628
1590 1591
1590 1628
1590 1629
1591 1629
1591 1630
1592 1593
1592 1630
1592 1631
1592 1632
1593 1594
1593 1631
1593 1632
1593 1633
1594 1632
1594 1633
1595 1634
1596 1635
1596 1636
1597 1598
1597 1636
1597 1637
1598 1599
1598 1637
1598 1638
1599 1600
1599 1638
1599 1639
1600 1601
1600 1638
1600 1639
1600 1640
1601 1602
1601 1639
1601 1640
1601 1641
1602 1603
1602 1640
1602 1641
1602 1642
1603 1604
1603 1641
1603 1642
1603 1643
1604 1642
1604 1643
1605 1606
1605 1646
1605 1647
1605 1648
1606 1607
1606 1647
1606 1648
1606 1649
1607 1608
1607 1648
1607 1649
1607 1650
1608 1609
1608 1649
1608 1650
1608 1651
1609 1610
1609 1650
1609 1651
1609 1652
1610 1651
1610 1652
1611 1612
1611 1653
1611 1654
1612 1613
1612 1653
1612 1654
1612 1655
1613 1614
1613 1654
1613 1655
1614 1615
1614 1655
1614 1656
1615 1616
1615 1656
1615 1657
1616 1617
1616 1656
1616 1657
1616 1658
1617 1618
1617 1657
1617 1658
1617 1659
1618 1619
1618 1658
1618 1659
1618 1660
1619 1620
1619 1659
1619 1660
1619 1661
1620 1621
1620 1660
1620 1661
1620 1662
1621 1622
1621 1661
1621 1662
1621 1663
1622 1623
1622 1662
1622 1663
1622 1664
1623 1663
1623 1664
1624 1625
1624 1665
1624 1666
1625 1626
1625 1665
1625 1666
1625 1667
1626 1627
1626 1666
1626 1667
1627 1667
1627 1668
1628 1669
1628 1670
1628 1671
1629 1630
1629 1671
1629 1672
1629 1673
1630 1631
1630 1672
1630 1673
1630 1674
1631 1632
1631 1673
1631 1674
1632 1633
1632 1674
1632 1675
1633 1675
1633 1676
1634 1676
1634 1677
1635 1636
1635 1678
1635 1679
1636 1637
1636 1678
1636 1679
1636 1680
1637 1679
1637 1680
1638 1639
1638 1681
1639 1640
1639 1681
1640 1641
1640 1682
1641 1642
1641 1682
1641 1683
1642 1643
1642 1682
1642 1683
1642 1684
1643 1683
1643 1684
1644 1645
1644 1685
1644 1686
1645 1646
1645 1685
1645 1686
1645 1687
1646 1647
1646 1686
1646 1687
1646 1688
1647 1648
1647 1687
1647 1688
1647 1689
1648 1649
1648 1688
1648 1689
1648 1690
1649 1650
1649 1689
1649 1690
1649 1691
1650 1651
1650 1690
1650 1691
1650 1692
1651 1652
1651 1691
1651 1692
1651 1693
1652 1692
1652 1693
1652 1694
1653 1654
1653 1694
1653 1695
1654 1655
1654 1695
1654 1696
1655 1696
1655 1697
1656 1657
1656 1697
1656 1698
1656 1699
1657 1658
1657 1698
1657 1699
1657 1700
1658 1659
1658 1699
1658 1700
1658 1701
1659 1660
1659 1700
1659 1701
1659 1702
1660 1661
1660 1701
1660 1702
1660 1703
1661 1662
1661 1702
1661 1703
1661 1704
1662 1663
1662 1703
1662 1704
1663 1664
1663 1704
1663 1705
1664 1705
1664 1706
1665 1666
1665 1706
1665 1707
1665 1708
1666 1667
1666 1707
1666 1708
1666 1709
1667 1708
1667 1709
1667 1710
1668 1669
1668 1710
1668 1711
1669 1670
1669 1711
1669 1712
1670 1671
1670 1712
1670 1713
1671 1672
1671 1712
1671 1713
1671 1714
1672 1673
1672 1713
1672 1714
1672 1715
1673 1674
1673 1714
1673 1715
1674 1715
1674 1716
1675 1676
1675 1716
1675 1717
1676 1677
1676 1717
1676 1718
1677 1717
1677 1718
1678 1679
1678 1719
1679 1680
1679 1719
1679 1720
1680 1719
1680 1720
1680 1721
1681 1721
1681 1722
1681 1723
1682 1683
1682 1724
1682 1725
1682 1726
1683 1684
1683 1725
1683 1726
1683 1727
1684 1726
1684 1727
1684 1728
1685 1686
1685 1728
1685 1729
1685 1730
1686 1687
1686 1729
1686 1730
1686 1731
1687 1688
1687 1730
1687 1731
1688 1689
1688 1731
1689 1690
1689 1732
1690 1691
1690 1732
1690 1733
1691 1692
1691 1732
1691 1733
1691 1734
1692 1693
1692 1733
1692 1734
1692 1735
1693 1694
1693 1734
1693 1735
1693 1736
1694 1695
1694 1735
1694 1736
1694 1737
1695 1736
1695 1737
1695 1738
1696 1697
1696 1738
1696 1739
1697 1698
1697 1739
1698 1699
1698 1740
1699 1700
1699 1740
1700 1701
1700 1740
1700 1741
1701 1702
1701 1741
1701 1742
1702 1703
1702 1741
1702 1742
1702 1743
1703 1704
1703 1742
1703 1743
1703 1744
1704 1743
1704 1744
1704 1745
1705 1706
1705 1745
1705 1746
1705 1747
1706 1707
1706 1746
1706 1747
1706 1748
1707 1708
1707 1747
1707 1748
1707 1749
1708 1709
1708 1748
1708 1749
1708 1750
1709 1710
1709 1749
1709 1750
1709 1751
1710 1711
1710 1750
1710 1751
1710 1752
1711 1751
1711 1752
1711 1753
1712 1713
1712 1753
1712 1754
1713 1714
1713 1754
1713 1755
1714 1715
1714 1754
1714 1755
1714 1756
1715 1755
1715 1756
1715 1757
1716 1757
1716 1758
1717 1718
1717 1758
1717 1759
1717 1760
1718 1759
1718 1760
1719 1720
1719 1761
1719 1762
1720 1721
1720 1761
1720 1762
1720 1763
1721 1722
1721 1762
1721 1763
1721 1764
1722 1723
1722 1763
1722 1764
1723 1724
1723 1764
1723 1765
1724 1725
1724 1765
1724 1766
1725 1726
1725 1765
1725 1766
1725 1767
1726 1727
1726 1766
1726 1767
1726 1768
1727 1728
1727 1767
1727 1768
1728 1729
1728 1768
1728 1769
1729 1730
1729 1769
1729 1770
1730 1731
1730 1769
1730 1770
1730 1771
1731 1770
1731 1771
1732 1733
1732 1772
1732 1773
1732 1774
1733 1734
1733 1773
1733 1774
1733 1775
1734 1735
1734 1774
1734 1775
1734 1776
1735 1736
1735 1775
1735 1776
1735 1777
1736 1737
1736 1776
1736 1777
1736 1778
1737 1738
1737 1777
1737 1778
1737 1779
1738 1739
1738 1778
1738 1779
1738 1780
1739 1779
1739 1780
1739 1781
1740 1782
1740 1783
1740 1784
1741 1742
1741 1784
1741 1785
1741 1786
1742 1743
1742 1785
1742 1786
1742 1787
1743 1744
1743 1786
1743 1787
1743 1788
1744 1745
1744 1787
1744 1788
1744 1789
1745 1746
1745 1788
1745 1789
1745 1790
1746 1747
1746 1789
1746 1790
1746 1791
1747 1748
1747 1790
1747 1791
1747 1792
1748 1749
1748 1791
1748 1792
1749 1750
1749 1792
1749 1793
1750 1751
1750 1793
1751 1752
1751 1793
1751 1794
1752 1753
1752 1794
1752 1795
1753 1794
1753 1795
1753 1796
1754 1755
1754 1796
1754 1797
1754 1798
1755 1756
1755 1797
1755 1798
1755 1799
1756 1757
1756 1798
1756 1799
1757 1799
1757 1800
1758 1759
1758 1800
1758 1801
1759 1760
1759 1801
1759 1802
1760 1801
1760 1802
1761 1762
1761 1803
1761 1804
1762 1763
1762 1803
1762 1804
1762 1805
1763 1764
1763 1804
1763 1805
1763 1806
1764 1805
1764 1806
1764 1807
1765 1766
1765 1807
1765 1808
1766 1767
1766 1808
1767 1768
1767 1809
1768 1809
1769 1770
1769 1810
1769 1811
1770 1771
1770 1810
1770 1811
1770 1812
1771 1811
1771 1812
1771 1813
1772 1773
1772 1813
1772 1814
1773 1774
1773 1814
1773 1815
1774 1775
1774 1815
1774 1816
1775 1776
1775 1815
1775 1816
1776 1777
1776 1816
1776 1817
1777 1778
1777 1817
1778 1779
1778 1817
1778 1818
1779 1780
1779 1818
1779 1819
1780 1781
1780 1818
1780 1819
1781 1782
1781 1819
1781 1820
1782 1783
1782 1820
1783 1784
1783 1820
1783 1821
1784 1785
1784 1821
1784 1822
1785 1786
1785 1821
1785 1822
1785 1823
1786 1787
1786 1822
1786 1823
1786 1824
1787 1788
1787 1823
1787 1824
1787 1825
1788 1789
1788 1824
1788 1825
1789 1790
1789 1825
1789 1826
1790 1791
1790 1826
1790 1827
1791 1792
1791 1826
1791 1827
1792 1827
1792 1828
1793 1828
1793 1829
1793 1830
1794 1795
1794 1830
1794 1831
1795 1796
1795 1831
1796 1797
1796 1831
1796 1832
1797 1798
1797 1832
1797 1833
1798 1799
1798 1832
1798 1833
1798 1834
1799 1833
1799 1834
1799 1835
1800 1835
1800 1836
1800 1837
1801 1802
1801 1837
1801 1838
1801 1839
1802 1838
1802 1839
1803 1804
1803 1840
1803 1841
1803 1842
1804 1805
1804 1841
1804 1842
1804 1843
1805 1806
1805 1842
1805 1843
1805 1844
1806 1807
1806 1843
1806 1844
1807 1808
1807 1844
1807 1845
1808 1845
1808 1846
1809 1847
1809 1848
1810 1811
1810 1849
1810 1850
1811 1812
1811 1849
1811 1850
1811 1851
1812 1813
1812 1850
1812 1851
1812 1852
1813 1814
1813 1851
1813 1852
1813 1853
1814 1852
1814 1853
1814 1854
1815 1816
1815 1854
1815 1855
1816 1855
1816 1856
1817 1856
1817 1857
1818 1819
1818 1858
1818 1859
1819 1858
1819 1859
1819 1860
1820 1860
1820 1861
1820 1862
1821 1822
1821 1862
1822 1823
1822 1863
1823 1824
1823 1863
1823 1864
1824 1825
1824 1863
1824 1864
1824 1865
1825 1864
1825 1865
1825 1866
1826 1827
1826 1866
1826 1867
1827 1867
1827 1868
1828 1829
1828 1868
1828 1869
1828 1870
1829 1830
1829 1869
1829 1870
1830 1870
1830 1871
1831 1871
1831 1872
1831 1873
1832 1833
1832 1873
1833 1834
1833 1874
1834 1835
1834 1874
1834 1875
1835 1836
1835 1874
1835 1875
1835 1876
1836 1837
1836 1875
1836 1876
1836 1877
1837 1838
1837 1876
1837 1877
1837 1878
1838 1839
1838 1877
1838 1878
1838 1879
1839 1878
1839 1879
1840 1841
1840 1880
1840 1881
1841 1842
1841 1880
1841 1881
1841 1882
1842 1843
1842 1881
1842 1882
1842 1883
1843 1844
1843 1882
1843 1883
1843 1884
1844 1883
1844 1884
1845 1846
1845 1885
1845 1886
1846 1847
1846 1885
1846 1886
1847 1848
1847 1886
1847 1887
1848 1887
1848 1888
1849 1850
1849 1888
1849 1889
1849 1890
1850 1851
1850 1889
1850 1890
1850 1891
1851 1852
1851 1890
1851 1891
1851 1892
1852 1853
1852 1891
1852 1892
1853 1854
1853 1892
1854 1855
1855 1893
1856 1857
1856 1893
1856 1894
1857 1894
1857 1895
1858 1859
1858 1895
1858 1896
1858 1897
1859 1860
1859 1896
1859 1897
1859 1898
1860 1861
1860 1897
1860 1898
1860 1899
1861 1862
1861 1898
1861 1899
1861 1900
1862 1899
1862 1900
1863 1864
1863 1901
1863 1902
1863 1903
1864 1865
1864 1902
1864 1903
1864 1904
1865 1866
1865 1903
1865 1904
1865 1905
1866 1867
1866 1904
1866 1905
1866 1906
1867 1905
1867 1906
1867 1907
1868 1869
1868 1907
1869 1870
1871 1872
1871 1908
1871 1909
1872 1873
1872 1908
1872 1909
1872 1910
1873 1909
1873 1910
1874 1875
1874 1911
1874 1912
1874 1913
1875 1876
1875 1912
1875 1913
1875 1914
1876 1877
1876 1913
1876 1914
1876 1915
1877 1878
1877 1914
1877 1915
1878 1879
1878 1915
1878 1916
1879 1916
1880 1881
1880 1917
1881 1882
1881 1917
1881 1918
1882 1883
1882 1917
1882 1918
1882 1919
1883 1884
1883 1918
1883 1919
1884 1919
1884 1920
1885 1886
1885 1920
1885 1921
1885 1922
1886 1921
1886 1922
1886 1923
1887 1888
1887 1923
1887 1924
1887 1925
1888 1889
1888 1924
1888 1925
1888 1926
1889 1890
1889 1925
1889 1926
1890 1891
1890 1926
1890 1927
1891 1892
1891 1927
1891 1928
1892 1927
1892 1928
1893 1930
1893 1931
1894 1895
1894 1931
1894 1932
1894 1933
1895 1896
1895 1932
1895 1933
1895 1934
1896 1897
1896 1933
1896 1934
1896 1935
1897 1898
1897 1934
1897 1935
1897 1936
1898 1899
1898 1935
1898 1936
1898 1937
1899 1900
1899 1936
1899 1937
1899 1938
1900 1937
1900 1938
1900 1939
1901 1902
1901 1939
1901 1940
1902 1903
1902 1940
1902 1941
1903 1904
1903 1940
1903 1941
1903 1942
1904 1905
1904 1941
1904 1942
1904 1943
1905 1906
1905 1942
1905 1943
1906 1907
1906 1943
1906 1944
1907 1944
1907 1945
1908 1909
1908 1948
1908 1949
1908 1950
1909 1910
1909 1949
1909 1950
1909 1951
1910 1950
1910 1951
1910 1952
1911 1912
1911 1952
1911 1953
1912 1913
1912 1953
1912 1954
1913 1914
1913 1953
1913 1954
1913 1955
1914 1915
1914 1954
1914 1955
1914 1956
1915 1955
1915 1956
1915 1957
1916 1957
1917 1918
1917 1958
1917 1959
1917 1960
1918 1919
1918 1959
1918 1960
1918 1961
1919 1960
1919 1961
1920 1921
1920 1962
1920 1963
1921 1922
1921 1962
1921 1963
1922 1923
1922 1963
1923 1924
1923 1964
1924 1925
1924 1964
1924 1965
1925 1926
1925 1964
1925 1965
1925 1966
1926 1965
1926 1966
1927 1928
1927 1967
1927 1968
1928 1967
1928 1968
1929 1969
1929 1970
1930 1931
1930 1970
1930 1971
1930 1972
1931 1932
1931 1971
1931 1972
1931 1973
1932 1933
1932 1972
1932 1973
1932 1974
1933 1934
1933 1973
1933 1974
1933 1975
1934 1935
1934 1974
1934 1975
1934 1976
1935 1936
1935 1975
1935 1976
1935 1977
1936 1937
1936 1976
1936 1977
1936 1978
1937 1938
1937 1977
1937 1978
1937 1979
1938 1939
1938 1978
1938 1979
1938 1980
1939 1979
1939 1980
1939 1981
1940 1941
1940 1981
1940 1982
1941 1942
1941 1982
1941 1983
1942 1943
1942 1983
1942 1984
1943 1983
1943 1984
1944 1945
1944 1985
1944 1986
1945 1946
1945 1985
1945 1986
1945 1987
1946 1947
1946 1986
1946 1987
1946 1988
1947 1948
1947 1987
1947 1988
1947 1989
1948 1949
1948 1988
1948 1989
1948 1990
1949 1950
1949 1989
1949 1990
1949 1991
1950 1951
1950 1990
1950 1991
1950 1992
1951 1952
1951 1991
1951 1992
1951 1993
1952 1992
1952 1993
1952 1994
1953 1954
1953 1994
1953 1995
1953 1996
1954 1955
1954 1995
1954 1996
1954 1997
1955 1956
1955 1996
1955 1997
1956 1957
1956 1997
1956 1998
1957 1998
1957 1999
1958 1959
1959 1960
1960 1961
1962 1963
1964 1965
1965 1966
1967 1968
1969 1970
1970 1971
1971 1972
1972 1973
1973 1974
1974 1975
1975 1976
1976 1977
1977 1978
1978 1979
1979 1980
1980 1981
1981 1982
1983 1984
1985 1986
1986 1987
1987 1988
1988 1989
1989 1990
1990 1991
1991 1992
1992 1993
1993 1994
1994 1995
1995 1996
1996 1997
1998 1999
