# FromNodeId	ToNodeId
0 1
0 38
1 2
1 38
1 39
2 3
2 38
2 39
2 40
3 4
3 39
3 40
3 41
4 5
4 40
4 41
4 42
5 6
5 41
5 42
6 7
6 42
7 8
7 43
8 43
9 10
9 44
9 45
10 11
10 44
10 45
10 46
11 12
11 45
11 46
11 47
12 46
12 47
12 48
13 14
13 48
13 49
13 50
14 15
14 49
14 50
14 51
15 16
15 50
15 51
16 51
16 52
17 18
17 53
17 54
17 55
18 19
18 54
18 55
18 56
19 20
19 55
19 56
19 57
20 21
20 56
20 57
21 57
22 23
22 58
22 59
23 24
23 58
23 59
24 59
24 60
25 26
25 60
25 61
26 27
26 61
26 62
27 28
27 62
27 63
28 29
28 62
28 63
28 64
29 30
29 63
29 64
29 65
30 64
30 65
30 66
31 32
31 66
31 67
32 33
32 67
32 68
33 34
33 68
33 69
34 35
34 68
34 69
35 36
35 69
35 70
36 37
36 70
37 70
38 39
38 71
38 72
38 73
39 40
39 72
39 73
40 41
40 73
40 74
41 42
41 74
41 75
42 74
42 75
42 76
43 77
43 78
43 79
44 45
44 79
44 80
45 46
45 80
46 47
46 81
47 48
47 81
47 82
48 49
48 81
48 82
48 83
49 50
49 82
49 83
49 84
50 51
50 83
50 84
50 85
51 84
51 85
52 53
52 86
52 87
53 54
53 86
53 87
53 88
54 55
54 87
54 88
54 89
55 56
55 88
55 89
55 90
56 57
56 89
56 90
56 91
57 90
57 91
58 59
58 92
58 93
59 93
59 94
60 61
60 94
60 95
60 96
61 95
61 96
61 97
62 63
62 97
62 98
63 64
63 98
63 99
64 65
64 98
64 99
64 100
65 66
65 99
65 100
65 101
66 67
66 100
66 101
66 102
67 101
67 102
67 103
68 69
68 103
68 104
69 104
69 105
70 105
70 106
71 72
71 107
71 108
72 73
72 107
72 108
72 109
73 108
73 109
73 110
74 75
74 110
74 111
74 112
75 76
75 111
75 112
75 113
76 77
76 112
76 113
76 114
77 78
77 113
77 114
77 115
78 79
78 114
78 115
78 116
79 80
79 115
79 116
79 117
80 116
80 117
81 82
81 118
81 119
82 83
82 118
82 119
82 120
83 84
83 119
83 120
83 121
84 85
84 120
84 121
84 122
85 121
85 122
85 123
86 87
86 123
86 124
87 88
87 124
87 125
88 89
88 125
89 90
89 125
89 126
90 91
90 126
90 127
91 126
91 127
92 128
92 129
93 94
93 129
93 130
93 131
94 95
94 130
94 131
94 132
95 96
95 131
95 132
95 133
96 97
96 132
96 133
96 134
97 133
97 134
98 99
98 135
98 136
99 100
99 135
99 136
100 101
100 136
100 137
101 102
101 137
101 138
102 103
102 137
102 138
102 139
103 104
103 138
103 139
104 139
104 140
105 106
105 140
105 141
105 142
106 141
106 142
106 143
107 108
107 144
108 109
108 144
108 145
109 110
109 145
109 146
110 111
110 145
110 146
110 147
111 112
111 146
111 147
111 148
112 113
112 147
112 148
112 149
113 114
113 148
113 149
113 150
114 115
114 149
114 150
114 151
115 116
115 150
115 151
115 152
116 117
116 151
116 152
117 152
117 153
118 119
118 154
118 155
118 156
119 120
119 155
119 156
120 121
120 156
120 157
121 122
121 157
121 158
122 123
122 157
122 158
122 159
123 124
123 158
123 159
123 160
124 159
124 160
124 161
125 161
125 162
125 163
126 127
126 163
126 164
126 165
127 164
127 165
128 129
128 166
128 167
129 130
129 166
129 167
130 131
130 167
131 132
131 168
132 133
132 168
132 169
133 134
133 168
133 169
134 169
135 136
135 170
136 170
136 171
137 138
137 171
137 172
137 173
138 139
138 172
138 173
138 174
139 173
139 174
139 175
140 141
140 175
140 176
140 177
141 142
141 176
141 177
141 178
142 143
142 177
142 178
142 179
143 178
143 179
144 180
144 181
145 146
145 181
145 182
145 183
146 147
146 182
146 183
146 184
147 148
147 183
147 184
147 185
148 149
148 184
148 185
148 186
149 150
149 185
149 186
149 187
150 151
150 186
150 187
150 188
151 152
151 187
151 188
151 189
152 188
152 189
152 190
153 154
153 190
153 191
153 192
154 155
154 191
154 192
155 156
155 192
155 193
156 193
156 194
157 158
157 194
157 195
157 196
158 159
158 195
158 196
158 197
159 160
159 196
159 197
159 198
160 161
160 197
160 198
161 162
161 198
161 199
162 163
162 199
162 200
163 164
163 199
163 200
163 201
164 165
164 200
164 201
164 202
165 201
165 202
165 203
166 167
166 203
166 204
166 205
167 204
167 205
167 206
168 169
168 207
168 208
168 209
169 208
169 209
170 210
170 211
170 212
171 172
171 212
171 213
172 173
172 213
172 214
173 174
173 213
173 214
173 215
174 175
174 214
174 215
174 216
175 176
175 215
175 216
175 217
176 177
176 216
176 217
176 218
177 178
177 217
177 218
177 219
178 179
178 218
178 219
179 219
180 181
180 220
180 221
181 182
181 220
181 221
181 222
182 183
182 221
182 222
182 223
183 184
183 222
183 223
183 224
184 185
184 223
184 224
184 225
185 186
185 224
185 225
185 226
186 187
186 225
186 226
186 227
187 188
187 226
187 227
187 228
188 189
188 227
188 228
188 229
189 190
189 228
189 229
189 230
190 191
190 229
190 230
190 231
191 192
191 230
191 231
191 232
192 231
192 232
192 233
193 194
193 233
193 234
193 235
194 195
194 234
194 235
194 236
195 196
195 235
195 236
195 237
196 197
196 236
196 237
197 198
197 237
197 238
198 238
199 200
199 239
200 201
200 239
200 240
201 202
201 240
201 241
202 203
202 240
202 241
202 242
203 204
203 241
203 242
204 205
204 242
204 243
205 206
205 243
205 244
206 207
206 243
206 244
206 245
207 208
207 244
207 245
207 246
208 209
208 245
208 246
208 247
209 246
209 247
210 211
210 248
210 249
211 212
211 248
211 249
211 250
212 249
212 250
212 251
213 214
213 251
213 252
213 253
214 215
214 252
214 253
214 254
215 216
215 253
215 254
216 217
216 254
216 255
217 218
217 255
218 219
218 255
219 256
220 221
220 257
221 222
221 257
221 258
222 223
222 257
222 258
222 259
223 224
223 258
223 259
223 260
224 225
224 259
224 260
224 261
225 226
225 260
225 261
225 262
226 227
226 261
226 262
226 263
227 228
227 262
227 263
228 229
228 263
228 264
229 230
229 264
229 265
230 231
230 264
230 265
231 232
231 265
231 266
232 233
232 266
232 267
233 234
233 266
233 267
234 235
234 267
234 268
235 236
235 268
235 269
236 237
236 268
236 269
236 270
237 269
237 270
237 271
238 271
238 272
238 273
239 273
239 274
240 241
240 274
240 275
241 242
241 275
242 276
243 244
243 276
243 277
244 245
244 277
244 278
245 246
245 278
245 279
246 247
246 278
246 279
246 280
247 279
247 280
248 249
248 281
248 282
249 250
249 281
249 282
250 251
250 282
251 252
251 283
252 253
252 283
252 284
253 254
253 283
253 284
254 284
254 285
255 285
255 286
255 287
256 288
256 289
257 258
257 290
257 291
258 259
258 291
258 292
259 260
259 291
259 292
259 293
260 261
260 292
260 293
260 294
261 262
261 293
261 294
262 263
262 294
262 295
263 295
263 296
264 265
264 296
264 297
265 297
265 298
266 267
266 298
266 299
267 299
267 300
268 269
268 300
268 301
269 270
269 301
269 302
270 271
270 301
270 302
270 303
271 272
271 302
271 303
271 304
272 273
272 303
272 304
272 305
273 304
273 305
273 306
274 275
274 306
274 307
275 307
275 308
276 277
276 309
276 310
276 311
277 310
277 311
277 312
278 279
278 312
279 280
280 313
281 282
281 313
282 314
283 284
283 315
283 316
284 316
285 286
285 317
285 318
286 287
286 317
286 318
286 319
287 288
287 318
287 319
287 320
288 289
288 319
288 320
288 321
289 320
289 321
290 322
290 323
291 292
291 323
291 324
291 325
292 293
292 324
292 325
293 294
293 325
293 326
294 326
294 327
295 296
295 327
295 328
295 329
296 297
296 328
296 329
296 330
297 329
297 330
297 331
298 331
298 332
299 300
299 332
299 333
300 333
300 334
301 302
301 334
301 335
301 336
302 303
302 335
302 336
302 337
303 304
303 336
303 337
303 338
304 305
304 337
304 338
304 339
305 306
305 338
305 339
305 340
306 339
306 340
306 341
307 308
307 341
308 309
308 342
309 310
309 342
310 311
310 342
311 312
311 343
312 343
312 344
313 346
314 315
314 347
314 348
314 349
315 316
315 348
315 349
315 350
316 349
316 350
316 351
317 318
317 352
317 353
317 354
318 319
318 353
318 354
318 355
319 320
319 354
319 355
319 356
320 321
320 355
320 356
320 357
321 356
321 357
322 323
322 358
323 324
323 358
323 359
324 325
324 358
324 359
324 360
325 359
325 360
325 361
326 327
326 361
326 362
326 363
327 328
327 362
327 363
327 364
328 329
328 363
328 364
328 365
329 330
329 364
329 365
329 366
330 331
330 365
330 366
330 367
331 366
331 367
331 368
332 333
332 368
332 369
332 370
333 369
333 370
333 371
334 335
334 371
334 372
334 373
335 336
335 372
335 373
335 374
336 337
336 373
336 374
336 375
337 338
337 374
337 375
337 376
338 339
338 375
338 376
338 377
339 340
339 376
339 377
340 341
340 377
340 378
341 378
341 379
342 380
342 381
342 382
343 344
343 383
343 384
343 385
344 345
344 384
344 385
344 386
345 346
345 385
345 386
346 386
346 387
347 348
347 388
347 389
347 390
348 349
348 389
348 390
348 391
349 350
349 390
349 391
349 392
350 351
350 391
350 392
350 393
351 352
351 392
351 393
351 394
352 353
352 393
352 394
352 395
353 354
353 394
353 395
353 396
354 355
354 395
354 396
354 397
355 356
355 396
355 397
355 398
356 357
356 397
356 398
356 399
357 398
357 399
358 359
358 400
358 401
359 360
359 401
359 402
360 361
360 402
360 403
361 362
361 402
361 403
362 363
362 403
363 364
363 404
364 365
364 404
364 405
365 366
365 404
365 405
365 406
366 367
366 405
366 406
366 407
367 368
367 406
367 407
367 408
368 369
368 407
368 408
368 409
369 370
369 408
369 409
369 410
370 371
370 409
370 410
370 411
371 372
371 410
371 411
371 412
372 373
372 411
372 412
372 413
373 374
373 412
373 413
373 414
374 375
374 413
374 414
375 376
375 414
376 377
376 415
377 415
377 416
378 379
378 416
378 417
378 418
379 380
379 417
379 418
379 419
380 381
380 418
380 419
381 382
381 419
382 383
383 384
383 420
384 385
384 420
384 421
385 386
385 420
385 421
385 422
386 421
386 422
386 423
387 388
387 423
387 424
387 425
388 389
388 424
388 425
388 426
389 390
389 425
389 426
389 427
390 391
390 426
390 427
391 392
391 427
391 428
392 393
392 428
393 394
393 428
393 429
394 395
394 429
394 430
395 396
395 429
395 430
395 431
396 397
396 430
396 431
397 398
397 431
397 432
398 399
398 432
398 433
399 432
399 433
400 401
400 434
400 435
401 434
401 435
401 436
402 403
402 436
403 437
404 405
404 438
404 439
405 406
405 439
405 440
406 407
406 440
406 441
407 408
407 440
407 441
407 442
408 409
408 441
408 442
408 443
409 410
409 442
409 443
410 411
410 443
410 444
411 412
411 444
411 445
412 413
412 444
412 445
412 446
413 414
413 445
413 446
413 447
414 446
414 447
414 448
415 416
415 449
415 450
416 417
416 449
416 450
416 451
417 418
417 450
417 451
418 419
418 451
418 452
419 452
419 453
420 421
420 455
420 456
420 457
421 422
421 456
421 457
421 458
422 423
422 457
422 458
422 459
423 424
423 458
423 459
424 425
424 459
424 460
425 426
425 460
425 461
426 427
426 460
426 461
426 462
427 461
427 462
427 463
428 463
428 464
428 465
429 430
429 465
429 466
429 467
430 431
430 466
430 467
430 468
431 467
431 468
432 433
432 469
432 470
433 469
433 470
434 435
434 471
434 472
435 436
435 471
435 472
435 473
436 472
436 473
436 474
437 438
437 475
438 439
438 475
438 476
439 476
439 477
440 441
440 477
440 478
441 442
441 478
441 479
442 443
442 479
442 480
443 479
443 480
443 481
444 445
444 481
444 482
444 483
445 446
445 482
445 483
445 484
446 447
446 483
446 484
447 448
447 484
448 485
449 450
449 485
449 486
449 487
450 451
450 486
450 487
450 488
451 487
451 488
451 489
452 453
452 489
452 490
452 491
453 454
453 490
453 491
453 492
454 455
454 491
454 492
454 493
455 456
455 492
455 493
455 494
456 457
456 493
456 494
457 458
457 494
458 459
458 495
459 495
460 461
460 496
461 462
461 496
461 497
462 463
462 497
462 498
463 464
463 497
463 498
463 499
464 465
464 498
464 499
465 466
465 499
466 467
467 468
469 470
469 500
469 501
470 500
470 501
471 472
471 502
471 503
472 473
472 502
472 503
473 474
473 503
474 504
475 504
475 505
475 506
476 477
476 506
476 507
476 508
477 478
477 507
477 508
477 509
478 508
478 509
479 480
479 510
479 511
480 481
480 510
480 511
480 512
481 482
481 511
481 512
481 513
482 483
482 512
482 513
483 484
483 513
483 514
484 514
484 515
485 486
485 516
485 517
485 518
486 487
486 517
486 518
486 519
487 488
487 518
487 519
487 520
488 489
488 519
488 520
488 521
489 490
489 520
489 521
489 522
490 491
490 521
490 522
490 523
491 492
491 522
491 523
491 524
492 493
492 523
492 524
492 525
493 494
493 524
493 525
494 525
494 526
495 527
495 528
495 529
496 529
496 530
497 498
497 530
497 531
497 532
498 499
498 531
498 532
498 533
499 532
499 533
499 534
500 501
500 537
500 538
501 538
502 503
502 539
502 540
503 539
503 540
503 541
504 505
504 542
505 506
505 542
505 543
506 507
506 543
507 508
507 543
508 509
508 544
509 544
509 545
510 511
510 545
510 546
510 547
511 512
511 546
511 547
511 548
512 513
512 547
512 548
513 548
513 549
514 515
514 549
514 550
515 516
515 550
516 517
516 550
516 551
517 518
517 551
517 552
518 519
518 551
518 552
518 553
519 520
519 552
519 553
519 554
520 521
520 553
520 554
520 555
521 522
521 554
521 555
521 556
522 523
522 555
522 556
522 557
523 524
523 556
523 557
523 558
524 525
524 557
524 558
524 559
525 558
525 559
526 527
526 560
527 528
527 560
527 561
528 529
528 560
528 561
529 561
529 562
530 531
530 562
530 563
530 564
531 532
531 563
531 564
531 565
532 533
532 564
532 565
532 566
533 534
533 565
533 566
533 567
534 566
534 567
534 568
535 536
535 568
535 569
536 537
536 569
536 570
537 538
537 570
537 571
538 570
538 571
538 572
539 540
539 573
540 541
540 573
540 574
541 574
541 575
542 575
542 576
542 577
543 577
543 578
543 579
544 545
544 580
544 581
544 582
545 546
545 581
545 582
545 583
546 547
546 582
546 583
547 548
547 583
549 584
549 585
550 585
550 586
551 552
551 587
551 588
552 553
552 587
552 588
552 589
553 554
553 588
553 589
553 590
554 555
554 589
554 590
555 556
555 590
555 591
556 557
556 591
557 558
557 591
558 559
558 592
559 592
560 561
560 593
560 594
560 595
561 594
561 595
561 596
562 563
562 596
562 597
562 598
563 564
563 597
563 598
564 565
564 598
565 566
565 599
566 567
566 599
566 600
567 568
567 599
567 600
567 601
568 569
568 600
568 601
568 602
569 601
569 602
569 603
570 571
570 603
570 604
570 605
571 572
571 604
571 605
571 606
572 605
572 606
573 607
574 575
574 607
574 608
574 609
575 576
575 608
575 609
575 610
576 577
576 609
576 610
576 611
577 578
577 610
577 611
577 612
578 579
578 611
578 612
578 613
579 580
579 612
579 613
579 614
580 581
580 613
580 614
580 615
581 582
581 614
581 615
581 616
582 583
582 615
582 616
582 617
583 616
583 617
583 618
584 585
584 620
584 621
585 586
585 621
585 622
586 621
586 622
586 623
587 588
587 623
587 624
587 625
588 589
588 624
588 625
588 626
589 590
589 625
589 626
590 626
591 627
591 628
592 629
592 630
592 631
593 594
593 631
593 632
593 633
594 595
594 632
594 633
594 634
595 596
595 633
595 634
596 597
596 634
596 635
597 598
597 635
598 635
598 636
599 600
599 637
599 638
599 639
600 601
600 638
600 639
601 602
601 639
601 640
602 603
602 640
603 604
603 640
603 641
604 605
604 641
604 642
605 606
605 641
605 642
605 643
606 642
606 643
607 608
607 644
607 645
607 646
608 609
608 645
608 646
609 610
609 646
609 647
610 611
610 647
610 648
611 612
611 647
611 648
611 649
612 613
612 648
612 649
612 650
613 614
613 649
613 650
613 651
614 615
614 650
614 651
614 652
615 616
615 651
615 652
616 617
616 652
616 653
617 618
617 653
617 654
618 619
618 653
618 654
619 620
619 654
619 655
620 655
620 656
621 622
621 656
621 657
622 623
622 657
622 658
623 624
623 657
623 658
623 659
624 625
624 658
624 659
624 660
625 626
625 659
625 660
625 661
626 660
626 661
626 662
627 628
627 663
627 664
628 629
628 664
628 665
629 630
629 664
629 665
629 666
630 631
630 665
630 666
630 667
631 632
631 666
631 667
631 668
632 633
632 667
632 668
632 669
633 634
633 668
633 669
633 670
634 669
634 670
634 671
635 671
636 637
636 672
636 673
637 638
637 672
637 673
637 674
638 639
638 673
638 674
638 675
639 674
639 675
639 676
640 676
640 677
640 678
641 642
641 678
641 679
641 680
642 643
642 679
642 680
642 681
643 680
643 681
644 645
644 682
644 683
645 646
645 682
645 683
646 683
647 648
647 684
647 685
648 649
648 684
648 685
648 686
649 650
649 685
649 686
649 687
650 651
650 686
650 687
650 688
651 652
651 687
651 688
651 689
652 688
652 689
652 690
653 654
653 690
653 691
654 691
654 692
655 656
655 692
655 693
655 694
656 693
656 694
656 695
657 658
657 695
657 696
657 697
658 659
658 696
658 697
658 698
659 660
659 697
659 698
659 699
660 661
660 698
660 699
660 700
661 662
661 699
661 700
661 701
662 663
662 700
662 701
663 701
664 665
664 702
665 666
665 702
665 703
666 667
666 702
666 703
667 668
667 703
667 704
668 669
668 704
668 705
669 670
669 704
669 705
669 706
670 671
670 705
670 706
671 706
671 707
672 673
672 708
672 709
672 710
673 674
673 709
673 710
673 711
674 675
674 710
674 711
674 712
675 676
675 711
675 712
676 677
676 712
677 678
677 713
678 679
678 713
678 714
679 680
679 713
679 714
679 715
680 681
680 714
680 715
680 716
681 715
681 716
682 683
682 717
682 718
683 717
683 718
683 719
684 685
684 720
684 721
684 722
685 686
685 721
685 722
686 687
686 722
686 723
687 688
687 723
687 724
688 689
688 723
688 724
688 725
689 690
689 724
689 725
690 691
690 725
690 726
691 726
691 727
692 693
692 727
692 728
692 729
693 694
693 728
693 729
693 730
694 695
694 729
694 730
694 731
695 696
695 730
695 731
696 697
696 731
696 732
697 698
697 732
697 733
698 699
698 732
698 733
699 700
699 733
700 701
700 734
701 734
701 735
702 703
702 737
702 738
703 738
703 739
704 705
704 739
704 740
704 741
705 706
705 740
705 741
705 742
706 741
706 742
706 743
707 708
707 743
707 744
707 745
708 709
708 744
708 745
708 746
709 710
709 745
709 746
709 747
710 711
710 746
710 747
710 748
711 712
711 747
711 748
711 749
712 748
712 749
712 750
713 714
713 751
713 752
713 753
714 715
714 752
714 753
715 716
715 753
715 754
716 754
717 718
717 755
718 719
718 755
719 720
720 721
720 756
721 722
721 756
721 757
722 756
722 757
722 758
723 724
723 758
723 759
723 760
724 725
724 759
724 760
724 761
725 760
725 761
725 762
726 727
726 762
726 763
726 764
727 728
727 763
727 764
727 765
728 729
728 764
728 765
729 730
729 765
729 766
730 731
730 766
731 766
731 767
732 733
732 767
732 768
732 769
733 768
733 769
733 770
734 735
734 771
734 772
734 773
735 736
735 772
735 773
735 774
736 737
736 773
736 774
736 775
737 738
737 774
737 775
737 776
738 775
738 776
738 777
739 740
739 777
739 778
740 741
740 778
740 779
741 742
741 779
741 780
742 743
742 779
742 780
742 781
743 744
743 780
743 781
743 782
744 745
744 781
744 782
744 783
745 746
745 782
745 783
745 784
746 747
746 783
746 784
746 785
747 748
747 784
747 785
748 749
748 785
748 786
749 750
749 786
749 787
750 751
750 786
750 787
750 788
751 752
751 787
751 788
751 789
752 753
752 788
752 789
752 790
753 789
753 790
753 791
754 791
754 792
755 793
756 757
756 795
756 796
757 758
757 795
757 796
758 759
758 796
758 797
759 760
759 797
760 761
760 797
760 798
761 762
761 798
762 763
762 798
762 799
763 764
763 799
763 800
764 765
764 799
764 800
764 801
765 800
765 801
765 802
766 802
766 803
766 804
767 768
767 804
767 805
767 806
768 769
768 805
768 806
768 807
769 770
769 806
769 807
770 771
770 807
770 808
771 772
771 808
772 773
772 808
772 809
773 774
773 809
773 810
774 775
774 809
774 810
775 776
775 810
775 811
776 777
776 811
776 812
777 778
777 811
777 812
777 813
778 812
778 813
779 780
779 814
779 815
780 781
780 814
780 815
780 816
781 782
781 815
781 816
781 817
782 783
782 816
782 817
782 818
783 784
783 817
783 818
783 819
784 785
784 818
784 819
784 820
785 819
785 820
785 821
786 787
786 821
786 822
786 823
787 788
787 822
787 823
787 824
788 789
788 823
788 824
789 790
789 824
789 825
790 791
790 825
790 826
791 792
791 825
791 826
791 827
792 826
792 827
793 794
793 828
795 796
795 829
796 829
796 830
797 830
797 831
798 832
798 833
799 800
799 833
799 834
799 835
800 801
800 834
800 835
800 836
801 802
801 835
801 836
801 837
802 803
802 836
802 837
802 838
803 804
803 837
803 838
803 839
804 805
804 838
804 839
804 840
805 806
805 839
805 840
805 841
806 807
806 840
806 841
806 842
807 841
807 842
808 843
809 810
809 844
810 844
810 845
811 812
811 845
811 846
811 847
812 813
812 846
812 847
813 847
813 848
814 815
814 848
814 849
815 816
815 849
815 850
816 817
816 849
816 850
816 851
817 818
817 850
817 851
817 852
818 819
818 851
818 852
818 853
819 820
819 852
819 853
820 821
820 853
820 854
821 822
821 854
821 855
822 823
822 854
822 855
822 856
823 824
823 855
823 856
824 856
824 857
825 826
825 857
825 858
825 859
826 827
826 858
826 859
826 860
827 859
827 860
828 861
828 862
829 830
829 864
830 831
830 864
831 865
832 833
832 865
832 866
833 834
833 866
834 835
834 866
834 867
835 836
835 867
835 868
836 837
836 867
836 868
836 869
837 838
837 868
837 869
837 870
838 839
838 869
838 870
838 871
839 840
839 870
839 871
839 872
840 841
840 871
840 872
840 873
841 842
841 872
841 873
841 874
842 873
842 874
842 875
843 875
843 876
844 845
844 877
844 878
844 879
845 846
845 878
845 879
845 880
846 847
846 879
846 880
847 880
847 881
848 881
848 882
849 850
849 882
849 883
849 884
850 851
850 883
850 884
850 885
851 852
851 884
851 885
851 886
852 853
852 885
852 886
852 887
853 886
853 887
853 888
854 855
854 888
854 889
854 890
855 856
855 889
855 890
855 891
856 890
856 891
856 892
857 858
857 892
857 893
857 894
858 859
858 893
858 894
859 860
859 894
861 862
861 895
861 896
862 863
862 895
862 896
862 897
863 896
863 897
863 898
864 899
865 900
865 901
866 901
866 902
866 903
867 868
867 903
867 904
867 905
868 869
868 904
868 905
868 906
869 870
869 905
869 906
869 907
870 871
870 906
870 907
870 908
871 872
871 907
871 908
871 909
872 873
872 908
872 909
873 874
873 909
873 910
874 875
874 910
875 910
875 911
876 877
876 911
876 912
876 913
877 878
877 912
877 913
877 914
878 879
878 913
878 914
878 915
879 880
879 914
879 915
879 916
880 915
880 916
880 917
881 917
881 918
881 919
882 883
882 919
882 920
882 921
883 884
883 920
883 921
884 885
884 921
884 922
885 886
885 922
885 923
886 887
886 922
886 923
886 924
887 888
887 923
887 924
888 889
888 924
888 925
889 890
889 925
889 926
890 891
890 925
890 926
890 927
891 892
891 926
891 927
891 928
892 893
892 927
892 928
892 929
893 894
893 928
893 929
893 930
894 929
894 930
894 931
895 896
895 933
895 934
896 897
896 933
896 934
897 898
897 934
897 935
898 899
898 935
898 936
899 935
899 936
900 937
900 938
901 902
901 938
901 939
902 903
902 939
902 940
903 904
903 940
904 905
904 940
904 941
905 906
905 941
906 907
906 941
906 942
907 908
907 942
908 909
908 942
908 943
909 943
909 944
910 944
910 945
911 912
911 945
911 946
911 947
912 913
912 946
912 947
912 948
913 914
913 947
913 948
913 949
914 915
914 948
914 949
915 916
915 949
915 950
916 917
916 950
916 951
917 918
917 950
917 951
918 919
918 951
918 952
919 920
919 952
919 953
920 921
920 952
920 953
921 953
922 923
922 954
923 924
923 954
923 955
924 954
924 955
924 956
925 926
925 956
925 957
925 958
926 927
926 957
926 958
927 928
927 958
927 959
928 929
928 959
928 960
929 930
929 959
929 960
929 961
930 931
930 960
930 961
930 962
931 932
931 961
931 962
931 963
932 962
932 963
933 934
933 964
934 964
934 965
935 936
935 965
935 966
935 967
936 966
936 967
936 968
937 968
937 969
937 970
938 939
938 970
938 971
939 971
939 972
940 972
940 973
940 974
941 974
941 975
941 976
942 976
942 977
942 978
943 944
943 978
943 979
943 980
944 979
944 980
944 981
945 946
945 981
945 982
945 983
946 947
946 982
946 983
946 984
947 948
947 983
947 984
947 985
948 949
948 984
948 985
949 985
949 986
950 951
950 986
950 987
950 988
951 987
951 988
952 953
952 989
952 990
953 989
953 990
954 955
954 992
955 956
955 992
955 993
956 957
956 992
956 993
957 958
957 993
957 994
958 994
959 960
959 995
960 961
960 995
960 996
961 962
961 995
961 996
961 997
962 963
962 996
962 997
962 998
963 997
963 998
964 965
964 999
964 1000
964 1001
965 966
965 1000
965 1001
965 1002
966 967
966 1001
966 1002
966 1003
967 968
967 1002
967 1003
967 1004
968 969
968 1003
968 1004
968 1005
969 970
969 1004
969 1005
969 1006
970 971
970 1005
970 1006
970 1007
971 1006
971 1007
971 1008
972 973
972 1008
972 1009
972 1010
973 974
973 1009
973 1010
974 975
974 1010
975 976
975 1011
976 977
976 1011
976 1012
977 978
977 1011
977 1012
978 979
978 1012
978 1013
979 980
979 1013
979 1014
980 981
980 1013
980 1014
980 1015
981 982
981 1014
981 1015
982 983
982 1015
982 1016
983 984
983 1016
984 985
984 1016
986 987
986 1017
987 988
987 1017
987 1018
988 1018
988 1019
989 990
989 1019
989 1020
990 1020
990 1021
991 1021
991 1022
992 993
992 1023
992 1024
992 1025
993 1024
993 1025
993 1026
994 1026
994 1027
995 996
995 1028
995 1029
996 997
996 1029
996 1030
997 998
997 1029
997 1030
997 1031
998 1030
998 1031
999 1000
999 1032
999 1033
1000 1001
1000 1032
1000 1033
1000 1034
1001 1002
1001 1033
1001 1034
1001 1035
1002 1003
1002 1034
1002 1035
1002 1036
1003 1004
1003 1035
1003 1036
1003 1037
1004 1005
1004 1036
1004 1037
1004 1038
1005 1006
1005 1037
1005 1038
1005 1039
1006 1007
1006 1038
1006 1039
1006 1040
1007 1008
1007 1039
1007 1040
1007 1041
1008 1009
1008 1040
1008 1041
1008 1042
1009 1010
1009 1041
1009 1042
1009 1043
1010 1042
1010 1043
1011 1012
1011 1044
1011 1045
1011 1046
1012 1045
1012 1046
1012 1047
1013 1014
1013 1047
1013 1048
1013 1049
1014 1015
1014 1048
1014 1049
1014 1050
1015 1049
1015 1050
1015 1051
1016 1051
1016 1052
1017 1053
1017 1054
1018 1019
1018 1054
1018 1055
1018 1056
1019 1020
1019 1055
1019 1056
1019 1057
1020 1056
1020 1057
1020 1058
1021 1058
1021 1059
1021 1060
1022 1023
1022 1060
1022 1061
1022 1062
1023 1024
1023 1061
1023 1062
1023 1063
1024 1025
1024 1062
1024 1063
1024 1064
1025 1026
1025 1063
1025 1064
1026 1064
1026 1065
1027 1028
1027 1065
1027 1066
1027 1067
1028 1066
1028 1067
1029 1030
1029 1068
1029 1069
1030 1031
1030 1068
1030 1069
1030 1070
1031 1069
1031 1070
1032 1033
1032 1071
1032 1072
1033 1034
1033 1071
1033 1072
1033 1073
1034 1035
1034 1072
1034 1073
1034 1074
1035 1036
1035 1073
1035 1074
1036 1037
1036 1074
1037 1038
1037 1075
1038 1039
1038 1075
1039 1040
1039 1075
1040 1041
1040 1076
1041 1042
1041 1076
1041 1077
1042 1043
1042 1076
1042 1077
1042 1078
1043 1077
1043 1078
1043 1079
1044 1045
1044 1079
1044 1080
1045 1046
1045 1080
1045 1081
1046 1047
1046 1080
1046 1081
1046 1082
1047 1048
1047 1081
1047 1082
1047 1083
1048 1049
1048 1082
1048 1083
1048 1084
1049 1050
1049 1083
1049 1084
1049 1085
1050 1051
1050 1084
1050 1085
1050 1086
1051 1085
1051 1086
1051 1087
1052 1087
1052 1088
1052 1089
1053 1054
1053 1090
1053 1091
1053 1092
1054 1055
1054 1091
1054 1092
1054 1093
1055 1056
1055 1092
1055 1093
1055 1094
1056 1057
1056 1093
1056 1094
1056 1095
1057 1058
1057 1094
1057 1095
1057 1096
1058 1059
1058 1095
1058 1096
1058 1097
1059 1060
1059 1096
1059 1097
1060 1061
1060 1097
1060 1098
1061 1062
1061 1098
1061 1099
1062 1063
1062 1098
1062 1099
1062 1100
1063 1064
1063 1099
1063 1100
1064 1100
1065 1066
1065 1101
1066 1067
1066 1101
1066 1102
1067 1102
1067 1103
1068 1069
1068 1103
1068 1104
1068 1105
1069 1070
1069 1104
1069 1105
1069 1106
1070 1105
1070 1106
1071 1072
1071 1107
1071 1108
1072 1073
1072 1107
1072 1108
1072 1109
1073 1074
1073 1108
1073 1109
1073 1110
1074 1109
1074 1110
1074 1111
1075 1112
1075 1113
1076 1077
1076 1114
1076 1115
1077 1078
1077 1115
1077 1116
1078 1079
1078 1116
1078 1117
1079 1116
1079 1117
1079 1118
1080 1081
1080 1118
1080 1119
1080 1120
1081 1082
1081 1119
1081 1120
1082 1083
1082 1120
1082 1121
1083 1084
1083 1121
1083 1122
1084 1085
1084 1121
1084 1122
1085 1086
1085 1122
1085 1123
1086 1087
1086 1123
1086 1124
1087 1088
1087 1123
1087 1124
1087 1125
1088 1089
1088 1124
1088 1125
1088 1126
1089 1090
1089 1125
1089 1126
1090 1091
1090 1126
1091 1092
1091 1127
1092 1093
1092 1127
1093 1094
1093 1127
1093 1128
1094 1095
1094 1128
1094 1129
1095 1096
1095 1128
1095 1129
1096 1097
1096 1129
1096 1130
1097 1130
1097 1131
1098 1099
1098 1131
1098 1132
1098 1133
1099 1100
1099 1132
1099 1133
1100 1133
1100 1134
1101 1135
1101 1136
1101 1137
1102 1103
1102 1137
1102 1138
1102 1139
1103 1104
1103 1138
1103 1139
1103 1140
1104 1105
1104 1139
1104 1140
1104 1141
1105 1106
1105 1140
1105 1141
1105 1142
1106 1141
1106 1142
1107 1108
1107 1143
1108 1109
1108 1143
1108 1144
1109 1110
1109 1143
1109 1144
1109 1145
1110 1111
1110 1144
1110 1145
1110 1146
1111 1112
1111 1145
1111 1146
1111 1147
1112 1113
1112 1146
1112 1147
1112 1148
1113 1147
1113 1148
1113 1149
1114 1115
1114 1149
1114 1150
1114 1151
1115 1150
1115 1151
1116 1117
1116 1152
1116 1153
1117 1118
1117 1152
1117 1153
1117 1154
1118 1119
1118 1153
1118 1154
1118 1155
1119 1120
1119 1154
1119 1155
1119 1156
1120 1155
1120 1156
1120 1157
1121 1122
1121 1157
1121 1158
1121 1159
1122 1158
1122 1159
1122 1160
1123 1124
1123 1160
1124 1125
1124 1161
1125 1126
1125 1161
1125 1162
1126 1161
1126 1162
1127 1163
1127 1164
1128 1129
1128 1165
1128 1166
1129 1165
1129 1166
1129 1167
1130 1131
1130 1167
1130 1168
1130 1169
1131 1132
1131 1168
1131 1169
1131 1170
1132 1133
1132 1169
1132 1170
1132 1171
1133 1170
1133 1171
1133 1172
1134 1135
1134 1172
1134 1173
1135 1136
1135 1173
1135 1174
1136 1137
1136 1173
1136 1174
1136 1175
1137 1138
1137 1174
1137 1175
1137 1176
1138 1139
1138 1175
1138 1176
1138 1177
1139 1140
1139 1176
1139 1177
1139 1178
1140 1141
1140 1177
1140 1178
1141 1142
1141 1178
1141 1179
1142 1179
1143 1144
1143 1180
1143 1181
1144 1145
1144 1181
1144 1182
1145 1146
1145 1181
1145 1182
1145 1183
1146 1147
1146 1182
1146 1183
1147 1148
1147 1183
1147 1184
1148 1149
1148 1184
1148 1185
1149 1150
1149 1184
1149 1185
1149 1186
1150 1151
1150 1185
1150 1186
1150 1187
1151 1186
1151 1187
1151 1188
1152 1153
1152 1188
1152 1189
1152 1190
1153 1154
1153 1189
1153 1190
1153 1191
1154 1155
1154 1190
1154 1191
1155 1156
1155 1191
1155 1192
1156 1157
1156 1192
1156 1193
1157 1158
1157 1192
1157 1193
1157 1194
1158 1159
1158 1193
1158 1194
1158 1195
1159 1160
1159 1194
1159 1195
1159 1196
1160 1195
1160 1196
1160 1197
1161 1162
1161 1198
1161 1199
1161 1200
1162 1199
1162 1200
1163 1164
1163 1201
1163 1202
1164 1201
1164 1202
1164 1203
1165 1166
1165 1203
1165 1204
1165 1205
1166 1167
1166 1204
1166 1205
1166 1206
1167 1168
1167 1205
1167 1206
1167 1207
1168 1169
1168 1206
1168 1207
1169 1170
1169 1207
1170 1171
1171 1172
1171 1208
1172 1208
1172 1209
1173 1174
1173 1209
1173 1210
1173 1211
1174 1175
1174 1210
1174 1211
1174 1212
1175 1176
1175 1211
1175 1212
1175 1213
1176 1177
1176 1212
1176 1213
1176 1214
1177 1178
1177 1213
1177 1214
1177 1215
1178 1214
1178 1215
1178 1216
1179 1216
1180 1217
1181 1182
1181 1217
1181 1218
1181 1219
1182 1183
1182 1218
1182 1219
1183 1219
1183 1220
1184 1185
1184 1220
1184 1221
1184 1222
1185 1186
1185 1221
1185 1222
1185 1223
1186 1187
1186 1222
1186 1223
1187 1188
1187 1223
1188 1189
1188 1224
1189 1190
1189 1224
1189 1225
1190 1191
1190 1224
1190 1225
1191 1225
1191 1226
1192 1193
1192 1226
1192 1227
1192 1228
1193 1194
1193 1227
1193 1228
1194 1195
1194 1228
1194 1229
1195 1196
1195 1229
1195 1230
1196 1197
1196 1229
1196 1230
1196 1231
1197 1198
1197 1230
1197 1231
1197 1232
1198 1199
1198 1231
1198 1232
1198 1233
1199 1200
1199 1232
1199 1233
1199 1234
1200 1233
1200 1234
1200 1235
1201 1202
1201 1235
1201 1236
1202 1203
1202 1236
1202 1237
1203 1204
1203 1236
1203 1237
1203 1238
1204 1205
1204 1237
1204 1238
1204 1239
1205 1206
1205 1238
1205 1239
1206 1207
1206 1239
1206 1240
1207 1240
1207 1241
1208 1209
1208 1243
1208 1244
1208 1245
1209 1210
1209 1244
1209 1245
1210 1211
1210 1245
1210 1246
1211 1212
1211 1246
1211 1247
1212 1213
1212 1246
1212 1247
1212 1248
1213 1214
1213 1247
1213 1248
1213 1249
1214 1215
1214 1248
1214 1249
1214 1250
1215 1216
1215 1249
1215 1250
1215 1251
1216 1250
1216 1251
1216 1252
1217 1218
1217 1253
1217 1254
1217 1255
1218 1219
1218 1254
1218 1255
1218 1256
1219 1255
1219 1256
1219 1257
1220 1221
1220 1257
1220 1258
1221 1222
1221 1258
1221 1259
1222 1223
1222 1258
1222 1259
1222 1260
1223 1259
1223 1260
1224 1225
1224 1261
1224 1262
1225 1262
1225 1263
1226 1227
1226 1263
1226 1264
1226 1265
1227 1228
1227 1264
1227 1265
1227 1266
1228 1265
1228 1266
1228 1267
1229 1230
1229 1267
1229 1268
1229 1269
1230 1231
1230 1268
1230 1269
1230 1270
1231 1232
1231 1269
1231 1270
1231 1271
1232 1233
1232 1270
1232 1271
1232 1272
1233 1234
1233 1271
1233 1272
1233 1273
1234 1235
1234 1272
1234 1273
1234 1274
1235 1273
1235 1274
1235 1275
1236 1237
1236 1275
1236 1276
1237 1238
1237 1276
1237 1277
1238 1239
1238 1276
1238 1277
1238 1278
1239 1277
1239 1278
1239 1279
1240 1241
1240 1279
1240 1280
1240 1281
1241 1242
1241 1280
1241 1281
1241 1282
1242 1243
1242 1281
1242 1282
1242 1283
1243 1244
1243 1282
1243 1283
1243 1284
1244 1245
1244 1283
1244 1284
1244 1285
1245 1284
1245 1285
1245 1286
1246 1247
1246 1286
1246 1287
1246 1288
1247 1248
1247 1287
1247 1288
1247 1289
1248 1249
1248 1288
1248 1289
1248 1290
1249 1250
1249 1289
1249 1290
1249 1291
1250 1251
1250 1290
1250 1291
1250 1292
1251 1252
1251 1291
1251 1292
1252 1292
1253 1254
1253 1293
1253 1294
1254 1255
1254 1293
1254 1294
1254 1295
1255 1256
1255 1294
1255 1295
1256 1257
1256 1295
1257 1296
1258 1259
1258 1296
1258 1297
1258 1298
1259 1260
1259 1297
1259 1298
1260 1298
1260 1299
1261 1262
1261 1299
1261 1300
1261 1301
1262 1300
1262 1301
1262 1302
1263 1264
1263 1302
1263 1303
1263 1304
1264 1265
1264 1303
1264 1304
1264 1305
1265 1266
1265 1304
1265 1305
1265 1306
1266 1267
1266 1305
1266 1306
1266 1307
1267 1268
1267 1306
1267 1307
1267 1308
1268 1269
1268 1307
1268 1308
1269 1270
1269 1308
1269 1309
1270 1271
1270 1309
1270 1310
1271 1272
1271 1309
1271 1310
1271 1311
1272 1273
1272 1310
1272 1311
1272 1312
1273 1274
1273 1311
1273 1312
1274 1275
1274 1312
1274 1313
1275 1313
1275 1314
1276 1277
1276 1314
1276 1315
1276 1316
1277 1278
1277 1315
1277 1316
1277 1317
1278 1279
1278 1316
1278 1317
1278 1318
1279 1280
1279 1317
1279 1318
1279 1319
1280 1281
1280 1318
1280 1319
1280 1320
1281 1282
1281 1319
1281 1320
1281 1321
1282 1283
1282 1320
1282 1321
1283 1284
1283 1321
1283 1322
1284 1285
1284 1322
1285 1286
1285 1322
1285 1323
1286 1287
1286 1323
1286 1324
1287 1288
1287 1323
1287 1324
1288 1289
1288 1324
1288 1325
1289 1290
1289 1325
1289 1326
1290 1291
1290 1325
1290 1326
1290 1327
1291 1292
1291 1326
1291 1327
1292 1327
1292 1328
1293 1294
1293 1329
1293 1330
1294 1295
1294 1329
1294 1330
1294 1331
1295 1330
1295 1331
1296 1297
1296 1332
1296 1333
1296 1334
1297 1298
1297 1333
1297 1334
1297 1335
1298 1334
1298 1335
1299 1300
1299 1336
1299 1337
1300 1301
1300 1336
1300 1337
1301 1302
1301 1337
1301 1338
1302 1303
1302 1338
1302 1339
1303 1304
1303 1338
1303 1339
1303 1340
1304 1305
1304 1339
1304 1340
1304 1341
1305 1306
1305 1340
1305 1341
1305 1342
1306 1307
1306 1341
1306 1342
1306 1343
1307 1308
1307 1342
1307 1343
1307 1344
1308 1343
1308 1344
1308 1345
1309 1310
1309 1345
1309 1346
1309 1347
1310 1311
1310 1346
1310 1347
1310 1348
1311 1312
1311 1347
1311 1348
1312 1348
1312 1349
1313 1314
1313 1349
1313 1350
1313 1351
1314 1315
1314 1350
1314 1351
1314 1352
1315 1316
1315 1351
1315 1352
1315 1353
1316 1317
1316 1352
1316 1353
1316 1354
1317 1318
1317 1353
1317 1354
1317 1355
1318 1319
1318 1354
1318 1355
1318 1356
1319 1320
1319 1355
1319 1356
1319 1357
1320 1321
1320 1356
1320 1357
1320 1358
1321 1357
1321 1358
1321 1359
1322 1359
1322 1360
1322 1361
1323 1324
1323 1361
1323 1362
1323 1363
1324 1362
1324 1363
1324 1364
1325 1326
1325 1364
1325 1365
1326 1327
1326 1365
1327 1366
1328 1366
1328 1367
1329 1330
1329 1368
1330 1331
1330 1368
1330 1369
1331 1368
1331 1369
1331 1370
1332 1333
1332 1370
1332 1371
1332 1372
1333 1334
1333 1371
1333 1372
1334 1335
1334 1372
1334 1373
1335 1373
1335 1374
1336 1337
1336 1374
1336 1375
1337 1375
1338 1339
1338 1376
1339 1340
1339 1376
1339 1377
1340 1341
1340 1376
1340 1377
1341 1342
1341 1377
1341 1378
1342 1343
1342 1378
1342 1379
1343 1344
1343 1378
1343 1379
1343 1380
1344 1345
1344 1379
1344 1380
1344 1381
1345 1346
1345 1380
1345 1381
1345 1382
1346 1347
1346 1381
1346 1382
1346 1383
1347 1348
1347 1382
1347 1383
1347 1384
1348 1383
1348 1384
1349 1350
1349 1385
1349 1386
1350 1351
1350 1385
1350 1386
1350 1387
1351 1352
1351 1386
1351 1387
1351 1388
1352 1353
1352 1387
1352 1388
1352 1389
1353 1354
1353 1388
1353 1389
1353 1390
1354 1355
1354 1389
1354 1390
1354 1391
1355 1356
1355 1390
1355 1391
1355 1392
1356 1357
1356 1391
1356 1392
1356 1393
1357 1358
1357 1392
1357 1393
1358 1359
1358 1393
1358 1394
1359 1360
1359 1394
1359 1395
1360 1361
1360 1394
1360 1395
1360 1396
1361 1362
1361 1395
1361 1396
1361 1397
1362 1363
1362 1396
1362 1397
1362 1398
1363 1364
1363 1397
1363 1398
1363 1399
1364 1365
1364 1398
1364 1399
1364 1400
1365 1399
1365 1400
1365 1401
1366 1367
1366 1402
1366 1403
1366 1404
1367 1403
1367 1404
1368 1369
1368 1405
1368 1406
1368 1407
1369 1370
1369 1406
1369 1407
1369 1408
1370 1371
1370 1407
1370 1408
1370 1409
1371 1372
1371 1408
1371 1409
1371 1410
1372 1409
1372 1410
1372 1411
1373 1374
1373 1411
1373 1412
1373 1413
1374 1412
1374 1413
1374 1414
1375 1414
1375 1415
1375 1416
1376 1377
1376 1417
1376 1418
1376 1419
1377 1418
1377 1419
1377 1420
1378 1379
1378 1420
1378 1421
1379 1380
1379 1421
1379 1422
1380 1381
1380 1421
1380 1422
1381 1382
1381 1422
1382 1383
1382 1423
1383 1384
1383 1423
1384 1423
1384 1424
1385 1386
1385 1424
1385 1425
1386 1387
1386 1425
1386 1426
1387 1388
1387 1426
1388 1389
1388 1426
1388 1427
1389 1390
1389 1427
1389 1428
1390 1391
1390 1427
1390 1428
1390 1429
1391 1392
1391 1428
1391 1429
1391 1430
1392 1393
1392 1429
1392 1430
1392 1431
1393 1430
1393 1431
1393 1432
1394 1395
1394 1432
1394 1433
1394 1434
1395 1396
1395 1433
1395 1434
1395 1435
1396 1397
1396 1434
1396 1435
1396 1436
1397 1398
1397 1435
1397 1436
1397 1437
1398 1399
1398 1436
1398 1437
1398 1438
1399 1400
1399 1437
1399 1438
1399 1439
1400 1401
1400 1438
1400 1439
1400 1440
1401 1402
1401 1439
1401 1440
1401 1441
1402 1403
1402 1440
1402 1441
1402 1442
1403 1404
1403 1441
1403 1442
1403 1443
1404 1442
1404 1443
1405 1406
1405 1444
1405 1445
1406 1407
1406 1444
1406 1445
1406 1446
1407 1408
1407 1445
1407 1446
1407 1447
1408 1409
1408 1446
1408 1447
1408 1448
1409 1410
1409 1447
1409 1448
1409 1449
1410 1411
1410 1448
1410 1449
1410 1450
1411 1412
1411 1449
1411 1450
1411 1451
1412 1413
1412 1450
1412 1451
1412 1452
1413 1414
1413 1451
1413 1452
1414 1415
1414 1452
1414 1453
1415 1416
1415 1453
1415 1454
1416 1417
1416 1453
1416 1454
1416 1455
1417 1418
1417 1454
1417 1455
1418 1419
1418 1455
1418 1456
1419 1420
1419 1456
1419 1457
1420 1456
1420 1457
1420 1458
1421 1422
1421 1458
1421 1459
1422 1459
1422 1460
1423 1461
1423 1462
1423 1463
1424 1425
1424 1463
1424 1464
1424 1465
1425 1464
1425 1465
1425 1466
1426 1466
1426 1467
1427 1428
1427 1468
1427 1469
1428 1429
1428 1468
1428 1469
1428 1470
1429 1430
1429 1469
1429 1470
1429 1471
1430 1431
1430 1470
1430 1471
1431 1432
1431 1471
1431 1472
1432 1433
1432 1472
1432 1473
1433 1434
1433 1472
1433 1473
1433 1474
1434 1435
1434 1473
1434 1474
1435 1436
1435 1474
1435 1475
1436 1437
1436 1475
1436 1476
1437 1438
1437 1475
1437 1476
1437 1477
1438 1439
1438 1476
1438 1477
1438 1478
1439 1440
1439 1477
1439 1478
1439 1479
1440 1441
1440 1478
1440 1479
1440 1480
1441 1442
1441 1479
1441 1480
1442 1443
1442 1480
1444 1445
1444 1481
1444 1482
1445 1446
1445 1481
1445 1482
1445 1483
1446 1447
1446 1482
1446 1483
1446 1484
1447 1448
1447 1483
1447 1484
1448 1449
1448 1484
1448 1485
1449 1450
1449 1485
1449 1486
1450 1451
1450 1485
1450 1486
1451 1452
1451 1486
1451 1487
1452 1487
1452 1488
1453 1454
1453 1488
1453 1489
1453 1490
1454 1455
1454 1489
1454 1490
1454 1491
1455 1490
1455 1491
1455 1492
1456 1457
1456 1492
1456 1493
1457 1458
1457 1493
1457 1494
1458 1459
1458 1493
1458 1494
1458 1495
1459 1494
1459 1495
1459 1496
1460 1461
1460 1496
1460 1497
1461 1462
1461 1497
1461 1498
1462 1463
1462 1497
1462 1498
1462 1499
1463 1464
1463 1498
1463 1499
1463 1500
1464 1465
1464 1499
1464 1500
1464 1501
1465 1466
1465 1500
1465 1501
1465 1502
1466 1467
1466 1501
1466 1502
1466 1503
1467 1502
1467 1503
1468 1469
1468 1504
1468 1505
1469 1470
1469 1504
1469 1505
1469 1506
1470 1471
1470 1505
1470 1506
1471 1506
1472 1473
1472 1507
1473 1474
1473 1507
1473 1508
1474 1508
1474 1509
1475 1476
1475 1509
1475 1510
1475 1511
1476 1477
1476 1510
1476 1511
1477 1478
1477 1511
1478 1479
1478 1512
1479 1480
1479 1512
1479 1513
1480 1512
1480 1513
1481 1482
1481 1515
1482 1483
1482 1515
1482 1516
1483 1484
1483 1516
1483 1517
1484 1516
1484 1517
1484 1518
1485 1486
1485 1518
1485 1519
1485 1520
1486 1519
1486 1520
1487 1488
1487 1521
1488 1489
1488 1521
1488 1522
1489 1490
1489 1522
1490 1491
1490 1522
1490 1523
1491 1492
1491 1523
1492 1523
1492 1524
1493 1494
1493 1524
1493 1525
1494 1495
1494 1525
1495 1496
1495 1525
1496 1526
1497 1498
1497 1526
1497 1527
1497 1528
1498 1499
1498 1527
1498 1528
1498 1529
1499 1500
1499 1528
1499 1529
1499 1530
1500 1501
1500 1529
1500 1530
1500 1531
1501 1502
1501 1530
1501 1531
1501 1532
1502 1503
1502 1531
1502 1532
1503 1532
1503 1533
1504 1505
1504 1533
1504 1534
1505 1506
1505 1534
1506 1535
1507 1536
1507 1537
1507 1538
1508 1509
1508 1538
1508 1539
1509 1510
1509 1539
1509 1540
1510 1511
1510 1539
1510 1540
1511 1540
1511 1541
1512 1513
1512 1542
1512 1543
1512 1544
1513 1543
1513 1544
1513 1545
1514 1545
1514 1546
1515 1547
1515 1548
1516 1517
1516 1548
1516 1549
1517 1518
1517 1549
1517 1550
1518 1519
1518 1550
1518 1551
1519 1520
1519 1550
1519 1551
1519 1552
1520 1551
1520 1552
1520 1553
1521 1553
1521 1554
1521 1555
1522 1555
1522 1556
1522 1557
1523 1557
1523 1558
1523 1559
1524 1559
1524 1560
1524 1561
1525 1561
1525 1562
1525 1563
1526 1527
1526 1564
1526 1565
1526 1566
1527 1528
1527 1565
1527 1566
1527 1567
1528 1529
1528 1566
1528 1567
1528 1568
1529 1530
1529 1567
1529 1568
1529 1569
1530 1531
1530 1568
1530 1569
1530 1570
1531 1532
1531 1569
1531 1570
1531 1571
1532 1570
1532 1571
1532 1572
1533 1534
1533 1572
1533 1573
1533 1574
1534 1573
1534 1574
1534 1575
1535 1536
1535 1576
1535 1577
1536 1537
1536 1577
1536 1578
1537 1538
1537 1577
1537 1578
1538 1578
1538 1579
1539 1540
1539 1579
1539 1580
1539 1581
1540 1580
1540 1581
1541 1542
1541 1582
1541 1583
1542 1543
1542 1582
1542 1583
1543 1544
1543 1583
1543 1584
1544 1545
1544 1584
1545 1546
1545 1584
1545 1585
1546 1585
1547 1548
1547 1586
1547 1587
1548 1549
1548 1586
1548 1587
1548 1588
1549 1587
1549 1588
1549 1589
1550 1551
1550 1589
1551 1552
1551 1590
1552 1553
1552 1590
1552 1591
1553 1554
1553 1590
1553 1591
1553 1592
1554 1555
1554 1591
1554 1592
1555 1556
1555 1592
1555 1593
1556 1557
1556 1593
1556 1594
1557 1558
1557 1593
1557 1594
1557 1595
1558 1559
1558 1594
1558 1595
1558 1596
1559 1560
1559 1595
1559 1596
1559 1597
1560 1561
1560 1596
1560 1597
1560 1598
1561 1562
1561 1597
1561 1598
1562 1563
1562 1598
1562 1599
1563 1564
1563 1599
1564 1565
1564 1599
1564 1600
1565 1566
1565 1600
1565 1601
1566 1567
1566 1600
1566 1601
1566 1602
1567 1568
1567 1601
1567 1602
1567 1603
1568 1569
1568 1602
1568 1603
1568 1604
1569 1570
1569 1603
1569 1604
1570 1571
1570 1604
1571 1572
1571 1605
1572 1573
1572 1605
1572 1606
1573 1574
1573 1605
1573 1606
1573 1607
1574 1575
1574 1606
1574 1607
1575 1576
1575 1607
1577 1578
1577 1608
1577 1609
1578 1608
1578 1609
1578 1610
1579 1580
1579 1610
1579 1611
1579 1612
1580 1581
1580 1611
1580 1612
1580 1613
1581 1612
1581 1613
1581 1614
1582 1583
1582 1614
1582 1615
1583 1615
1583 1616
1584 1616
1584 1617
1584 1618
1585 1618
1585 1619
1586 1587
1587 1588
1588 1589
1590 1591
1591 1592
1593 1594
1594 1595
1595 1596
1596 1597
1597 1598
1600 1601
1601 1602
1602 1603
1603 1604
1605 1606
1606 1607
1608 1609
1609 1610
1610 1611
1611 1612
1612 1613
1613 1614
1615 1616
1616 1617
1617 1618
1618 1619
