# FromNodeId	ToNodeId
0 1
0 40
0 41
1 2
1 40
1 41
1 42
2 3
2 41
2 42
2 43
3 4
3 42
3 43
4 5
4 43
4 44
5 6
5 44
5 45
6 7
6 44
6 45
6 46
7 8
7 45
7 46
7 47
8 9
8 46
8 47
8 48
9 47
9 48
9 49
10 11
10 49
10 50
11 12
11 50
11 51
12 13
12 50
12 51
12 52
13 51
13 52
13 53
14 15
14 53
14 54
14 55
15 16
15 54
15 55
16 17
16 55
16 56
17 18
17 56
18 19
18 56
18 57
19 20
19 57
19 58
20 21
20 57
20 58
21 22
21 58
21 59
22 23
22 59
22 60
23 59
23 60
23 61
24 25
24 61
24 62
25 26
25 62
25 63
26 27
26 63
26 64
27 28
27 63
27 64
27 65
28 29
28 64
28 65
28 66
29 30
29 65
29 66
29 67
30 31
30 66
30 67
30 68
31 67
31 68
31 69
32 33
32 69
32 70
33 34
33 70
33 71
34 35
34 70
34 71
34 72
35 71
35 72
35 73
36 37
36 73
36 74
36 75
37 38
37 74
37 75
38 39
38 75
38 76
39 76
40 41
40 77
40 78
41 42
41 77
41 78
41 79
42 43
42 78
42 79
42 80
43 79
43 80
43 81
44 45
44 81
44 82
44 83
45 46
45 82
45 83
45 84
46 47
46 83
46 84
46 85
47 48
47 84
47 85
48 49
48 85
49 86
50 51
50 86
50 87
51 52
51 87
51 88
52 53
52 88
52 89
53 54
53 88
53 89
53 90
54 55
54 89
54 90
55 90
55 91
56 91
56 92
56 93
57 58
57 93
57 94
57 95
58 94
58 95
58 96
59 60
59 96
59 97
59 98
60 61
60 97
60 98
60 99
61 62
61 98
61 99
61 100
62 99
62 100
63 64
63 101
63 102
64 65
64 101
64 102
65 66
65 102
65 103
66 67
66 103
66 104
67 68
67 103
67 104
68 69
68 104
68 105
69 105
69 106
70 71
70 106
70 107
70 108
71 72
71 107
71 108
72 73
72 108
72 109
73 74
73 109
73 110
74 75
74 109
74 110
74 111
75 110
75 111
75 112
76 112
77 78
77 113
77 114
78 79
78 113
78 114
78 115
79 80
79 114
79 115
79 116
80 81
80 115
80 116
80 117
81 82
81 116
81 117
82 83
82 117
82 118
83 84
83 118
84 85
84 118
84 119
85 119
85 120
86 87
86 121
86 122
86 123
87 122
87 123
87 124
88 89
88 124
88 125
89 90
89 125
89 126
90 126
90 127
91 92
91 127
91 128
91 129
92 93
92 128
92 129
93 94
93 129
93 130
94 95
94 130
94 131
95 96
95 130
95 131
95 132
96 97
96 131
96 132
96 133
97 98
97 132
97 133
97 134
98 99
98 133
98 134
98 135
99 100
99 134
99 135
100 135
100 136
101 102
101 136
101 137
102 137
103 104
103 138
103 139
104 138
104 139
104 140
105 106
105 140
105 141
105 142
106 107
106 141
106 142
106 143
107 108
107 142
107 143
107 144
108 143
108 144
108 145
109 110
109 145
109 146
109 147
110 111
110 146
110 147
110 148
111 112
111 147
111 148
112 148
112 149
113 114
113 150
113 151
114 115
114 150
114 151
114 152
115 116
115 151
115 152
115 153
116 117
116 152
116 153
116 154
117 153
117 154
117 155
118 155
118 156
118 157
119 120
119 157
119 158
120 121
120 158
120 159
121 122
121 158
121 159
121 160
122 123
122 159
122 160
122 161
123 124
123 160
123 161
124 125
124 161
125 162
126 127
126 162
126 163
126 164
127 128
127 163
127 164
127 165
128 129
128 164
128 165
128 166
129 165
129 166
129 167
130 131
130 167
130 168
131 132
131 168
131 169
132 133
132 168
132 169
132 170
133 134
133 169
133 170
134 135
134 170
135 171
136 171
136 172
136 173
137 173
137 174
137 175
138 139
138 175
138 176
138 177
139 140
139 176
139 177
139 178
140 141
140 177
140 178
140 179
141 142
141 178
141 179
141 180
142 143
142 179
142 180
143 144
143 180
143 181
144 145
144 181
144 182
145 146
145 181
145 182
145 183
146 147
146 182
146 183
146 184
147 148
147 183
147 184
148 184
148 185
149 185
149 186
150 151
150 187
150 188
151 152
151 187
151 188
151 189
152 153
152 188
152 189
153 154
153 189
153 190
154 155
154 190
155 156
155 190
155 191
156 157
156 191
156 192
157 191
157 192
157 193
158 159
158 193
158 194
158 195
159 160
159 194
159 195
159 196
160 161
160 195
160 196
161 196
161 197
162 163
162 198
162 199
162 200
163 164
163 199
163 200
163 201
164 165
164 200
164 201
164 202
165 166
165 201
165 202
165 203
166 167
166 202
166 203
166 204
167 203
167 204
168 169
168 205
169 170
169 205
170 205
171 172
171 206
171 207
172 173
172 207
172 208
173 174
173 208
173 209
174 175
174 208
174 209
174 210
175 176
175 209
175 210
176 177
176 210
176 211
177 178
177 211
177 212
178 179
178 211
178 212
179 180
179 212
179 213
180 213
180 214
181 182
181 214
181 215
181 216
182 183
182 215
182 216
182 217
183 184
183 216
183 217
183 218
184 217
184 218
184 219
185 186
185 219
185 220
185 221
186 220
186 221
187 188
187 222
187 223
188 189
188 222
188 223
188 224
189 223
189 224
190 225
190 226
191 192
191 226
191 227
191 228
192 193
192 227
192 228
193 194
193 228
193 229
194 195
194 229
194 230
195 196
195 229
195 230
195 231
196 230
196 231
197 198
197 232
197 233
198 199
198 232
198 233
199 200
199 233
199 234
200 201
200 234
200 235
201 202
201 234
201 235
201 236
202 203
202 235
202 236
202 237
203 204
203 236
203 237
203 238
204 237
204 238
204 239
205 240
205 241
206 207
206 242
206 243
207 243
207 244
208 209
208 244
208 245
208 246
209 210
209 245
209 246
210 246
210 247
211 212
211 247
211 248
211 249
212 248
212 249
212 250
213 214
213 250
213 251
213 252
214 215
214 251
214 252
214 253
215 216
215 252
215 253
216 217
216 253
216 254
217 218
217 254
218 219
218 254
218 255
219 220
219 255
219 256
220 221
220 255
220 256
220 257
221 256
221 257
222 223
222 258
223 224
223 258
223 259
224 258
224 259
224 260
225 226
225 260
225 261
226 227
226 261
227 228
227 261
228 262
229 230
229 262
229 263
229 264
230 231
230 263
230 264
230 265
231 264
231 265
231 266
232 233
232 266
232 267
232 268
233 267
233 268
233 269
234 235
234 269
234 270
234 271
235 236
235 270
235 271
235 272
236 237
236 271
236 272
236 273
237 238
237 272
237 273
237 274
238 239
238 273
238 274
238 275
239 240
239 274
239 275
239 276
240 241
240 275
240 276
240 277
241 276
241 277
241 278
242 278
242 279
242 280
243 244
243 280
243 281
244 245
244 281
244 282
245 246
245 281
245 282
245 283
246 282
246 283
246 284
247 248
247 284
247 285
248 249
248 285
249 250
249 286
250 251
250 286
251 252
251 286
252 253
252 287
253 287
253 288
254 288
254 289
255 256
255 290
256 257
256 290
257 290
258 259
258 291
258 292
258 293
259 260
259 292
259 293
259 294
260 293
260 294
260 295
261 295
261 296
262 263
262 297
262 298
263 264
263 298
263 299
264 265
264 298
264 299
264 300
265 266
265 299
265 300
265 301
266 267
266 300
266 301
267 268
267 301
267 302
268 269
268 302
269 270
269 302
269 303
270 271
270 303
271 272
271 303
271 304
272 273
272 304
272 305
273 274
273 304
273 305
274 275
274 305
275 276
275 306
276 277
276 306
276 307
277 278
277 306
277 307
277 308
278 279
278 307
278 308
279 280
279 308
279 309
280 309
280 310
281 282
281 310
281 311
281 312
282 283
282 311
282 312
282 313
283 284
283 312
283 313
283 314
284 285
284 313
284 314
285 314
285 315
286 316
286 317
287 288
287 318
287 319
288 289
288 318
288 319
289 319
289 320
290 321
290 322
290 323
291 292
291 324
291 325
292 293
292 324
292 325
293 294
293 325
293 326
294 295
294 326
294 327
295 296
295 326
295 327
295 328
296 327
296 328
297 329
297 330
298 299
298 330
298 331
298 332
299 300
299 331
299 332
299 333
300 301
300 332
300 333
300 334
301 333
301 334
301 335
302 335
302 336
303 337
303 338
304 305
304 338
304 339
304 340
305 339
305 340
305 341
306 307
306 342
306 343
306 344
307 308
307 343
307 344
307 345
308 344
308 345
308 346
309 310
309 346
309 347
310 311
310 347
310 348
311 312
311 348
311 349
312 313
312 348
312 349
312 350
313 314
313 349
313 350
313 351
314 350
314 351
314 352
315 316
315 352
315 353
316 353
317 354
318 319
318 354
318 355
318 356
319 355
319 356
319 357
320 321
320 357
320 358
320 359
321 322
321 358
321 359
321 360
322 323
322 359
322 360
323 360
324 325
324 361
324 362
325 361
325 362
325 363
326 327
326 363
326 364
327 328
327 364
327 365
328 364
328 365
329 330
329 366
329 367
330 331
330 366
330 367
330 368
331 332
331 367
331 368
331 369
332 333
332 368
332 369
333 334
333 369
333 370
334 335
334 370
334 371
335 336
335 370
335 371
336 371
336 372
337 338
337 372
337 373
337 374
338 339
338 373
338 374
338 375
339 340
339 374
339 375
340 341
340 375
340 376
341 342
341 376
341 377
342 343
342 376
342 377
342 378
343 344
343 377
343 378
343 379
344 345
344 378
344 379
344 380
345 346
345 379
345 380
346 347
346 380
346 381
347 381
347 382
348 349
348 382
348 383
348 384
349 350
349 383
349 384
349 385
350 351
350 384
350 385
350 386
351 352
351 385
351 386
351 387
352 353
352 386
352 387
352 388
353 387
353 388
354 355
354 390
354 391
354 392
355 356
355 391
355 392
355 393
356 357
356 392
356 393
356 394
357 358
357 393
357 394
357 395
358 359
358 394
358 395
359 360
359 395
359 396
360 396
360 397
361 362
361 398
361 399
362 363
362 398
362 399
362 400
363 399
363 400
363 401
364 365
364 401
365 402
366 367
366 402
366 403
367 368
367 403
367 404
368 369
368 404
368 405
369 404
369 405
370 371
370 406
371 406
371 407
372 373
372 407
372 408
372 409
373 374
373 408
373 409
373 410
374 375
374 409
374 410
374 411
375 410
375 411
375 412
376 377
376 412
376 413
376 414
377 378
377 413
377 414
377 415
378 379
378 414
378 415
378 416
379 380
379 415
379 416
380 416
380 417
381 382
381 417
381 418
382 383
382 418
382 419
383 384
383 418
383 419
383 420
384 385
384 419
384 420
384 421
385 386
385 420
385 421
385 422
386 387
386 421
386 422
386 423
387 388
387 422
387 423
387 424
388 423
388 424
388 425
389 390
389 425
389 426
389 427
390 391
390 426
390 427
390 428
391 392
391 427
391 428
391 429
392 393
392 428
392 429
392 430
393 394
393 429
393 430
394 395
394 430
395 431
396 397
396 431
396 432
396 433
397 432
397 433
398 399
398 434
398 435
399 400
399 434
399 435
399 436
400 401
400 435
400 436
401 436
401 437
402 403
402 438
402 439
402 440
403 439
403 440
403 441
404 405
404 441
404 442
404 443
405 442
405 443
405 444
406 444
406 445
406 446
407 408
407 446
407 447
407 448
408 409
408 447
408 448
409 410
409 448
409 449
410 411
410 449
410 450
411 412
411 449
411 450
411 451
412 413
412 450
412 451
412 452
413 414
413 451
413 452
413 453
414 415
414 452
414 453
415 416
415 453
415 454
416 454
416 455
417 455
417 456
417 457
418 419
418 457
418 458
418 459
419 420
419 458
419 459
419 460
420 421
420 459
420 460
420 461
421 422
421 460
421 461
421 462
422 423
422 461
422 462
422 463
423 424
423 462
423 463
423 464
424 425
424 463
424 464
424 465
425 426
425 464
425 465
425 466
426 427
426 465
426 466
426 467
427 428
427 466
427 467
428 429
428 467
428 468
429 430
429 468
429 469
430 468
430 469
430 470
431 432
431 471
431 472
432 433
432 472
432 473
433 472
433 473
434 435
434 474
435 436
435 474
435 475
436 475
436 476
437 438
437 476
437 477
438 439
438 477
438 478
439 440
439 478
440 441
440 478
440 479
441 442
441 479
441 480
442 443
442 479
442 480
442 481
443 444
443 480
443 481
443 482
444 445
444 481
444 482
445 446
445 482
445 483
446 447
446 483
446 484
447 448
447 483
447 484
448 484
448 485
449 450
449 485
449 486
450 451
450 486
451 452
451 486
452 453
452 487
453 487
453 488
454 455
454 488
454 489
454 490
455 456
455 489
455 490
455 491
456 457
456 490
456 491
456 492
457 458
457 491
457 492
457 493
458 459
458 492
458 493
458 494
459 460
459 493
459 494
460 461
460 494
460 495
461 462
461 495
461 496
462 463
462 495
462 496
463 464
463 496
463 497
464 465
464 497
464 498
465 466
465 497
465 498
465 499
466 467
466 498
466 499
466 500
467 499
467 500
467 501
468 469
468 501
468 502
468 503
469 470
469 502
469 503
470 471
470 503
471 504
472 473
472 504
472 505
472 506
473 505
473 506
474 507
474 508
475 476
475 508
475 509
476 477
476 509
477 509
477 510
478 510
478 511
479 480
479 512
480 481
480 512
480 513
481 482
481 513
481 514
482 513
482 514
482 515
483 484
483 515
483 516
484 516
484 517
485 517
485 518
486 518
487 488
487 519
487 520
487 521
488 489
488 520
488 521
488 522
489 490
489 521
489 522
489 523
490 491
490 522
490 523
490 524
491 492
491 523
491 524
491 525
492 493
492 524
492 525
492 526
493 494
493 525
493 526
493 527
494 526
494 527
494 528
495 496
495 528
495 529
495 530
496 529
496 530
496 531
497 498
497 531
497 532
497 533
498 499
498 532
498 533
499 500
499 533
499 534
500 501
500 534
500 535
501 502
501 534
501 535
501 536
502 503
502 535
502 536
502 537
503 536
503 537
504 505
504 538
504 539
504 540
505 506
505 539
505 540
505 541
506 540
506 541
507 508
507 542
508 542
508 543
509 543
509 544
510 511
510 544
510 545
510 546
511 545
511 546
511 547
512 547
512 548
512 549
513 514
513 549
513 550
514 515
514 550
514 551
515 551
516 517
516 552
516 553
517 552
517 553
518 554
519 520
519 555
519 556
520 521
520 556
520 557
521 522
521 557
521 558
522 523
522 557
522 558
522 559
523 524
523 558
523 559
523 560
524 525
524 559
524 560
524 561
525 526
525 560
525 561
526 527
526 561
526 562
527 528
527 562
527 563
528 529
528 562
528 563
528 564
529 530
529 563
529 564
530 531
530 564
530 565
531 532
531 565
532 533
532 565
532 566
533 566
534 535
534 567
535 536
535 567
535 568
536 537
536 567
536 568
536 569
537 568
537 569
537 570
538 539
538 570
538 571
538 572
539 540
539 571
539 572
539 573
540 541
540 572
540 573
541 573
542 574
543 575
544 545
544 575
544 576
544 577
545 546
545 576
545 577
545 578
546 547
546 577
546 578
546 579
547 548
547 578
547 579
547 580
548 549
548 579
548 580
548 581
549 550
549 580
549 581
550 581
550 582
551 582
551 583
551 584
552 553
552 584
552 585
553 585
553 586
554 555
554 587
554 588
555 556
555 588
555 589
556 589
556 590
557 558
557 590
557 591
557 592
558 559
558 591
558 592
559 560
559 592
559 593
560 561
560 593
560 594
561 593
561 594
561 595
562 563
562 595
562 596
562 597
563 564
563 596
563 597
563 598
564 597
564 598
564 599
565 599
565 600
565 601
566 601
566 602
566 603
567 568
567 604
567 605
567 606
568 569
568 605
568 606
568 607
569 570
569 606
569 607
569 608
570 571
570 607
570 608
570 609
571 572
571 608
571 609
571 610
572 573
572 609
572 610
572 611
573 610
573 611
573 612
574 613
575 576
575 614
575 615
576 577
576 615
576 616
577 578
577 616
577 617
578 579
578 616
578 617
579 580
579 617
579 618
580 581
580 618
580 619
581 618
581 619
582 583
582 620
583 584
583 620
583 621
584 621
584 622
585 586
585 622
586 587
586 623
587 588
587 623
587 624
588 623
588 624
588 625
589 590
589 625
589 626
589 627
590 591
590 626
590 627
591 592
591 627
591 628
592 628
592 629
593 594
593 629
593 630
593 631
594 595
594 630
594 631
595 596
595 631
595 632
596 597
596 632
596 633
597 598
597 632
597 633
597 634
598 599
598 633
598 634
598 635
599 600
599 634
599 635
599 636
600 601
600 635
600 636
600 637
601 602
601 636
601 637
601 638
602 603
602 637
602 638
602 639
603 604
603 638
603 639
603 640
604 605
604 639
604 640
604 641
605 606
605 640
605 641
605 642
606 607
606 641
606 642
606 643
607 608
607 642
607 643
607 644
608 609
608 643
608 644
608 645
609 610
609 644
609 645
609 646
610 611
610 645
610 646
611 612
611 646
611 647
612 647
613 614
613 648
613 649
614 615
614 648
614 649
614 650
615 649
615 650
615 651
616 617
616 651
616 652
616 653
617 652
617 653
617 654
618 619
618 654
618 655
618 656
619 655
619 656
619 657
620 657
620 658
621 622
621 659
622 659
622 660
623 624
623 661
623 662
623 663
624 625
624 662
624 663
624 664
625 626
625 663
625 664
625 665
626 627
626 664
626 665
626 666
627 665
627 666
627 667
628 629
628 667
628 668
629 630
629 668
630 631
630 668
630 669
631 669
631 670
632 633
632 670
632 671
632 672
633 634
633 671
633 672
633 673
634 635
634 672
634 673
635 636
635 673
635 674
636 637
636 674
636 675
637 638
637 674
637 675
637 676
638 639
638 675
638 676
638 677
639 640
639 676
639 677
639 678
640 641
640 677
640 678
640 679
641 642
641 678
641 679
642 643
642 679
642 680
643 644
643 680
643 681
644 645
644 680
644 681
644 682
645 646
645 681
645 682
645 683
646 682
646 683
646 684
647 684
648 649
648 685
648 686
649 650
649 686
649 687
650 651
650 687
650 688
651 652
651 687
651 688
651 689
652 653
652 688
652 689
652 690
653 654
653 689
653 690
654 655
654 690
654 691
655 656
655 691
655 692
656 657
656 691
656 692
656 693
657 658
657 692
657 693
657 694
658 693
658 694
658 695
659 695
659 696
659 697
660 661
660 697
660 698
660 699
661 662
661 698
661 699
662 663
662 699
663 664
663 700
664 665
664 700
664 701
665 666
665 700
665 701
665 702
666 667
666 701
666 702
666 703
667 702
667 703
667 704
668 704
668 705
669 670
669 705
669 706
670 671
670 706
670 707
671 672
671 706
671 707
671 708
672 673
672 707
672 708
672 709
673 708
673 709
673 710
674 675
674 710
674 711
675 676
675 711
675 712
676 677
676 711
676 712
676 713
677 678
677 712
677 713
677 714
678 679
678 713
678 714
678 715
679 714
679 715
680 681
680 716
680 717
681 682
681 716
681 717
681 718
682 683
682 717
682 718
682 719
683 684
683 718
683 719
684 719
684 720
685 686
685 721
686 721
686 722
687 688
687 722
687 723
687 724
688 689
688 723
688 724
688 725
689 690
689 724
689 725
690 725
690 726
691 692
691 726
691 727
691 728
692 693
692 727
692 728
692 729
693 694
693 728
693 729
693 730
694 695
694 729
694 730
694 731
695 696
695 730
695 731
696 697
696 731
696 732
697 698
697 732
698 699
698 732
698 733
699 733
699 734
700 701
700 735
700 736
700 737
701 702
701 736
701 737
702 703
702 737
703 704
703 738
704 738
705 739
705 740
706 707
706 740
706 741
706 742
707 708
707 741
707 742
707 743
708 709
708 742
708 743
708 744
709 710
709 743
709 744
709 745
710 744
710 745
710 746
711 712
711 746
711 747
711 748
712 713
712 747
712 748
712 749
713 714
713 748
713 749
714 715
714 749
715 750
716 717
716 750
716 751
716 752
717 718
717 751
717 752
717 753
718 719
718 752
718 753
719 753
720 754
721 755
721 756
722 723
722 756
722 757
722 758
723 724
723 757
723 758
723 759
724 725
724 758
724 759
724 760
725 759
725 760
725 761
726 727
726 761
726 762
727 728
727 762
727 763
728 729
728 763
729 730
729 763
730 731
730 764
731 764
731 765
732 765
732 766
732 767
733 734
733 767
733 768
733 769
734 735
734 768
734 769
734 770
735 736
735 769
735 770
735 771
736 737
736 770
736 771
737 771
737 772
738 773
738 774
738 775
739 740
739 775
739 776
740 741
740 776
740 777
741 742
741 776
741 777
742 743
742 777
742 778
743 744
743 778
743 779
744 745
744 778
744 779
744 780
745 746
745 779
745 780
745 781
746 747
746 780
746 781
746 782
747 748
747 781
747 782
747 783
748 749
748 782
748 783
748 784
749 783
749 784
749 785
750 751
750 786
750 787
750 788
751 752
751 787
751 788
751 789
752 753
752 788
752 789
752 790
753 789
753 790
754 791
754 792
755 756
755 793
755 794
756 757
756 793
756 794
756 795
757 758
757 794
757 795
758 759
758 795
758 796
759 760
759 796
759 797
760 761
760 796
760 797
760 798
761 762
761 797
761 798
761 799
762 798
762 799
762 800
763 800
763 801
764 765
764 802
764 803
764 804
765 766
765 803
765 804
766 767
766 804
766 805
767 768
767 805
767 806
768 769
768 805
768 806
768 807
769 770
769 806
769 807
769 808
770 771
770 807
770 808
771 808
771 809
772 773
772 809
772 810
772 811
773 774
773 810
773 811
774 775
774 811
774 812
775 812
775 813
776 777
776 813
776 814
776 815
777 814
777 815
777 816
778 779
778 816
778 817
778 818
779 780
779 817
779 818
780 781
780 818
780 819
781 782
781 819
781 820
782 783
782 819
782 820
782 821
783 784
783 820
783 821
784 785
784 821
784 822
785 786
785 822
785 823
786 787
786 822
786 823
786 824
787 788
787 823
787 824
787 825
788 789
788 824
788 825
788 826
789 790
789 825
789 826
789 827
790 826
790 827
790 828
791 792
791 828
791 829
792 829
793 794
793 830
794 795
794 830
794 831
795 831
795 832
796 797
796 832
796 833
796 834
797 798
797 833
797 834
798 799
798 834
798 835
799 800
799 835
799 836
800 801
800 835
800 836
800 837
801 836
801 837
801 838
802 803
802 838
802 839
802 840
803 804
803 839
803 840
803 841
804 840
804 841
805 806
805 842
805 843
806 807
806 842
806 843
806 844
807 808
807 843
807 844
807 845
808 844
808 845
808 846
809 810
809 846
809 847
809 848
810 811
810 847
810 848
810 849
811 848
811 849
812 813
812 850
812 851
813 814
813 850
813 851
814 815
814 851
815 816
815 852
816 817
816 852
816 853
817 818
817 852
817 853
817 854
818 853
818 854
819 820
819 855
819 856
820 821
820 855
820 856
821 856
821 857
822 823
822 857
822 858
822 859
823 824
823 858
823 859
823 860
824 825
824 859
824 860
824 861
825 826
825 860
825 861
825 862
826 827
826 861
826 862
826 863
827 828
827 862
827 863
827 864
828 863
828 864
828 865
829 865
829 866
830 867
830 868
831 832
831 868
831 869
831 870
832 833
832 869
832 870
832 871
833 834
833 870
833 871
833 872
834 871
834 872
835 836
835 873
835 874
836 837
836 873
836 874
836 875
837 838
837 874
837 875
837 876
838 839
838 875
838 876
839 840
839 876
840 841
842 843
842 877
842 878
843 844
843 877
843 878
843 879
844 845
844 878
844 879
845 846
845 879
845 880
846 847
846 880
846 881
847 848
847 880
847 881
847 882
848 849
848 881
848 882
848 883
849 882
849 883
849 884
850 851
850 884
850 885
850 886
851 885
851 886
852 853
852 887
852 888
852 889
853 854
853 888
853 889
853 890
854 889
854 890
854 891
855 856
855 891
855 892
856 892
856 893
857 858
857 893
857 894
858 859
858 894
858 895
859 860
859 894
859 895
859 896
860 861
860 895
860 896
860 897
861 862
861 896
861 897
862 863
862 897
863 864
863 898
864 865
864 898
864 899
865 866
865 898
865 899
865 900
866 899
866 900
867 868
867 901
867 902
868 869
868 901
868 902
868 903
869 870
869 902
869 903
869 904
870 871
870 903
870 904
871 872
871 904
871 905
872 905
872 906
873 874
873 906
873 907
873 908
874 875
874 907
874 908
875 876
875 908
875 909
876 909
876 910
877 878
877 913
877 914
878 879
878 914
878 915
879 915
879 916
880 881
880 916
880 917
880 918
881 882
881 917
881 918
881 919
882 883
882 918
882 919
882 920
883 884
883 919
883 920
884 885
884 920
885 886
886 921
887 888
887 921
887 922
887 923
888 889
888 922
888 923
888 924
889 890
889 923
889 924
889 925
890 891
890 924
890 925
890 926
891 892
891 925
891 926
891 927
892 926
892 927
892 928
893 928
893 929
893 930
894 895
894 930
894 931
894 932
895 896
895 931
895 932
895 933
896 897
896 932
896 933
896 934
897 933
897 934
898 899
898 935
898 936
898 937
899 900
899 936
899 937
899 938
900 937
900 938
901 902
901 939
901 940
902 903
902 939
902 940
903 904
903 940
903 941
904 941
904 942
905 906
905 942
905 943
905 944
906 907
906 943
906 944
907 908
907 944
907 945
908 945
908 946
909 910
909 946
909 947
909 948
910 911
910 947
910 948
910 949
911 912
911 948
911 949
911 950
912 913
912 949
912 950
912 951
913 914
913 950
913 951
913 952
914 951
914 952
914 953
915 916
915 953
915 954
915 955
916 917
916 954
916 955
916 956
917 918
917 955
917 956
917 957
918 919
918 956
918 957
918 958
919 920
919 957
919 958
919 959
920 958
920 959
920 960
921 922
921 962
921 963
922 923
922 962
922 963
922 964
923 924
923 963
923 964
924 925
924 964
925 926
925 965
926 927
926 965
926 966
927 928
927 965
927 966
927 967
928 929
928 966
928 967
929 930
929 967
929 968
930 931
930 968
930 969
931 932
931 968
931 969
931 970
932 933
932 969
932 970
932 971
933 934
933 970
933 971
933 972
934 971
934 972
935 936
935 973
935 974
936 937
936 973
936 974
936 975
937 938
937 974
937 975
937 976
938 975
938 976
939 940
939 977
939 978
940 977
940 978
940 979
941 942
941 979
942 943
943 944
943 980
944 980
944 981
945 946
945 981
945 982
945 983
946 947
946 982
946 983
946 984
947 948
947 983
947 984
947 985
948 949
948 984
948 985
948 986
949 950
949 985
949 986
949 987
950 951
950 986
950 987
950 988
951 952
951 987
951 988
952 953
952 988
953 954
954 955
954 989
955 956
955 989
955 990
956 957
956 989
956 990
956 991
957 958
957 990
957 991
958 959
958 991
959 960
959 992
960 961
960 992
960 993
961 992
961 993
961 994
962 963
962 994
962 995
962 996
963 964
963 995
963 996
963 997
964 996
964 997
964 998
965 966
965 999
965 1000
965 1001
966 967
966 1000
966 1001
966 1002
967 1001
967 1002
967 1003
968 969
968 1003
968 1004
968 1005
969 970
969 1004
969 1005
969 1006
970 971
970 1005
970 1006
971 972
971 1006
971 1007
972 1007
972 1008
973 974
973 1008
973 1009
974 975
974 1009
974 1010
975 976
975 1009
975 1010
975 1011
976 1010
976 1011
977 978
977 1012
977 1013
978 979
978 1012
978 1013
978 1014
979 1013
979 1014
979 1015
980 981
980 1017
980 1018
981 982
981 1018
981 1019
982 983
982 1018
982 1019
983 984
983 1019
983 1020
984 985
984 1020
984 1021
985 986
985 1020
985 1021
986 987
986 1021
986 1022
987 988
987 1022
987 1023
988 1022
988 1023
988 1024
989 990
989 1026
989 1027
989 1028
990 991
990 1027
990 1028
990 1029
991 1028
991 1029
991 1030
992 993
992 1031
992 1032
992 1033
993 994
993 1032
993 1033
993 1034
994 995
994 1033
994 1034
994 1035
995 996
995 1034
995 1035
995 1036
996 997
996 1035
996 1036
996 1037
997 998
997 1036
997 1037
997 1038
998 999
998 1037
998 1038
999 1000
999 1038
999 1039
1000 1001
1000 1039
1000 1040
1001 1002
1001 1039
1001 1040
1002 1003
1002 1040
1002 1041
1003 1004
1003 1041
1004 1005
1004 1041
1005 1006
1005 1042
1006 1042
1007 1008
1007 1043
1007 1044
1008 1043
1008 1044
1008 1045
1009 1010
1009 1045
1009 1046
1010 1011
1010 1046
1010 1047
1011 1047
1012 1013
1012 1048
1013 1014
1013 1048
1013 1049
1014 1015
1014 1048
1014 1049
1014 1050
1015 1016
1015 1049
1015 1050
1015 1051
1016 1017
1016 1050
1016 1051
1016 1052
1017 1051
1017 1052
1017 1053
1018 1019
1018 1053
1018 1054
1018 1055
1019 1054
1019 1055
1019 1056
1020 1021
1020 1056
1020 1057
1020 1058
1021 1057
1021 1058
1021 1059
1022 1023
1022 1059
1022 1060
1022 1061
1023 1024
1023 1060
1023 1061
1023 1062
1024 1025
1024 1061
1024 1062
1024 1063
1025 1026
1025 1062
1025 1063
1025 1064
1026 1027
1026 1063
1026 1064
1026 1065
1027 1028
1027 1064
1027 1065
1027 1066
1028 1029
1028 1065
1028 1066
1029 1030
1029 1066
1030 1031
1030 1067
1031 1032
1031 1067
1032 1033
1032 1067
1032 1068
1033 1034
1033 1068
1033 1069
1034 1035
1034 1068
1034 1069
1035 1036
1035 1069
1035 1070
1036 1037
1036 1070
1036 1071
1037 1038
1037 1070
1037 1071
1037 1072
1038 1071
1038 1072
1038 1073
1039 1040
1039 1073
1039 1074
1039 1075
1040 1074
1040 1075
1040 1076
1041 1076
1041 1077
1042 1078
1042 1079
1042 1080
1043 1044
1043 1080
1043 1081
1043 1082
1044 1045
1044 1081
1044 1082
1044 1083
1045 1046
1045 1082
1045 1083
1045 1084
1046 1083
1046 1084
1046 1085
1047 1085
1047 1086
1048 1049
1048 1087
1048 1088
1048 1089
1049 1050
1049 1088
1049 1089
1050 1051
1050 1089
1051 1052
1051 1090
1052 1053
1052 1090
1052 1091
1053 1054
1053 1090
1053 1091
1053 1092
1054 1055
1054 1091
1054 1092
1055 1056
1055 1092
1055 1093
1056 1057
1056 1093
1057 1058
1057 1093
1057 1094
1058 1059
1058 1094
1059 1060
1059 1094
1059 1095
1060 1061
1060 1095
1060 1096
1061 1062
1061 1095
1061 1096
1061 1097
1062 1063
1062 1096
1062 1097
1063 1064
1063 1097
1063 1098
1064 1065
1064 1098
1064 1099
1065 1066
1065 1098
1065 1099
1065 1100
1066 1099
1066 1100
1066 1101
1067 1102
1067 1103
1067 1104
1068 1069
1068 1104
1069 1105
1070 1071
1070 1105
1070 1106
1070 1107
1071 1072
1071 1106
1071 1107
1071 1108
1072 1073
1072 1107
1072 1108
1072 1109
1073 1074
1073 1108
1073 1109
1073 1110
1074 1075
1074 1109
1074 1110
1075 1076
1075 1110
1075 1111
1076 1077
1076 1111
1076 1112
1077 1111
1077 1112
1078 1079
1078 1113
1078 1114
1079 1080
1079 1113
1079 1114
1079 1115
1080 1081
1080 1114
1080 1115
1080 1116
1081 1082
1081 1115
1081 1116
1081 1117
1082 1083
1082 1116
1082 1117
1082 1118
1083 1084
1083 1117
1083 1118
1083 1119
1084 1085
1084 1118
1084 1119
1084 1120
1085 1086
1085 1119
1085 1120
1085 1121
1086 1120
1086 1121
1087 1088
1087 1122
1087 1123
1088 1089
1088 1122
1088 1123
1088 1124
1089 1123
1089 1124
1089 1125
1090 1091
1090 1126
1090 1127
1090 1128
1091 1092
1091 1127
1091 1128
1091 1129
1092 1128
1092 1129
1092 1130
1093 1130
1093 1131
1094 1132
1095 1096
1095 1132
1095 1133
1096 1097
1096 1133
1096 1134
1097 1133
1097 1134
1097 1135
1098 1099
1098 1135
1098 1136
1098 1137
1099 1100
1099 1136
1099 1137
1099 1138
1100 1101
1100 1137
1100 1138
1100 1139
1101 1102
1101 1138
1101 1139
1101 1140
1102 1103
1102 1139
1102 1140
1102 1141
1103 1104
1103 1140
1103 1141
1103 1142
1104 1141
1104 1142
1104 1143
1105 1106
1105 1144
1105 1145
1106 1107
1106 1145
1107 1108
1107 1146
1108 1109
1108 1146
1109 1110
1109 1146
1109 1147
1110 1147
1110 1148
1111 1112
1111 1148
1111 1149
1111 1150
1112 1149
1112 1150
1112 1151
1113 1114
1113 1151
1113 1152
1114 1115
1114 1152
1114 1153
1115 1116
1115 1152
1115 1153
1115 1154
1116 1117
1116 1153
1116 1154
1116 1155
1117 1118
1117 1154
1117 1155
1118 1119
1118 1155
1119 1120
1119 1156
1120 1121
1120 1156
1120 1157
1121 1156
1121 1157
1122 1123
1122 1158
1123 1124
1123 1158
1123 1159
1124 1125
1124 1159
1124 1160
1125 1126
1125 1159
1125 1160
1125 1161
1126 1127
1126 1160
1126 1161
1126 1162
1127 1128
1127 1161
1127 1162
1127 1163
1128 1129
1128 1162
1128 1163
1129 1130
1129 1163
1129 1164
1130 1131
1130 1164
1130 1165
1131 1164
1131 1165
1131 1166
1132 1167
1132 1168
1132 1169
1133 1134
1133 1169
1133 1170
1133 1171
1134 1135
1134 1170
1134 1171
1134 1172
1135 1136
1135 1171
1135 1172
1135 1173
1136 1137
1136 1172
1136 1173
1137 1138
1137 1173
1137 1174
1138 1139
1138 1174
1138 1175
1139 1140
1139 1174
1139 1175
1139 1176
1140 1141
1140 1175
1140 1176
1140 1177
1141 1142
1141 1176
1141 1177
1141 1178
1142 1143
1142 1177
1142 1178
1142 1179
1143 1144
1143 1178
1143 1179
1144 1145
1144 1179
1144 1180
1145 1180
1145 1181
1146 1182
1146 1183
1147 1148
1147 1183
1147 1184
1147 1185
1148 1149
1148 1184
1148 1185
1148 1186
1149 1150
1149 1185
1149 1186
1149 1187
1150 1151
1150 1186
1150 1187
1150 1188
1151 1187
1151 1188
1151 1189
1152 1153
1152 1189
1152 1190
1152 1191
1153 1154
1153 1190
1153 1191
1153 1192
1154 1155
1154 1191
1154 1192
1154 1193
1155 1192
1155 1193
1155 1194
1156 1157
1156 1195
1156 1196
1157 1196
1158 1197
1158 1198
1159 1160
1159 1198
1159 1199
1160 1161
1160 1199
1160 1200
1161 1162
1161 1200
1162 1163
1162 1200
1162 1201
1163 1201
1163 1202
1164 1165
1164 1202
1164 1203
1165 1166
1165 1203
1165 1204
1166 1167
1166 1203
1166 1204
1166 1205
1167 1168
1167 1204
1167 1205
1167 1206
1168 1169
1168 1205
1168 1206
1168 1207
1169 1170
1169 1206
1169 1207
1169 1208
1170 1171
1170 1207
1170 1208
1170 1209
1171 1172
1171 1208
1171 1209
1171 1210
1172 1173
1172 1209
1172 1210
1172 1211
1173 1210
1173 1211
1174 1175
1174 1212
1174 1213
1175 1176
1175 1212
1175 1213
1175 1214
1176 1177
1176 1213
1176 1214
1176 1215
1177 1178
1177 1214
1177 1215
1177 1216
1178 1179
1178 1215
1178 1216
1178 1217
1179 1216
1179 1217
1179 1218
1180 1181
1180 1218
1181 1182
1181 1219
1182 1219
1182 1220
1183 1184
1183 1220
1183 1221
1183 1222
1184 1185
1184 1221
1184 1222
1184 1223
1185 1186
1185 1222
1185 1223
1185 1224
1186 1187
1186 1223
1186 1224
1186 1225
1187 1188
1187 1224
1187 1225
1187 1226
1188 1189
1188 1225
1188 1226
1188 1227
1189 1190
1189 1226
1189 1227
1189 1228
1190 1191
1190 1227
1190 1228
1190 1229
1191 1192
1191 1228
1191 1229
1191 1230
1192 1193
1192 1229
1192 1230
1192 1231
1193 1194
1193 1230
1193 1231
1193 1232
1194 1195
1194 1231
1194 1232
1194 1233
1195 1196
1195 1232
1195 1233
1196 1233
1196 1234
1197 1198
1198 1199
1200 1235
1200 1236
1201 1202
1201 1236
1201 1237
1202 1237
1203 1204
1203 1238
1203 1239
1204 1205
1204 1238
1204 1239
1204 1240
1205 1206
1205 1239
1205 1240
1206 1207
1206 1240
1206 1241
1207 1208
1207 1241
1207 1242
1208 1209
1208 1241
1208 1242
1208 1243
1209 1210
1209 1242
1209 1243
1209 1244
1210 1211
1210 1243
1210 1244
1210 1245
1211 1244
1211 1245
1211 1246
1212 1213
1212 1246
1212 1247
1213 1214
1213 1247
1213 1248
1214 1215
1214 1247
1214 1248
1214 1249
1215 1216
1215 1248
1215 1249
1215 1250
1216 1217
1216 1249
1216 1250
1216 1251
1217 1218
1217 1250
1217 1251
1217 1252
1218 1251
1218 1252
1218 1253
1219 1220
1219 1254
1219 1255
1220 1221
1220 1255
1221 1222
1221 1256
1222 1223
1222 1256
1222 1257
1223 1224
1223 1256
1223 1257
1223 1258
1224 1225
1224 1257
1224 1258
1224 1259
1225 1226
1225 1258
1225 1259
1225 1260
1226 1227
1226 1259
1226 1260
1226 1261
1227 1228
1227 1260
1227 1261
1228 1229
1228 1261
1229 1230
1230 1231
1231 1232
1231 1262
1232 1233
1232 1262
1232 1263
1233 1262
1233 1263
1233 1264
1234 1264
1235 1236
1235 1268
1235 1269
1236 1237
1236 1268
1236 1269
1237 1269
1238 1239
1238 1270
1239 1240
1239 1270
1239 1271
1240 1270
1240 1271
1240 1272
1241 1242
1241 1272
1241 1273
1241 1274
1242 1243
1242 1273
1242 1274
1242 1275
1243 1244
1243 1274
1243 1275
1243 1276
1244 1245
1244 1275
1244 1276
1245 1246
1245 1276
1245 1277
1246 1277
1247 1248
1247 1278
1248 1249
1248 1278
1248 1279
1249 1250
1249 1279
1249 1280
1250 1251
1250 1279
1250 1280
1250 1281
1251 1252
1251 1280
1251 1281
1251 1282
1252 1253
1252 1281
1252 1282
1253 1254
1253 1282
1253 1283
1254 1255
1254 1283
1254 1284
1255 1283
1255 1284
1255 1285
1256 1257
1256 1286
1256 1287
1257 1258
1257 1286
1257 1287
1258 1259
1258 1287
1258 1288
1259 1260
1259 1288
1260 1261
1260 1288
1260 1289
1261 1289
1261 1290
1262 1263
1262 1292
1262 1293
1263 1264
1263 1292
1263 1293
1264 1293
1265 1266
1265 1294
1266 1267
1266 1294
1266 1295
1267 1295
1267 1296
1268 1269
1268 1296
1268 1297
1268 1298
1269 1297
1269 1298
1269 1299
1270 1271
1270 1302
1270 1303
1271 1272
1271 1303
1271 1304
1272 1273
1272 1303
1272 1304
1272 1305
1273 1274
1273 1304
1273 1305
1273 1306
1274 1275
1274 1305
1274 1306
1274 1307
1275 1276
1275 1306
1275 1307
1275 1308
1276 1307
1276 1308
1276 1309
1277 1309
1277 1310
1278 1310
1278 1311
1279 1280
1279 1312
1280 1281
1280 1312
1280 1313
1281 1282
1281 1312
1281 1313
1281 1314
1282 1313
1282 1314
1282 1315
1283 1284
1283 1315
1283 1316
1284 1285
1284 1316
1284 1317
1285 1316
1285 1317
1285 1318
1286 1287
1286 1318
1286 1319
1287 1319
1287 1320
1288 1320
1288 1321
1289 1290
1289 1321
1290 1291
1290 1322
1291 1322
1291 1323
1292 1293
1292 1324
1292 1325
1293 1325
1294 1327
1295 1296
1295 1327
1295 1328
1296 1297
1296 1328
1296 1329
1297 1298
1297 1328
1297 1329
1297 1330
1298 1299
1298 1329
1298 1330
1298 1331
1299 1300
1299 1330
1299 1331
1299 1332
1300 1301
1300 1331
1300 1332
1300 1333
1301 1302
1301 1332
1301 1333
1301 1334
1302 1333
1302 1334
1302 1335
1303 1304
1303 1335
1303 1336
1303 1337
1304 1305
1304 1336
1304 1337
1304 1338
1305 1306
1305 1337
1305 1338
1305 1339
1306 1307
1306 1338
1306 1339
1306 1340
1307 1308
1307 1339
1307 1340
1308 1309
1308 1340
1309 1341
1310 1311
1310 1341
1310 1342
1310 1343
1311 1342
1311 1343
1312 1313
1312 1344
1312 1345
1313 1314
1313 1344
1313 1345
1313 1346
1314 1315
1314 1345
1314 1346
1314 1347
1315 1346
1315 1347
1316 1317
1316 1348
1317 1318
1317 1348
1317 1349
1318 1319
1318 1348
1318 1349
1318 1350
1319 1349
1319 1350
1319 1351
1320 1351
1320 1352
1320 1353
1321 1353
1321 1354
1321 1355
1322 1323
1322 1356
1323 1324
1323 1356
1323 1357
1324 1357
1324 1358
1325 1358
1325 1359
1326 1360
1327 1361
1327 1362
1327 1363
1328 1329
1328 1363
1328 1364
1328 1365
1329 1330
1329 1364
1329 1365
1329 1366
1330 1331
1330 1365
1330 1366
1330 1367
1331 1332
1331 1366
1331 1367
1332 1333
1332 1367
1333 1334
1333 1368
1334 1335
1334 1368
1335 1336
1335 1368
1335 1369
1336 1337
1336 1369
1336 1370
1337 1338
1337 1369
1337 1370
1337 1371
1338 1339
1338 1370
1338 1371
1338 1372
1339 1340
1339 1371
1339 1372
1340 1372
1340 1373
1341 1342
1341 1374
1341 1375
1341 1376
1342 1343
1342 1375
1342 1376
1342 1377
1343 1376
1343 1377
1343 1378
1344 1345
1344 1379
1345 1346
1345 1379
1345 1380
1346 1347
1346 1380
1346 1381
1347 1380
1347 1381
1347 1382
1348 1349
1348 1383
1349 1350
1349 1384
1350 1351
1350 1384
1350 1385
1351 1352
1351 1384
1351 1385
1351 1386
1352 1353
1352 1385
1352 1386
1352 1387
1353 1354
1353 1386
1353 1387
1353 1388
1354 1355
1354 1387
1354 1388
1355 1388
1355 1389
1356 1389
1356 1390
1356 1391
1357 1358
1357 1391
1357 1392
1357 1393
1358 1359
1358 1392
1358 1393
1358 1394
1359 1393
1359 1394
1359 1395
1360 1395
1360 1396
1361 1362
1361 1397
1361 1398
1362 1363
1362 1397
1362 1398
1362 1399
1363 1364
1363 1398
1363 1399
1363 1400
1364 1365
1364 1399
1364 1400
1364 1401
1365 1366
1365 1400
1365 1401
1365 1402
1366 1367
1366 1401
1366 1402
1366 1403
1367 1402
1367 1403
1367 1404
1368 1405
1368 1406
1368 1407
1369 1370
1369 1407
1369 1408
1369 1409
1370 1371
1370 1408
1370 1409
1370 1410
1371 1372
1371 1409
1371 1410
1371 1411
1372 1410
1372 1411
1372 1412
1373 1374
1373 1412
1373 1413
1373 1414
1374 1375
1374 1413
1374 1414
1374 1415
1375 1376
1375 1414
1375 1415
1376 1377
1376 1415
1376 1416
1377 1378
1377 1416
1377 1417
1378 1416
1378 1417
1378 1418
1379 1418
1379 1419
1379 1420
1380 1381
1380 1420
1380 1421
1380 1422
1381 1382
1381 1421
1381 1422
1381 1423
1382 1383
1382 1422
1382 1423
1382 1424
1383 1423
1383 1424
1384 1385
1384 1425
1384 1426
1385 1386
1385 1426
1385 1427
1386 1387
1386 1426
1386 1427
1387 1388
1387 1427
1387 1428
1388 1428
1388 1429
1389 1390
1389 1429
1389 1430
1389 1431
1390 1391
1390 1430
1390 1431
1390 1432
1391 1392
1391 1431
1391 1432
1392 1393
1392 1432
1392 1433
1393 1394
1393 1433
1393 1434
1394 1395
1394 1433
1394 1434
1394 1435
1395 1396
1395 1434
1395 1435
1395 1436
1396 1435
1396 1436
1397 1398
1397 1437
1397 1438
1398 1399
1398 1437
1398 1438
1398 1439
1399 1400
1399 1438
1399 1439
1399 1440
1400 1401
1400 1439
1400 1440
1400 1441
1401 1402
1401 1440
1401 1441
1401 1442
1402 1403
1402 1441
1402 1442
1402 1443
1403 1404
1403 1442
1403 1443
1404 1405
1404 1443
1404 1444
1405 1406
1405 1444
1405 1445
1406 1407
1406 1444
1406 1445
1406 1446
1407 1408
1407 1445
1407 1446
1407 1447
1408 1409
1408 1446
1408 1447
1408 1448
1409 1410
1409 1447
1409 1448
1409 1449
1410 1411
1410 1448
1410 1449
1410 1450
1411 1412
1411 1449
1411 1450
1412 1413
1412 1450
1412 1451
1413 1414
1413 1451
1413 1452
1414 1415
1414 1451
1414 1452
1414 1453
1415 1452
1415 1453
1415 1454
1416 1417
1416 1454
1416 1455
1417 1418
1417 1455
1417 1456
1418 1419
1418 1456
1418 1457
1419 1420
1419 1456
1419 1457
1420 1421
1420 1457
1420 1458
1421 1422
1421 1458
1422 1423
1422 1458
1422 1459
1423 1424
1423 1459
1424 1459
1424 1460
1425 1460
1425 1461
1425 1462
1426 1427
1426 1462
1426 1463
1426 1464
1427 1463
1427 1464
1427 1465
1428 1429
1428 1465
1428 1466
1428 1467
1429 1430
1429 1466
1429 1467
1429 1468
1430 1431
1430 1467
1430 1468
1430 1469
1431 1432
1431 1468
1431 1469
1431 1470
1432 1469
1432 1470
1432 1471
1433 1434
1433 1471
1433 1472
1433 1473
1434 1435
1434 1472
1434 1473
1434 1474
1435 1436
1435 1473
1435 1474
1435 1475
1436 1474
1436 1475
1437 1438
1437 1476
1437 1477
1438 1439
1438 1476
1438 1477
1438 1478
1439 1440
1439 1477
1439 1478
1439 1479
1440 1441
1440 1478
1440 1479
1440 1480
1441 1442
1441 1479
1441 1480
1441 1481
1442 1443
1442 1480
1442 1481
1443 1481
1443 1482
1444 1445
1444 1482
1444 1483
1444 1484
1445 1446
1445 1483
1445 1484
1445 1485
1446 1447
1446 1484
1446 1485
1446 1486
1447 1448
1447 1485
1447 1486
1447 1487
1448 1449
1448 1486
1448 1487
1448 1488
1449 1450
1449 1487
1449 1488
1449 1489
1450 1488
1450 1489
1450 1490
1451 1452
1451 1490
1451 1491
1451 1492
1452 1453
1452 1491
1452 1492
1452 1493
1453 1454
1453 1492
1453 1493
1453 1494
1454 1455
1454 1493
1454 1494
1454 1495
1455 1494
1455 1495
1455 1496
1456 1457
1456 1496
1456 1497
1456 1498
1457 1497
1457 1498
1458 1499
1458 1500
1459 1500
1459 1501
1460 1461
1460 1502
1460 1503
1461 1462
1461 1502
1461 1503
1461 1504
1462 1463
1462 1503
1462 1504
1462 1505
1463 1464
1463 1504
1463 1505
1463 1506
1464 1465
1464 1505
1464 1506
1464 1507
1465 1466
1465 1506
1465 1507
1465 1508
1466 1467
1466 1507
1466 1508
1466 1509
1467 1468
1467 1508
1467 1509
1467 1510
1468 1469
1468 1509
1468 1510
1469 1470
1469 1510
1470 1471
1470 1511
1471 1472
1471 1511
1472 1473
1472 1511
1473 1474
1474 1475
1474 1512
1475 1512
1476 1477
1476 1513
1476 1514
1477 1478
1477 1513
1477 1514
1478 1479
1478 1514
1478 1515
1479 1480
1479 1515
1479 1516
1480 1481
1480 1515
1480 1516
1481 1516
1481 1517
1482 1483
1482 1517
1482 1518
1482 1519
1483 1484
1483 1518
1483 1519
1483 1520
1484 1485
1484 1519
1484 1520
1485 1486
1485 1520
1485 1521
1486 1487
1486 1521
1486 1522
1487 1488
1487 1521
1487 1522
1487 1523
1488 1489
1488 1522
1488 1523
1489 1490
1489 1523
1490 1491
1490 1524
1491 1492
1491 1524
1491 1525
1492 1493
1492 1524
1492 1525
1492 1526
1493 1494
1493 1525
1493 1526
1493 1527
1494 1495
1494 1526
1494 1527
1494 1528
1495 1496
1495 1527
1495 1528
1496 1497
1496 1528
1496 1529
1497 1498
1497 1529
1497 1530
1498 1529
1498 1530
1499 1500
1499 1531
1499 1532
1500 1501
1500 1531
1500 1532
1500 1533
1501 1532
1501 1533
1501 1534
1502 1503
1502 1534
1502 1535
1503 1504
1503 1535
1503 1536
1504 1505
1504 1536
1504 1537
1505 1506
1505 1536
1505 1537
1505 1538
1506 1507
1506 1537
1506 1538
1506 1539
1507 1508
1507 1538
1507 1539
1507 1540
1508 1509
1508 1539
1508 1540
1508 1541
1509 1510
1509 1540
1509 1541
1509 1542
1510 1541
1510 1542
1510 1543
1511 1544
1511 1545
1511 1546
1512 1548
1512 1549
1513 1514
1513 1550
1513 1551
1514 1550
1514 1551
1514 1552
1515 1516
1515 1552
1515 1553
1515 1554
1516 1553
1516 1554
1517 1518
1517 1555
1518 1519
1518 1555
1519 1520
1519 1556
1520 1556
1520 1557
1521 1522
1521 1557
1521 1558
1521 1559
1522 1523
1522 1558
1522 1559
1523 1559
1523 1560
1524 1525
1524 1561
1524 1562
1524 1563
1525 1526
1525 1562
1525 1563
1525 1564
1526 1527
1526 1563
1526 1564
1527 1528
1527 1564
1527 1565
1528 1565
1528 1566
1529 1530
1529 1566
1529 1567
1529 1568
1530 1567
1530 1568
1530 1569
1531 1532
1531 1569
1531 1570
1531 1571
1532 1533
1532 1570
1532 1571
1532 1572
1533 1534
1533 1571
1533 1572
1533 1573
1534 1535
1534 1572
1534 1573
1535 1573
1535 1574
1536 1537
1536 1574
1536 1575
1537 1538
1537 1575
1537 1576
1538 1539
1538 1576
1539 1540
1539 1576
1539 1577
1540 1541
1540 1577
1541 1542
1541 1577
1541 1578
1542 1543
1542 1578
1542 1579
1543 1544
1543 1578
1543 1579
1543 1580
1544 1545
1544 1579
1544 1580
1544 1581
1545 1546
1545 1580
1545 1581
1545 1582
1546 1547
1546 1581
1546 1582
1547 1548
1547 1582
1547 1583
1548 1549
1548 1583
1548 1584
1549 1583
1549 1584
1550 1551
1550 1585
1551 1552
1551 1585
1551 1586
1552 1553
1552 1586
1552 1587
1553 1554
1553 1586
1553 1587
1553 1588
1554 1587
1554 1588
1555 1589
1556 1557
1556 1590
1557 1558
1557 1590
1557 1591
1558 1559
1558 1590
1558 1591
1558 1592
1559 1591
1559 1592
1560 1561
1560 1593
1561 1562
1561 1593
1561 1594
1562 1563
1562 1593
1562 1594
1562 1595
1563 1564
1563 1594
1563 1595
1563 1596
1564 1595
1564 1596
1565 1566
1565 1597
1565 1598
1566 1567
1566 1597
1566 1598
1566 1599
1567 1568
1567 1598
1567 1599
1567 1600
1568 1569
1568 1599
1568 1600
1568 1601
1569 1570
1569 1600
1569 1601
1570 1571
1570 1601
1570 1602
1571 1572
1571 1602
1571 1603
1572 1573
1572 1602
1572 1603
1572 1604
1573 1603
1573 1604
1573 1605
1574 1575
1574 1605
1574 1606
1574 1607
1575 1606
1575 1607
1575 1608
1576 1608
1576 1609
1577 1609
1577 1610
1577 1611
1578 1579
1578 1611
1578 1612
1578 1613
1579 1580
1579 1612
1579 1613
1579 1614
1580 1581
1580 1613
1580 1614
1580 1615
1581 1582
1581 1614
1581 1615
1581 1616
1582 1615
1582 1616
1582 1617
1583 1584
1583 1617
1583 1618
1583 1619
1584 1618
1584 1619
1586 1587
1587 1588
1590 1591
1591 1592
1593 1594
1594 1595
1595 1596
1597 1598
1598 1599
1599 1600
1600 1601
1602 1603
1603 1604
1604 1605
1605 1606
1606 1607
1607 1608
1609 1610
1610 1611
1611 1612
1612 1613
1613 1614
1614 1615
1615 1616
1616 1617
1617 1618
1618 1619
