# FromNodeId	ToNodeId
0 40
0 41
1 2
1 41
1 42
2 3
2 42
2 43
3 4
3 42
3 43
3 44
4 5
4 43
4 44
4 45
5 6
5 44
5 45
5 46
6 45
6 46
7 8
7 47
8 47
8 48
9 10
9 48
9 49
9 50
10 49
10 50
10 51
11 12
11 51
11 52
11 53
12 13
12 52
12 53
13 14
13 53
13 54
14 15
14 54
14 55
15 54
15 55
15 56
16 17
16 56
16 57
17 18
17 57
17 58
18 19
18 57
18 58
19 58
19 59
20 21
20 59
20 60
20 61
21 22
21 60
21 61
21 62
22 23
22 61
22 62
22 63
23 24
23 62
23 63
23 64
24 25
24 63
24 64
24 65
25 26
25 64
25 65
25 66
26 65
26 66
26 67
27 28
27 68
27 69
28 29
28 69
28 70
29 30
29 70
29 71
30 31
30 70
30 71
30 72
31 32
31 71
31 72
31 73
32 33
32 72
32 73
33 34
33 73
33 74
34 35
34 74
34 75
35 36
35 74
35 75
35 76
36 37
36 75
36 76
36 77
37 38
37 76
37 77
38 39
38 77
39 78
40 41
40 80
41 80
41 81
42 43
42 81
42 82
42 83
43 44
43 82
43 83
44 45
44 83
44 84
45 46
45 84
45 85
46 84
46 85
46 86
47 86
47 87
47 88
48 49
48 88
48 89
48 90
49 50
49 89
49 90
49 91
50 51
50 90
50 91
50 92
51 52
51 91
51 92
51 93
52 53
52 92
52 93
53 93
53 94
54 55
54 94
54 95
54 96
55 56
55 95
55 96
56 96
56 97
57 58
57 97
57 98
57 99
58 98
58 99
58 100
59 60
59 100
59 101
59 102
60 61
60 101
60 102
60 103
61 62
61 102
61 103
62 63
62 103
62 104
63 64
63 104
63 105
64 65
64 104
64 105
65 66
65 105
66 67
67 68
68 69
68 106
69 106
69 107
70 71
70 107
70 108
70 109
71 72
71 108
71 109
71 110
72 73
72 109
72 110
72 111
73 110
73 111
73 112
74 75
74 112
74 113
74 114
75 76
75 113
75 114
75 115
76 77
76 114
76 115
77 115
77 116
78 79
78 117
78 118
79 117
79 118
80 119
80 120
81 82
81 120
81 121
81 122
82 83
82 121
82 122
82 123
83 122
83 123
83 124
84 85
84 124
84 125
84 126
85 86
85 125
85 126
86 87
86 126
87 88
87 127
88 89
88 127
88 128
89 90
89 127
89 128
90 91
90 128
90 129
91 92
91 129
91 130
92 93
92 129
92 130
92 131
93 130
93 131
93 132
94 95
94 132
94 133
94 134
95 96
95 133
95 134
95 135
96 134
96 135
96 136
97 98
97 136
97 137
97 138
98 99
98 137
98 138
98 139
99 100
99 138
99 139
99 140
100 101
100 139
100 140
101 102
101 140
102 103
102 141
103 141
103 142
104 105
104 142
104 143
105 143
105 144
106 107
106 147
106 148
106 149
107 108
107 148
107 149
107 150
108 109
108 149
108 150
108 151
109 110
109 150
109 151
110 111
110 151
111 112
111 152
112 113
112 152
113 114
113 152
113 153
114 115
114 153
114 154
115 153
115 154
115 155
116 155
116 156
117 118
117 157
117 158
118 157
118 158
119 120
119 159
119 160
120 121
120 159
120 160
120 161
121 122
121 160
121 161
121 162
122 123
122 161
122 162
122 163
123 124
123 162
123 163
124 125
124 163
124 164
125 126
125 164
125 165
126 164
126 165
126 166
127 128
127 167
127 168
127 169
128 168
128 169
128 170
129 130
129 170
129 171
129 172
130 131
130 171
130 172
130 173
131 132
131 172
131 173
131 174
132 133
132 173
132 174
132 175
133 134
133 174
133 175
133 176
134 135
134 175
134 176
135 136
135 176
135 177
136 137
136 177
136 178
137 138
137 177
137 178
137 179
138 139
138 178
138 179
138 180
139 140
139 179
139 180
139 181
140 180
140 181
140 182
141 142
141 183
141 184
141 185
142 143
142 184
142 185
142 186
143 185
143 186
143 187
144 145
144 187
144 188
145 146
145 188
145 189
146 147
146 188
146 189
146 190
147 148
147 189
147 190
147 191
148 149
148 190
148 191
148 192
149 150
149 191
149 192
149 193
150 151
150 192
150 193
150 194
151 193
151 194
151 195
152 196
152 197
153 154
153 198
153 199
154 155
154 198
154 199
154 200
155 156
155 199
155 200
155 201
156 200
156 201
156 202
157 158
157 202
157 203
157 204
158 203
158 204
159 160
159 205
159 206
160 161
160 205
160 206
160 207
161 162
161 206
161 207
161 208
162 163
162 207
162 208
162 209
163 208
163 209
163 210
164 165
164 210
164 211
165 166
165 211
165 212
166 167
166 212
166 213
167 168
167 212
167 213
167 214
168 169
168 213
168 214
169 170
169 214
169 215
170 171
170 215
170 216
171 172
171 215
171 216
171 217
172 173
172 216
172 217
172 218
173 174
173 217
173 218
173 219
174 175
174 218
174 219
175 176
175 219
175 220
176 220
176 221
177 178
177 221
177 222
177 223
178 179
178 222
178 223
178 224
179 180
179 223
179 224
179 225
180 181
180 224
180 225
180 226
181 182
181 225
181 226
181 227
182 183
182 226
182 227
182 228
183 184
183 227
183 228
183 229
184 185
184 228
184 229
185 186
185 229
185 230
186 187
186 230
186 231
187 230
187 231
188 189
188 232
188 233
189 190
189 232
189 233
189 234
190 191
190 233
190 234
191 192
191 234
192 193
192 235
193 194
193 235
193 236
194 195
194 235
194 236
194 237
195 196
195 236
195 237
196 197
196 237
196 238
197 238
197 239
198 199
198 239
198 240
198 241
199 200
199 240
199 241
199 242
200 201
200 241
200 242
200 243
201 202
201 242
201 243
202 203
202 243
202 244
203 204
203 244
204 244
205 206
206 207
206 245
207 208
207 245
207 246
208 209
208 245
208 246
208 247
209 210
209 246
209 247
209 248
210 211
210 247
210 248
210 249
211 248
211 249
211 250
212 213
212 250
212 251
213 214
213 251
213 252
214 252
214 253
215 216
215 253
215 254
215 255
216 217
216 254
216 255
216 256
217 218
217 255
217 256
217 257
218 219
218 256
218 257
218 258
219 257
219 258
219 259
220 221
220 259
220 260
220 261
221 222
221 260
221 261
221 262
222 223
222 261
222 262
222 263
223 224
223 262
223 263
223 264
224 225
224 263
224 264
224 265
225 226
225 264
225 265
225 266
226 227
226 265
226 266
226 267
227 228
227 266
227 267
227 268
228 229
228 267
228 268
229 268
229 269
230 231
230 269
232 233
232 270
233 234
233 270
233 271
234 270
234 271
234 272
235 236
235 273
235 274
236 237
236 273
236 274
237 274
237 275
238 239
238 275
238 276
238 277
239 240
239 276
239 277
239 278
240 241
240 277
240 278
241 242
241 278
241 279
242 243
242 279
242 280
243 279
243 280
243 281
244 281
244 282
244 283
245 246
245 285
245 286
246 247
246 286
246 287
247 248
247 287
247 288
248 249
248 287
248 288
248 289
249 250
249 288
249 289
249 290
250 251
250 289
250 290
251 290
251 291
252 253
252 291
252 292
252 293
253 254
253 292
253 293
254 255
254 293
254 294
255 256
255 294
255 295
256 257
256 294
256 295
256 296
257 258
257 295
257 296
257 297
258 259
258 296
258 297
258 298
259 260
259 297
259 298
259 299
260 261
260 298
260 299
260 300
261 262
261 299
261 300
261 301
262 263
262 300
262 301
262 302
263 264
263 301
263 302
263 303
264 265
264 302
264 303
265 266
265 303
265 304
266 267
266 304
266 305
267 268
267 304
267 305
268 305
269 306
269 307
270 271
270 310
270 311
270 312
271 272
271 311
271 312
271 313
272 312
272 313
272 314
273 274
273 314
273 315
273 316
274 315
274 316
274 317
275 276
275 317
275 318
275 319
276 277
276 318
276 319
276 320
277 278
277 319
277 320
278 320
278 321
279 280
279 321
279 322
279 323
280 281
280 322
280 323
280 324
281 282
281 323
281 324
281 325
282 283
282 324
282 325
282 326
283 325
283 326
284 285
284 327
284 328
285 286
285 327
285 328
286 328
286 329
287 288
287 329
287 330
287 331
288 289
288 330
288 331
288 332
289 290
289 331
289 332
290 332
290 333
291 292
291 333
291 334
291 335
292 293
292 334
292 335
292 336
293 335
293 336
293 337
294 295
294 337
294 338
294 339
295 296
295 338
295 339
296 297
296 339
296 340
297 298
297 340
297 341
298 299
298 340
298 341
298 342
299 300
299 341
299 342
299 343
300 301
300 342
300 343
300 344
301 302
301 343
301 344
301 345
302 303
302 344
302 345
303 345
303 346
304 305
304 346
304 347
304 348
305 347
305 348
305 349
306 307
306 350
306 351
306 352
307 308
307 351
307 352
307 353
308 309
308 352
308 353
308 354
309 310
309 353
309 354
309 355
310 311
310 354
310 355
310 356
311 312
311 355
311 356
312 313
312 356
312 357
313 314
313 357
314 315
314 357
314 358
315 316
315 358
315 359
316 317
316 358
316 359
316 360
317 318
317 359
317 360
317 361
318 319
318 360
318 361
318 362
319 320
319 361
319 362
319 363
320 362
320 363
321 322
321 364
321 365
322 323
322 364
322 365
322 366
323 324
323 365
323 366
323 367
324 325
324 366
324 367
325 326
325 367
327 328
327 368
327 369
328 368
328 369
328 370
329 330
329 370
329 371
330 331
330 371
331 332
331 372
332 372
332 373
333 334
333 373
333 374
334 335
334 374
335 336
335 374
336 337
336 375
337 338
337 375
337 376
338 339
338 375
338 376
339 376
339 377
340 341
340 377
340 378
340 379
341 342
341 378
341 379
341 380
342 343
342 379
342 380
342 381
343 344
343 380
343 381
343 382
344 345
344 381
344 382
344 383
345 382
345 383
345 384
346 347
346 384
346 385
347 348
347 385
348 349
348 386
349 350
349 386
349 387
350 351
350 386
350 387
350 388
351 352
351 387
351 388
352 353
352 388
352 389
353 354
353 389
353 390
354 355
354 389
354 390
354 391
355 356
355 390
355 391
356 391
356 392
357 392
357 393
357 394
358 359
358 394
358 395
358 396
359 360
359 395
359 396
359 397
360 361
360 396
360 397
361 362
361 397
361 398
362 363
362 398
363 398
363 399
364 365
364 399
364 400
365 366
365 400
365 401
366 367
366 401
366 402
367 401
367 402
367 403
368 369
368 404
369 370
369 404
369 405
370 371
370 405
371 405
371 406
372 373
372 407
372 408
373 408
373 409
374 409
375 376
375 410
375 411
376 410
376 411
376 412
377 378
377 412
378 379
378 413
379 380
379 413
380 381
380 413
380 414
381 382
381 414
381 415
382 383
382 414
382 415
383 384
383 415
383 416
384 385
384 416
385 416
385 417
386 387
386 418
386 419
387 388
387 418
387 419
387 420
388 419
388 420
388 421
389 390
389 421
389 422
390 391
390 422
390 423
391 422
391 423
392 393
392 424
393 394
393 424
394 395
394 425
395 396
395 425
395 426
396 397
396 425
396 426
397 426
397 427
398 427
398 428
398 429
399 400
399 429
400 430
401 402
401 430
401 431
401 432
402 403
402 431
402 432
402 433
403 432
403 433
403 434
404 435
404 436
405 436
405 437
406 407
406 437
406 438
407 438
407 439
408 409
408 439
408 440
409 440
410 411
410 442
410 443
410 444
411 412
411 443
411 444
411 445
412 444
412 445
412 446
413 447
414 415
414 447
414 448
415 448
415 449
416 449
416 450
416 451
417 451
417 452
418 419
418 453
418 454
419 420
419 453
419 454
419 455
420 421
420 454
420 455
420 456
421 455
421 456
421 457
422 423
422 457
422 458
422 459
423 458
423 459
424 460
424 461
425 426
425 462
425 463
426 463
426 464
427 428
427 464
427 465
427 466
428 429
428 465
428 466
428 467
429 466
429 467
429 468
430 431
430 469
430 470
430 471
431 432
431 470
431 471
431 472
432 433
432 471
432 472
432 473
433 434
433 472
433 473
433 474
434 473
434 474
435 436
436 475
437 475
437 476
437 477
438 439
438 477
438 478
439 440
439 478
439 479
440 479
441 442
441 480
441 481
441 482
442 443
442 481
442 482
443 444
443 482
443 483
444 445
444 483
444 484
445 446
445 483
445 484
445 485
446 484
446 485
446 486
447 487
447 488
448 449
448 488
448 489
448 490
449 450
449 489
449 490
449 491
450 451
450 490
450 491
451 452
451 491
452 492
453 454
453 492
453 493
454 455
454 493
454 494
455 456
455 493
455 494
456 457
456 494
456 495
457 458
457 495
457 496
458 459
458 495
458 496
458 497
459 496
459 497
459 498
460 461
460 498
460 499
460 500
461 462
461 499
461 500
461 501
462 463
462 500
462 501
462 502
463 501
463 502
464 465
464 503
464 504
465 466
465 503
465 504
465 505
466 467
466 504
466 505
467 468
467 505
467 506
468 469
468 506
468 507
469 470
469 506
469 507
469 508
470 471
470 507
470 508
470 509
471 472
471 508
471 509
471 510
472 473
472 509
472 510
472 511
473 474
473 510
473 511
473 512
474 511
474 512
475 476
475 513
476 477
476 514
477 478
477 514
477 515
478 514
478 515
478 516
479 516
479 517
479 518
480 481
480 518
480 519
481 482
481 519
482 519
482 520
483 484
483 520
483 521
483 522
484 485
484 521
484 522
485 486
485 522
485 523
486 487
486 523
486 524
487 523
487 524
487 525
488 489
488 525
488 526
489 490
489 526
489 527
490 491
490 526
490 527
491 527
491 528
492 529
492 530
492 531
493 494
493 531
493 532
493 533
494 532
494 533
494 534
495 496
495 534
495 535
496 497
496 535
496 536
497 498
497 535
497 536
497 537
498 499
498 536
498 537
498 538
499 500
499 537
499 538
499 539
500 501
500 538
500 539
500 540
501 502
501 539
501 540
501 541
502 540
502 541
502 542
503 504
503 542
503 543
503 544
504 505
504 543
504 544
504 545
505 544
505 545
506 507
506 546
506 547
507 508
507 546
507 547
507 548
508 509
508 547
508 548
509 510
509 548
509 549
510 511
510 549
510 550
511 512
511 549
511 550
511 551
512 550
512 551
513 552
513 553
514 515
514 554
514 555
514 556
515 516
515 555
515 556
516 517
516 556
516 557
517 518
517 557
517 558
518 557
518 558
518 559
519 559
519 560
519 561
520 521
520 561
520 562
520 563
521 522
521 562
521 563
521 564
522 563
522 564
522 565
523 524
523 565
523 566
524 525
524 566
524 567
525 566
525 567
526 527
527 568
528 529
528 568
528 569
528 570
529 530
529 569
529 570
529 571
530 531
530 570
530 571
530 572
531 532
531 571
531 572
531 573
532 533
532 572
532 573
532 574
533 534
533 573
533 574
533 575
534 574
534 575
534 576
535 536
535 576
535 577
535 578
536 537
536 577
536 578
536 579
537 538
537 578
537 579
537 580
538 539
538 579
538 580
538 581
539 540
539 580
539 581
539 582
540 541
540 581
540 582
540 583
541 542
541 582
541 583
541 584
542 543
542 583
542 584
542 585
543 544
543 584
543 585
543 586
544 545
544 585
544 586
545 586
546 547
546 587
547 548
547 587
547 588
548 588
548 589
549 550
549 589
549 590
549 591
550 551
550 590
550 591
550 592
551 591
551 592
552 553
552 593
552 594
553 554
553 594
553 595
554 555
554 595
554 596
555 556
555 595
555 596
555 597
556 596
556 597
556 598
557 558
557 598
557 599
557 600
558 559
558 599
558 600
558 601
559 560
559 600
559 601
559 602
560 561
560 601
560 602
560 603
561 562
561 602
561 603
561 604
562 563
562 603
562 604
562 605
563 564
563 604
563 605
563 606
564 565
564 605
564 606
564 607
565 606
565 607
566 567
566 608
567 608
567 609
568 569
568 611
568 612
568 613
569 570
569 612
569 613
569 614
570 571
570 613
570 614
571 572
571 614
572 573
572 615
573 574
573 615
573 616
574 575
574 615
574 616
574 617
575 576
575 616
575 617
575 618
576 577
576 617
576 618
577 578
577 618
577 619
578 579
578 619
579 580
579 619
579 620
580 581
580 620
580 621
581 582
581 620
581 621
581 622
582 583
582 621
582 622
582 623
583 584
583 622
583 623
584 585
584 623
585 586
585 624
586 624
587 625
587 626
588 589
588 627
589 590
589 627
590 591
590 628
591 592
591 628
591 629
592 628
592 629
593 594
593 630
594 630
594 631
595 596
595 631
595 632
595 633
596 597
596 632
596 633
596 634
597 598
597 633
597 634
597 635
598 599
598 634
598 635
598 636
599 600
599 635
599 636
599 637
600 601
600 636
600 637
601 602
601 637
602 603
602 638
603 604
603 638
603 639
604 605
604 638
604 639
604 640
605 606
605 639
605 640
605 641
606 607
606 640
606 641
606 642
607 641
607 642
607 643
608 643
608 644
609 610
609 644
609 645
610 611
610 645
610 646
611 612
611 646
611 647
612 613
612 646
612 647
613 614
613 647
613 648
614 648
614 649
615 616
615 650
615 651
616 617
616 651
616 652
617 618
617 651
617 652
617 653
618 652
618 653
618 654
619 654
619 655
619 656
620 621
620 656
620 657
620 658
621 622
621 657
621 658
621 659
622 623
622 658
622 659
622 660
623 659
623 660
623 661
624 662
624 663
624 664
625 626
625 664
625 665
625 666
626 665
626 666
626 667
627 667
627 668
627 669
628 629
628 670
628 671
628 672
629 671
629 672
630 673
630 674
631 632
631 674
631 675
631 676
632 633
632 675
632 676
632 677
633 634
633 676
633 677
633 678
634 635
634 677
634 678
634 679
635 636
635 678
635 679
635 680
636 637
636 679
636 680
636 681
637 680
637 681
637 682
638 639
638 683
638 684
638 685
639 640
639 684
639 685
639 686
640 641
640 685
640 686
641 642
641 686
641 687
642 643
642 687
642 688
643 687
643 688
643 689
644 645
644 689
644 690
645 690
645 691
646 647
646 691
646 692
646 693
647 692
647 693
647 694
648 649
648 694
648 695
649 650
649 695
650 695
650 696
651 652
651 696
651 697
652 653
652 697
653 654
654 655
654 698
655 656
655 698
656 657
656 698
656 699
657 658
657 699
657 700
658 659
658 699
658 700
658 701
659 660
659 700
659 701
659 702
660 661
660 701
660 702
660 703
661 662
661 702
661 703
661 704
662 663
662 703
662 704
662 705
663 664
663 704
663 705
663 706
664 665
664 705
664 706
664 707
665 666
665 706
665 707
666 667
666 707
666 708
667 668
667 708
668 669
668 708
668 709
669 670
669 709
670 671
670 709
671 672
673 674
673 710
673 711
674 675
674 710
674 711
674 712
675 676
675 711
675 712
676 677
676 712
676 713
677 678
677 713
678 679
678 713
678 714
679 680
679 714
679 715
680 681
680 714
680 715
680 716
681 682
681 715
681 716
681 717
682 683
682 716
682 717
682 718
683 684
683 717
683 718
683 719
684 685
684 718
684 719
684 720
685 686
685 719
685 720
685 721
686 720
686 721
686 722
687 688
687 722
687 723
687 724
688 689
688 723
688 724
688 725
689 724
689 725
689 726
690 691
690 726
690 727
690 728
691 692
691 727
691 728
691 729
692 693
692 728
692 729
692 730
693 694
693 729
693 730
693 731
694 730
694 731
694 732
695 732
695 733
695 734
696 697
696 734
696 735
696 736
697 735
697 736
697 737
698 739
698 740
698 741
699 700
699 741
699 742
699 743
700 701
700 742
700 743
700 744
701 702
701 743
701 744
702 703
702 744
703 704
703 745
704 705
704 745
704 746
705 706
705 745
705 746
705 747
706 707
706 746
706 747
706 748
707 747
707 748
707 749
708 749
708 750
708 751
709 751
709 752
709 753
710 711
710 754
711 712
711 754
711 755
712 755
712 756
713 756
713 757
714 715
714 758
715 716
715 758
715 759
716 717
716 758
716 759
716 760
717 718
717 759
717 760
718 719
718 760
718 761
719 720
719 761
719 762
720 721
720 761
720 762
720 763
721 722
721 762
721 763
721 764
722 723
722 763
722 764
722 765
723 724
723 764
723 765
723 766
724 725
724 765
724 766
725 726
725 766
726 727
726 767
727 728
727 767
727 768
728 729
728 767
728 768
728 769
729 730
729 768
729 769
729 770
730 731
730 769
730 770
730 771
731 732
731 770
731 771
731 772
732 733
732 771
732 772
732 773
733 734
733 772
733 773
733 774
734 735
734 773
734 774
734 775
735 736
735 774
735 775
735 776
736 737
736 775
736 776
737 738
737 776
737 777
738 739
738 777
738 778
739 740
739 777
739 778
740 741
740 778
740 779
741 742
741 779
742 743
742 779
742 780
743 744
743 780
743 781
744 780
744 781
744 782
745 746
745 783
745 784
745 785
746 747
746 784
746 785
746 786
747 748
747 785
747 786
747 787
748 749
748 786
748 787
748 788
749 750
749 787
749 788
749 789
750 751
750 788
750 789
750 790
751 752
751 789
751 790
751 791
752 753
752 790
752 791
753 791
753 792
754 794
755 756
755 794
755 795
755 796
756 757
756 795
756 796
756 797
757 796
757 797
757 798
758 759
758 799
758 800
758 801
759 760
759 800
759 801
759 802
760 801
760 802
761 762
761 803
762 763
762 803
762 804
763 764
763 804
763 805
764 765
764 804
764 805
764 806
765 766
765 805
765 806
765 807
766 806
766 807
767 768
767 808
767 809
767 810
768 769
768 809
768 810
768 811
769 770
769 810
769 811
769 812
770 771
770 811
770 812
771 772
771 812
771 813
772 773
772 813
772 814
773 774
773 813
773 814
773 815
774 775
774 814
774 815
774 816
775 776
775 815
775 816
775 817
776 816
776 817
776 818
777 778
777 818
777 819
777 820
778 819
778 820
779 821
779 822
780 781
780 822
780 823
780 824
781 782
781 823
781 824
781 825
782 783
782 824
782 825
782 826
783 784
783 825
783 826
783 827
784 785
784 826
784 827
785 786
785 827
785 828
786 787
786 828
786 829
787 788
787 828
787 829
787 830
788 789
788 829
788 830
788 831
789 790
789 830
789 831
789 832
790 791
790 831
790 832
790 833
791 832
791 833
792 793
792 834
792 835
793 834
793 835
794 795
794 836
794 837
794 838
795 796
795 837
795 838
796 797
796 838
797 798
797 839
798 799
798 839
798 840
799 800
799 839
799 840
799 841
800 801
800 840
800 841
800 842
801 802
801 841
801 842
802 842
802 843
803 843
803 844
803 845
804 805
804 845
804 846
804 847
805 806
805 846
805 847
805 848
806 807
806 847
806 848
806 849
807 848
807 849
807 850
808 809
808 850
808 851
808 852
809 810
809 851
809 852
809 853
810 811
810 852
810 853
810 854
811 812
811 853
811 854
811 855
812 854
812 855
813 814
813 856
813 857
814 815
814 856
814 857
815 816
815 857
815 858
816 817
816 858
816 859
817 818
817 858
817 859
817 860
818 819
818 859
818 860
818 861
819 820
819 860
819 861
819 862
820 861
820 862
820 863
821 822
821 863
821 864
821 865
822 823
822 864
822 865
822 866
823 824
823 865
823 866
823 867
824 825
824 866
824 867
825 826
825 867
825 868
826 827
826 868
827 868
827 869
828 829
828 869
828 870
828 871
829 830
829 870
829 871
830 831
830 871
830 872
831 832
831 872
831 873
832 833
832 872
832 873
832 874
833 873
833 874
834 835
834 875
834 876
835 875
835 876
836 837
836 877
837 838
837 877
837 878
838 878
838 879
839 840
839 880
839 881
840 841
840 881
840 882
841 842
841 881
841 882
841 883
842 882
842 883
842 884
843 844
843 884
843 885
843 886
844 845
844 885
844 886
844 887
845 846
845 886
845 887
845 888
846 847
846 887
846 888
846 889
847 848
847 888
847 889
847 890
848 849
848 889
848 890
848 891
849 850
849 890
849 891
849 892
850 851
850 891
850 892
850 893
851 852
851 892
851 893
851 894
852 853
852 893
852 894
852 895
853 854
853 894
853 895
853 896
854 855
854 895
854 896
854 897
855 896
855 897
855 898
856 857
856 898
856 899
856 900
857 899
857 900
858 859
859 860
859 901
860 861
860 901
860 902
861 862
861 901
861 902
862 863
862 902
862 903
863 864
863 903
863 904
864 865
864 903
864 904
864 905
865 866
865 904
865 905
865 906
866 867
866 905
866 906
866 907
867 906
867 907
867 908
868 908
868 909
868 910
869 870
869 910
869 911
869 912
870 871
870 911
870 912
871 912
871 913
872 873
872 913
872 914
873 874
873 914
873 915
874 915
875 876
875 916
875 917
876 916
876 917
877 918
877 919
878 879
878 919
878 920
879 880
879 920
879 921
880 921
880 922
881 882
881 922
881 923
881 924
882 883
882 923
882 924
882 925
883 884
883 924
883 925
883 926
884 885
884 925
884 926
884 927
885 886
885 926
885 927
885 928
886 887
886 927
886 928
886 929
887 888
887 928
887 929
887 930
888 889
888 929
888 930
889 890
889 930
889 931
890 891
890 931
890 932
891 892
891 931
891 932
891 933
892 893
892 932
892 933
893 894
893 933
893 934
894 895
894 934
895 896
895 934
896 897
896 935
897 898
897 935
897 936
898 899
898 935
898 936
898 937
899 900
899 936
899 937
899 938
900 937
900 938
901 902
901 940
901 941
901 942
902 941
902 942
902 943
903 904
903 943
903 944
903 945
904 905
904 944
904 945
904 946
905 906
905 945
905 946
906 907
906 946
907 908
907 947
908 909
908 947
908 948
909 910
909 947
909 948
909 949
910 911
910 948
910 949
910 950
911 912
911 949
911 950
911 951
912 950
912 951
912 952
913 914
913 952
913 953
914 953
914 954
915 954
915 955
916 917
916 955
916 956
917 956
918 919
919 920
919 957
920 957
920 958
921 922
921 958
921 959
922 923
922 959
922 960
923 924
923 959
923 960
923 961
924 925
924 960
924 961
925 926
925 961
926 927
926 962
927 928
927 962
927 963
928 929
928 962
928 963
928 964
929 930
929 963
929 964
929 965
930 964
930 965
930 966
931 932
931 966
931 967
931 968
932 933
932 967
932 968
932 969
933 968
933 969
933 970
934 970
934 971
934 972
935 936
935 973
935 974
936 937
936 974
936 975
937 938
937 974
937 975
938 975
938 976
939 940
939 976
939 977
939 978
940 941
940 977
940 978
940 979
941 942
941 978
941 979
941 980
942 943
942 979
942 980
942 981
943 944
943 980
943 981
943 982
944 945
944 981
944 982
945 946
945 982
945 983
946 983
946 984
947 948
947 985
947 986
948 949
948 985
948 986
948 987
949 950
949 986
949 987
949 988
950 951
950 987
950 988
950 989
951 952
951 988
951 989
951 990
952 989
952 990
952 991
953 954
953 991
953 992
954 992
954 993
955 993
955 994
955 995
956 995
957 958
957 996
957 997
958 996
958 997
958 998
959 960
959 998
959 999
959 1000
960 961
960 999
960 1000
961 1000
961 1001
962 963
962 1002
962 1003
962 1004
963 964
963 1003
963 1004
963 1005
964 965
964 1004
964 1005
964 1006
965 966
965 1005
965 1006
965 1007
966 967
966 1006
966 1007
967 968
967 1007
967 1008
968 969
968 1008
968 1009
969 970
969 1008
969 1009
969 1010
970 971
970 1009
970 1010
970 1011
971 972
971 1010
971 1011
971 1012
972 973
972 1011
972 1012
972 1013
973 1012
973 1013
973 1014
974 975
974 1014
974 1015
975 1015
975 1016
976 977
976 1016
976 1017
976 1018
977 978
977 1017
977 1018
977 1019
978 979
978 1018
978 1019
978 1020
979 980
979 1019
979 1020
979 1021
980 981
980 1020
980 1021
980 1022
981 982
981 1021
981 1022
981 1023
982 1022
982 1023
982 1024
983 984
983 1024
983 1025
983 1026
984 1025
984 1026
984 1027
985 986
985 1027
985 1028
986 987
986 1028
986 1029
987 988
987 1029
987 1030
988 989
988 1029
988 1030
988 1031
989 990
989 1030
989 1031
989 1032
990 991
990 1031
990 1032
990 1033
991 1032
991 1033
991 1034
992 993
992 1034
992 1035
992 1036
993 994
993 1035
993 1036
993 1037
994 995
994 1036
994 1037
994 1038
995 1037
995 1038
996 997
996 1040
996 1041
996 1042
997 998
997 1041
997 1042
997 1043
998 999
998 1042
998 1043
999 1000
999 1043
999 1044
1000 1044
1000 1045
1001 1002
1001 1045
1001 1046
1001 1047
1002 1003
1002 1046
1002 1047
1002 1048
1003 1004
1003 1047
1003 1048
1003 1049
1004 1005
1004 1048
1004 1049
1004 1050
1005 1006
1005 1049
1005 1050
1005 1051
1006 1007
1006 1050
1006 1051
1006 1052
1007 1051
1007 1052
1007 1053
1008 1009
1008 1053
1008 1054
1009 1010
1009 1054
1010 1011
1010 1055
1011 1012
1011 1055
1011 1056
1012 1013
1012 1055
1012 1056
1012 1057
1013 1014
1013 1056
1013 1057
1014 1057
1014 1058
1015 1016
1015 1058
1015 1059
1015 1060
1016 1017
1016 1059
1016 1060
1016 1061
1017 1018
1017 1060
1017 1061
1018 1019
1018 1061
1018 1062
1019 1020
1019 1062
1019 1063
1020 1021
1020 1062
1020 1063
1020 1064
1021 1022
1021 1063
1021 1064
1021 1065
1022 1023
1022 1064
1022 1065
1022 1066
1023 1024
1023 1065
1023 1066
1023 1067
1024 1025
1024 1066
1024 1067
1024 1068
1025 1026
1025 1067
1025 1068
1026 1027
1026 1068
1026 1069
1027 1028
1027 1069
1027 1070
1028 1069
1028 1070
1028 1071
1029 1030
1029 1071
1029 1072
1029 1073
1030 1031
1030 1072
1030 1073
1031 1032
1031 1073
1031 1074
1032 1033
1032 1074
1032 1075
1033 1034
1033 1074
1033 1075
1033 1076
1034 1035
1034 1075
1034 1076
1034 1077
1035 1036
1035 1076
1035 1077
1035 1078
1036 1037
1036 1077
1036 1078
1036 1079
1037 1038
1037 1078
1037 1079
1037 1080
1038 1079
1038 1080
1038 1081
1039 1040
1039 1082
1039 1083
1040 1041
1040 1082
1040 1083
1040 1084
1041 1042
1041 1083
1041 1084
1041 1085
1042 1043
1042 1084
1042 1085
1043 1085
1043 1086
1044 1045
1044 1086
1044 1087
1045 1046
1045 1087
1045 1088
1046 1047
1046 1088
1047 1048
1047 1088
1048 1049
1048 1089
1049 1050
1049 1089
1049 1090
1050 1051
1050 1089
1050 1090
1050 1091
1051 1052
1051 1090
1051 1091
1052 1053
1052 1091
1052 1092
1053 1054
1053 1092
1053 1093
1054 1092
1054 1093
1054 1094
1055 1056
1055 1095
1055 1096
1056 1057
1056 1096
1056 1097
1057 1096
1057 1097
1057 1098
1058 1059
1058 1098
1058 1099
1058 1100
1059 1060
1059 1099
1059 1100
1059 1101
1060 1061
1060 1100
1060 1101
1060 1102
1061 1101
1061 1102
1061 1103
1062 1063
1062 1103
1062 1104
1062 1105
1063 1064
1063 1104
1063 1105
1063 1106
1064 1065
1064 1105
1064 1106
1064 1107
1065 1066
1065 1106
1065 1107
1066 1067
1066 1107
1066 1108
1067 1068
1067 1108
1067 1109
1068 1108
1068 1109
1068 1110
1069 1070
1069 1110
1070 1071
1070 1111
1071 1072
1071 1111
1071 1112
1072 1073
1072 1111
1072 1112
1072 1113
1073 1112
1073 1113
1074 1075
1074 1114
1074 1115
1075 1076
1075 1114
1075 1115
1075 1116
1076 1077
1076 1115
1076 1116
1076 1117
1077 1078
1077 1116
1077 1117
1077 1118
1078 1079
1078 1117
1078 1118
1078 1119
1079 1080
1079 1118
1079 1119
1079 1120
1080 1081
1080 1119
1080 1120
1080 1121
1081 1120
1081 1121
1082 1083
1082 1122
1083 1084
1083 1122
1083 1123
1084 1085
1084 1122
1084 1123
1084 1124
1085 1123
1085 1124
1086 1087
1086 1125
1087 1125
1087 1126
1088 1126
1088 1127
1088 1128
1089 1090
1089 1129
1089 1130
1090 1091
1090 1130
1091 1130
1091 1131
1092 1093
1092 1131
1092 1132
1093 1094
1093 1132
1093 1133
1094 1095
1094 1132
1094 1133
1094 1134
1095 1133
1095 1134
1096 1097
1096 1135
1096 1136
1097 1098
1097 1135
1097 1136
1098 1099
1098 1136
1098 1137
1099 1100
1099 1137
1099 1138
1100 1101
1100 1137
1100 1138
1101 1102
1101 1138
1101 1139
1102 1103
1102 1139
1103 1104
1103 1139
1104 1105
1104 1140
1105 1106
1105 1140
1105 1141
1106 1107
1106 1140
1106 1141
1106 1142
1107 1141
1107 1142
1107 1143
1108 1109
1108 1143
1108 1144
1108 1145
1109 1110
1109 1144
1109 1145
1109 1146
1110 1145
1110 1146
1110 1147
1111 1112
1111 1148
1111 1149
1112 1113
1112 1148
1112 1149
1113 1149
1113 1150
1114 1115
1114 1150
1114 1151
1114 1152
1115 1116
1115 1151
1115 1152
1115 1153
1116 1117
1116 1152
1116 1153
1116 1154
1117 1118
1117 1153
1117 1154
1118 1119
1118 1154
1118 1155
1119 1120
1119 1155
1119 1156
1120 1121
1120 1155
1120 1156
1120 1157
1121 1156
1121 1157
1122 1123
1122 1158
1123 1124
1123 1158
1124 1158
1124 1159
1125 1126
1125 1160
1125 1161
1126 1127
1126 1161
1126 1162
1127 1128
1127 1161
1127 1162
1127 1163
1128 1129
1128 1162
1128 1163
1128 1164
1129 1163
1129 1164
1129 1165
1130 1165
1130 1166
1130 1167
1131 1167
1131 1168
1132 1133
1132 1169
1132 1170
1133 1134
1133 1169
1133 1170
1134 1170
1134 1171
1135 1136
1135 1171
1135 1172
1136 1172
1136 1173
1137 1138
1137 1173
1137 1174
1137 1175
1138 1174
1138 1175
1138 1176
1139 1176
1139 1177
1140 1141
1140 1178
1140 1179
1141 1142
1141 1179
1141 1180
1142 1143
1142 1179
1142 1180
1142 1181
1143 1144
1143 1180
1143 1181
1144 1145
1144 1181
1144 1182
1145 1146
1145 1182
1145 1183
1146 1147
1146 1182
1146 1183
1146 1184
1147 1183
1147 1184
1148 1149
1148 1185
1148 1186
1149 1185
1149 1186
1149 1187
1150 1151
1150 1187
1150 1188
1151 1152
1151 1188
1151 1189
1152 1153
1152 1189
1152 1190
1153 1154
1153 1189
1153 1190
1153 1191
1154 1190
1154 1191
1154 1192
1155 1156
1155 1192
1155 1193
1155 1194
1156 1157
1156 1193
1156 1194
1156 1195
1157 1194
1157 1195
1158 1197
1158 1198
1158 1199
1159 1160
1159 1199
1159 1200
1160 1200
1160 1201
1161 1162
1161 1201
1161 1202
1162 1163
1162 1202
1162 1203
1163 1164
1163 1202
1163 1203
1163 1204
1164 1165
1164 1203
1164 1204
1164 1205
1165 1166
1165 1204
1165 1205
1165 1206
1166 1167
1166 1205
1166 1206
1167 1168
1167 1206
1167 1207
1168 1207
1168 1208
1169 1170
1169 1208
1169 1209
1169 1210
1170 1209
1170 1210
1171 1172
1171 1211
1171 1212
1172 1211
1172 1212
1172 1213
1173 1174
1173 1213
1173 1214
1174 1175
1174 1214
1174 1215
1175 1176
1175 1214
1175 1215
1176 1215
1176 1216
1177 1178
1177 1216
1177 1217
1177 1218
1178 1217
1178 1218
1178 1219
1179 1180
1179 1219
1179 1220
1179 1221
1180 1181
1180 1220
1180 1221
1180 1222
1181 1221
1181 1222
1181 1223
1182 1183
1182 1223
1182 1224
1182 1225
1183 1184
1183 1224
1183 1225
1183 1226
1184 1225
1184 1226
1184 1227
1185 1186
1185 1227
1185 1228
1186 1187
1186 1228
1186 1229
1187 1188
1187 1229
1187 1230
1188 1229
1188 1230
1188 1231
1189 1190
1189 1231
1189 1232
1189 1233
1190 1191
1190 1232
1190 1233
1190 1234
1191 1192
1191 1233
1191 1234
1191 1235
1192 1193
1192 1234
1192 1235
1192 1236
1193 1194
1193 1235
1193 1236
1193 1237
1194 1195
1194 1236
1194 1237
1194 1238
1195 1237
1195 1238
1196 1197
1196 1239
1197 1198
1197 1239
1197 1240
1198 1199
1198 1239
1198 1240
1198 1241
1199 1240
1199 1241
1199 1242
1200 1201
1200 1242
1200 1243
1200 1244
1201 1243
1201 1244
1202 1203
1202 1245
1202 1246
1203 1204
1203 1245
1203 1246
1203 1247
1204 1205
1204 1246
1204 1247
1204 1248
1205 1206
1205 1247
1205 1248
1206 1248
1206 1249
1207 1208
1207 1249
1207 1250
1207 1251
1208 1209
1208 1250
1208 1251
1208 1252
1209 1210
1209 1251
1209 1252
1209 1253
1210 1252
1210 1253
1210 1254
1211 1212
1211 1254
1211 1255
1211 1256
1212 1213
1212 1255
1212 1256
1212 1257
1213 1256
1213 1257
1213 1258
1214 1215
1214 1258
1214 1259
1215 1259
1215 1260
1216 1217
1216 1260
1217 1218
1218 1219
1218 1261
1219 1220
1219 1261
1220 1221
1220 1261
1220 1262
1221 1222
1221 1262
1222 1223
1222 1262
1222 1263
1223 1224
1223 1263
1223 1264
1224 1225
1224 1263
1224 1264
1225 1226
1225 1264
1225 1265
1226 1227
1226 1265
1226 1266
1227 1228
1227 1265
1227 1266
1227 1267
1228 1266
1228 1267
1228 1268
1229 1230
1229 1268
1229 1269
1230 1231
1230 1269
1230 1270
1231 1232
1231 1269
1231 1270
1231 1271
1232 1233
1232 1270
1232 1271
1233 1234
1233 1271
1233 1272
1234 1235
1234 1272
1234 1273
1235 1236
1235 1272
1235 1273
1235 1274
1236 1237
1236 1273
1236 1274
1236 1275
1237 1238
1237 1274
1237 1275
1237 1276
1238 1275
1238 1276
1239 1240
1239 1277
1239 1278
1240 1241
1240 1277
1240 1278
1241 1242
1241 1278
1241 1279
1242 1243
1242 1279
1242 1280
1243 1244
1243 1279
1243 1280
1243 1281
1244 1280
1244 1281
1244 1282
1245 1246
1245 1282
1245 1283
1246 1247
1246 1283
1246 1284
1247 1248
1247 1284
1248 1284
1248 1285
1249 1250
1249 1285
1249 1286
1249 1287
1250 1251
1250 1286
1250 1287
1250 1288
1251 1252
1251 1287
1251 1288
1251 1289
1252 1253
1252 1288
1252 1289
1252 1290
1253 1254
1253 1289
1253 1290
1253 1291
1254 1255
1254 1290
1254 1291
1254 1292
1255 1256
1255 1291
1255 1292
1255 1293
1256 1257
1256 1292
1256 1293
1256 1294
1257 1258
1257 1293
1257 1294
1257 1295
1258 1259
1258 1294
1258 1295
1258 1296
1259 1295
1259 1296
1260 1297
1261 1299
1261 1300
1261 1301
1262 1301
1262 1302
1263 1264
1263 1302
1263 1303
1263 1304
1264 1303
1264 1304
1265 1266
1265 1305
1265 1306
1266 1267
1266 1305
1266 1306
1266 1307
1267 1268
1267 1306
1267 1307
1267 1308
1268 1307
1268 1308
1268 1309
1269 1270
1269 1309
1269 1310
1269 1311
1270 1271
1270 1310
1270 1311
1270 1312
1271 1311
1271 1312
1272 1273
1272 1313
1272 1314
1273 1274
1273 1313
1273 1314
1273 1315
1274 1275
1274 1314
1274 1315
1274 1316
1275 1276
1275 1315
1275 1316
1275 1317
1276 1316
1276 1317
1277 1278
1277 1318
1278 1319
1279 1280
1279 1319
1279 1320
1279 1321
1280 1281
1280 1320
1280 1321
1280 1322
1281 1282
1281 1321
1281 1322
1281 1323
1282 1283
1282 1322
1282 1323
1282 1324
1283 1323
1283 1324
1284 1325
1284 1326
1285 1286
1285 1326
1285 1327
1286 1287
1286 1327
1286 1328
1287 1288
1287 1328
1287 1329
1288 1289
1288 1328
1288 1329
1289 1290
1289 1329
1290 1291
1291 1292
1291 1330
1292 1293
1292 1330
1292 1331
1293 1294
1293 1330
1293 1331
1294 1295
1294 1331
1294 1332
1295 1296
1295 1332
1296 1332
1296 1333
1297 1298
1297 1334
1297 1335
1297 1336
1298 1299
1298 1335
1298 1336
1298 1337
1299 1300
1299 1336
1299 1337
1299 1338
1300 1301
1300 1337
1300 1338
1300 1339
1301 1338
1301 1339
1301 1340
1302 1303
1302 1340
1302 1341
1303 1304
1303 1341
1304 1342
1305 1306
1305 1342
1305 1343
1305 1344
1306 1307
1306 1343
1306 1344
1306 1345
1307 1308
1307 1344
1307 1345
1307 1346
1308 1309
1308 1345
1308 1346
1308 1347
1309 1310
1309 1346
1309 1347
1309 1348
1310 1311
1310 1347
1310 1348
1310 1349
1311 1312
1311 1348
1311 1349
1311 1350
1312 1349
1312 1350
1312 1351
1313 1314
1313 1351
1313 1352
1313 1353
1314 1315
1314 1352
1314 1353
1314 1354
1315 1316
1315 1353
1315 1354
1315 1355
1316 1317
1316 1354
1316 1355
1317 1355
1318 1356
1319 1320
1319 1357
1319 1358
1320 1321
1320 1357
1320 1358
1320 1359
1321 1322
1321 1358
1321 1359
1321 1360
1322 1323
1322 1359
1322 1360
1322 1361
1323 1324
1323 1360
1323 1361
1323 1362
1324 1361
1324 1362
1324 1363
1325 1326
1325 1363
1325 1364
1325 1365
1326 1327
1326 1364
1326 1365
1326 1366
1327 1365
1327 1366
1327 1367
1328 1329
1328 1367
1328 1368
1328 1369
1329 1368
1329 1369
1329 1370
1330 1331
1330 1371
1330 1372
1331 1372
1331 1373
1332 1373
1332 1374
1333 1334
1333 1374
1333 1375
1333 1376
1334 1335
1334 1375
1334 1376
1334 1377
1335 1336
1335 1376
1335 1377
1335 1378
1336 1337
1336 1377
1336 1378
1336 1379
1337 1338
1337 1378
1337 1379
1337 1380
1338 1339
1338 1379
1338 1380
1338 1381
1339 1340
1339 1380
1339 1381
1339 1382
1340 1341
1340 1381
1340 1382
1340 1383
1341 1382
1341 1383
1341 1384
1342 1343
1342 1385
1342 1386
1342 1387
1343 1344
1343 1386
1343 1387
1343 1388
1344 1345
1344 1387
1344 1388
1344 1389
1345 1346
1345 1388
1345 1389
1345 1390
1346 1347
1346 1389
1346 1390
1347 1348
1347 1390
1347 1391
1348 1349
1348 1391
1348 1392
1349 1350
1349 1391
1349 1392
1349 1393
1350 1351
1350 1392
1350 1393
1350 1394
1351 1352
1351 1393
1351 1394
1351 1395
1352 1353
1352 1394
1352 1395
1352 1396
1353 1354
1353 1395
1353 1396
1353 1397
1354 1355
1354 1396
1354 1397
1355 1397
1355 1398
1356 1399
1356 1400
1357 1358
1357 1400
1357 1401
1357 1402
1358 1359
1358 1401
1358 1402
1359 1360
1359 1402
1359 1403
1360 1361
1360 1403
1360 1404
1361 1362
1361 1403
1361 1404
1362 1363
1362 1404
1362 1405
1363 1364
1363 1405
1363 1406
1364 1365
1364 1405
1364 1406
1364 1407
1365 1366
1365 1406
1365 1407
1365 1408
1366 1367
1366 1407
1366 1408
1366 1409
1367 1368
1367 1408
1367 1409
1367 1410
1368 1369
1368 1409
1368 1410
1368 1411
1369 1370
1369 1410
1369 1411
1369 1412
1370 1411
1370 1412
1370 1413
1371 1413
1371 1414
1372 1373
1372 1415
1372 1416
1373 1415
1373 1416
1373 1417
1374 1375
1374 1417
1374 1418
1375 1376
1375 1418
1375 1419
1376 1377
1376 1418
1376 1419
1376 1420
1377 1378
1377 1419
1377 1420
1377 1421
1378 1379
1378 1420
1378 1421
1378 1422
1379 1380
1379 1421
1379 1422
1379 1423
1380 1381
1380 1422
1380 1423
1380 1424
1381 1382
1381 1423
1381 1424
1382 1383
1382 1424
1382 1425
1383 1384
1383 1425
1383 1426
1384 1385
1384 1425
1384 1426
1385 1386
1385 1426
1385 1427
1386 1387
1386 1427
1386 1428
1387 1388
1387 1427
1387 1428
1387 1429
1388 1389
1388 1428
1388 1429
1388 1430
1389 1390
1389 1429
1389 1430
1390 1430
1391 1392
1391 1431
1392 1393
1392 1431
1393 1394
1393 1432
1394 1395
1394 1432
1394 1433
1395 1396
1395 1432
1395 1433
1395 1434
1396 1397
1396 1433
1396 1434
1396 1435
1397 1434
1397 1435
1398 1436
1399 1437
1399 1438
1400 1401
1400 1438
1400 1439
1400 1440
1401 1402
1401 1439
1401 1440
1401 1441
1402 1440
1402 1441
1402 1442
1403 1404
1403 1442
1403 1443
1403 1444
1404 1443
1404 1444
1405 1406
1405 1445
1406 1407
1406 1445
1407 1408
1408 1409
1409 1410
1409 1446
1410 1411
1410 1446
1410 1447
1411 1412
1411 1446
1411 1447
1411 1448
1412 1413
1412 1447
1412 1448
1412 1449
1413 1414
1413 1448
1413 1449
1413 1450
1414 1449
1414 1450
1414 1451
1415 1416
1415 1451
1415 1452
1415 1453
1416 1417
1416 1452
1416 1453
1416 1454
1417 1453
1417 1454
1417 1455
1418 1419
1418 1455
1418 1456
1418 1457
1419 1420
1419 1456
1419 1457
1419 1458
1420 1421
1420 1457
1420 1458
1420 1459
1421 1422
1421 1458
1421 1459
1421 1460
1422 1423
1422 1459
1422 1460
1422 1461
1423 1424
1423 1460
1423 1461
1423 1462
1424 1461
1424 1462
1424 1463
1425 1426
1425 1463
1425 1464
1425 1465
1426 1464
1426 1465
1426 1466
1427 1428
1427 1466
1427 1467
1427 1468
1428 1429
1428 1467
1428 1468
1429 1430
1429 1468
1431 1469
1432 1433
1432 1470
1432 1471
1433 1434
1433 1470
1433 1471
1433 1472
1434 1435
1434 1471
1434 1472
1434 1473
1435 1472
1435 1473
1436 1474
1437 1438
1437 1475
1437 1476
1438 1439
1438 1475
1438 1476
1438 1477
1439 1440
1439 1476
1439 1477
1440 1441
1440 1477
1440 1478
1441 1442
1441 1478
1441 1479
1442 1443
1442 1478
1442 1479
1442 1480
1443 1444
1443 1479
1443 1480
1443 1481
1444 1480
1444 1481
1444 1482
1445 1482
1445 1483
1445 1484
1446 1447
1446 1487
1446 1488
1447 1448
1447 1487
1447 1488
1448 1449
1448 1488
1448 1489
1449 1450
1449 1489
1450 1451
1450 1489
1450 1490
1451 1452
1451 1490
1451 1491
1452 1453
1452 1490
1452 1491
1452 1492
1453 1454
1453 1491
1453 1492
1453 1493
1454 1455
1454 1492
1454 1493
1455 1456
1455 1493
1456 1457
1456 1494
1457 1458
1457 1494
1457 1495
1458 1459
1458 1494
1458 1495
1458 1496
1459 1460
1459 1495
1459 1496
1460 1461
1460 1496
1460 1497
1461 1462
1461 1497
1461 1498
1462 1463
1462 1497
1462 1498
1462 1499
1463 1464
1463 1498
1463 1499
1464 1465
1464 1499
1464 1500
1465 1466
1465 1500
1466 1467
1466 1500
1466 1501
1467 1468
1467 1501
1467 1502
1468 1501
1468 1502
1468 1503
1469 1507
1469 1508
1469 1509
1470 1471
1470 1509
1470 1510
1470 1511
1471 1472
1471 1510
1471 1511
1472 1473
1472 1511
1473 1512
1474 1512
1475 1476
1475 1513
1475 1514
1476 1477
1476 1513
1476 1514
1476 1515
1477 1514
1477 1515
1478 1479
1478 1516
1478 1517
1479 1480
1479 1516
1479 1517
1479 1518
1480 1481
1480 1517
1480 1518
1480 1519
1481 1482
1481 1518
1481 1519
1481 1520
1482 1483
1482 1519
1482 1520
1482 1521
1483 1484
1483 1520
1483 1521
1483 1522
1484 1485
1484 1521
1484 1522
1485 1486
1485 1522
1485 1523
1486 1523
1486 1524
1487 1488
1487 1524
1487 1525
1487 1526
1488 1525
1488 1526
1488 1527
1489 1527
1489 1528
1490 1491
1490 1528
1490 1529
1490 1530
1491 1492
1491 1529
1491 1530
1492 1493
1492 1530
1492 1531
1493 1531
1493 1532
1494 1495
1494 1533
1494 1534
1495 1496
1495 1533
1495 1534
1495 1535
1496 1534
1496 1535
1496 1536
1497 1498
1497 1536
1497 1537
1497 1538
1498 1499
1498 1537
1498 1538
1498 1539
1499 1538
1499 1539
1499 1540
1500 1540
1500 1541
1500 1542
1501 1502
1501 1542
1501 1543
1501 1544
1502 1503
1502 1543
1502 1544
1502 1545
1503 1504
1503 1544
1503 1545
1503 1546
1504 1505
1504 1545
1504 1546
1504 1547
1505 1506
1505 1546
1505 1547
1505 1548
1506 1507
1506 1547
1506 1548
1506 1549
1507 1508
1507 1548
1507 1549
1507 1550
1508 1509
1508 1549
1508 1550
1508 1551
1509 1510
1509 1550
1509 1551
1509 1552
1510 1511
1510 1551
1510 1552
1510 1553
1511 1552
1511 1553
1511 1554
1512 1555
1512 1556
1513 1514
1513 1557
1513 1558
1514 1515
1514 1557
1514 1558
1514 1559
1515 1558
1515 1559
1515 1560
1516 1517
1516 1560
1516 1561
1517 1518
1517 1561
1517 1562
1518 1519
1518 1562
1518 1563
1519 1520
1519 1562
1519 1563
1519 1564
1520 1521
1520 1563
1520 1564
1520 1565
1521 1522
1521 1564
1521 1565
1521 1566
1522 1565
1522 1566
1523 1524
1523 1567
1523 1568
1524 1525
1524 1567
1524 1568
1524 1569
1525 1526
1525 1568
1525 1569
1525 1570
1526 1527
1526 1569
1526 1570
1526 1571
1527 1570
1527 1571
1527 1572
1528 1529
1528 1572
1528 1573
1529 1530
1529 1573
1530 1573
1530 1574
1531 1532
1531 1574
1531 1575
1531 1576
1532 1575
1532 1576
1532 1577
1533 1534
1533 1577
1533 1578
1533 1579
1534 1535
1534 1578
1534 1579
1534 1580
1535 1536
1535 1579
1535 1580
1535 1581
1536 1537
1536 1580
1536 1581
1536 1582
1537 1538
1537 1581
1537 1582
1537 1583
1538 1539
1538 1582
1538 1583
1538 1584
1539 1540
1539 1583
1539 1584
1539 1585
1540 1541
1540 1584
1540 1585
1540 1586
1541 1542
1541 1585
1541 1586
1541 1587
1542 1543
1542 1586
1542 1587
1542 1588
1543 1544
1543 1587
1543 1588
1543 1589
1544 1545
1544 1588
1544 1589
1544 1590
1545 1546
1545 1589
1545 1590
1545 1591
1546 1547
1546 1590
1546 1591
1546 1592
1547 1548
1547 1591
1547 1592
1548 1549
1548 1592
1548 1593
1549 1550
1549 1593
1549 1594
1550 1551
1550 1593
1550 1594
1550 1595
1551 1552
1551 1594
1551 1595
1551 1596
1552 1553
1552 1595
1552 1596
1553 1554
1553 1596
1553 1597
1554 1597
1554 1598
1555 1556
1555 1598
1555 1599
1556 1599
1557 1558
1557 1600
1558 1559
1558 1600
1558 1601
1559 1560
1559 1600
1559 1601
1559 1602
1560 1561
1560 1601
1560 1602
1560 1603
1561 1602
1561 1603
1561 1604
1562 1563
1562 1604
1562 1605
1562 1606
1563 1564
1563 1605
1563 1606
1563 1607
1564 1565
1564 1606
1564 1607
1564 1608
1565 1566
1565 1607
1565 1608
1565 1609
1566 1608
1566 1609
1566 1610
1567 1568
1567 1610
1567 1611
1567 1612
1568 1569
1568 1611
1568 1612
1568 1613
1569 1570
1569 1612
1569 1613
1569 1614
1570 1571
1570 1613
1570 1614
1571 1572
1571 1614
1572 1615
1573 1615
1574 1575
1574 1616
1574 1617
1575 1576
1575 1616
1575 1617
1575 1618
1576 1577
1576 1617
1576 1618
1576 1619
1577 1578
1577 1618
1577 1619
1578 1579
1578 1619
1578 1620
1579 1580
1579 1620
1580 1581
1580 1620
1580 1621
1581 1582
1581 1621
1581 1622
1582 1583
1582 1621
1582 1622
1582 1623
1583 1584
1583 1622
1583 1623
1583 1624
1584 1585
1584 1623
1584 1624
1584 1625
1585 1586
1585 1624
1585 1625
1585 1626
1586 1587
1586 1625
1586 1626
1586 1627
1587 1588
1587 1626
1587 1627
1587 1628
1588 1589
1588 1627
1588 1628
1588 1629
1589 1590
1589 1628
1589 1629
1589 1630
1590 1591
1590 1629
1590 1630
1590 1631
1591 1592
1591 1630
1591 1631
1592 1631
1592 1632
1593 1594
1593 1632
1593 1633
1593 1634
1594 1595
1594 1633
1594 1634
1594 1635
1595 1596
1595 1634
1595 1635
1595 1636
1596 1635
1596 1636
1597 1598
1597 1637
1597 1638
1598 1599
1598 1637
1598 1638
1598 1639
1599 1638
1599 1639
1599 1640
1600 1601
1600 1641
1600 1642
1600 1643
1601 1602
1601 1642
1601 1643
1601 1644
1602 1603
1602 1643
1602 1644
1602 1645
1603 1604
1603 1644
1603 1645
1603 1646
1604 1605
1604 1645
1604 1646
1604 1647
1605 1606
1605 1646
1605 1647
1606 1607
1606 1647
1606 1648
1607 1608
1607 1648
1607 1649
1608 1609
1608 1648
1608 1649
1608 1650
1609 1610
1609 1649
1609 1650
1609 1651
1610 1611
1610 1650
1610 1651
1610 1652
1611 1612
1611 1651
1611 1652
1611 1653
1612 1613
1612 1652
1612 1653
1613 1614
1613 1653
1614 1654
1615 1655
1615 1656
1616 1617
1616 1657
1616 1658
1616 1659
1617 1618
1617 1658
1617 1659
1617 1660
1618 1619
1618 1659
1618 1660
1618 1661
1619 1660
1619 1661
1619 1662
1620 1662
1620 1663
1620 1664
1621 1622
1621 1664
1621 1665
1621 1666
1622 1623
1622 1665
1622 1666
1623 1624
1623 1666
1623 1667
1624 1625
1624 1667
1624 1668
1625 1626
1625 1667
1625 1668
1626 1627
1626 1668
1626 1669
1627 1628
1627 1669
1628 1629
1628 1669
1628 1670
1629 1630
1629 1670
1629 1671
1630 1631
1630 1670
1630 1671
1630 1672
1631 1671
1631 1672
1631 1673
1632 1633
1632 1673
1632 1674
1632 1675
1633 1634
1633 1674
1633 1675
1633 1676
1634 1635
1634 1675
1634 1676
1634 1677
1635 1636
1635 1676
1635 1677
1635 1678
1636 1677
1636 1678
1636 1679
1637 1638
1637 1679
1637 1680
1637 1681
1638 1639
1638 1680
1638 1681
1639 1640
1639 1681
1639 1682
1640 1682
1641 1642
1641 1683
1641 1684
1642 1643
1642 1683
1642 1684
1642 1685
1643 1644
1643 1684
1643 1685
1643 1686
1644 1645
1644 1685
1644 1686
1644 1687
1645 1646
1645 1686
1645 1687
1645 1688
1646 1647
1646 1687
1646 1688
1646 1689
1647 1688
1647 1689
1647 1690
1648 1649
1648 1690
1648 1691
1648 1692
1649 1650
1649 1691
1649 1692
1649 1693
1650 1651
1650 1692
1650 1693
1650 1694
1651 1652
1651 1693
1651 1694
1651 1695
1652 1653
1652 1694
1652 1695
1652 1696
1653 1695
1653 1696
1654 1655
1654 1697
1654 1698
1654 1699
1655 1698
1655 1699
1655 1700
1656 1657
1656 1700
1656 1701
1657 1658
1657 1701
1657 1702
1658 1659
1658 1702
1658 1703
1659 1660
1659 1702
1659 1703
1659 1704
1660 1661
1660 1703
1660 1704
1660 1705
1661 1662
1661 1704
1661 1705
1661 1706
1662 1663
1662 1705
1662 1706
1663 1664
1663 1706
1663 1707
1664 1665
1664 1707
1664 1708
1665 1666
1665 1707
1665 1708
1666 1708
1666 1709
1667 1668
1667 1709
1667 1710
1668 1710
1669 1711
1669 1712
1670 1671
1670 1712
1670 1713
1670 1714
1671 1672
1671 1713
1671 1714
1671 1715
1672 1673
1672 1714
1672 1715
1673 1674
1673 1715
1673 1716
1674 1675
1674 1716
1674 1717
1675 1676
1675 1716
1675 1717
1675 1718
1676 1677
1676 1717
1676 1718
1676 1719
1677 1678
1677 1718
1677 1719
1678 1679
1678 1719
1678 1720
1679 1680
1679 1720
1680 1681
1680 1720
1680 1721
1681 1721
1681 1722
1682 1722
1682 1723
1683 1684
1683 1724
1683 1725
1684 1685
1684 1724
1684 1725
1685 1686
1685 1725
1685 1726
1686 1687
1686 1726
1686 1727
1687 1688
1687 1726
1687 1727
1687 1728
1688 1689
1688 1727
1688 1728
1688 1729
1689 1690
1689 1728
1689 1729
1690 1691
1690 1729
1690 1730
1691 1692
1691 1730
1691 1731
1692 1693
1692 1730
1692 1731
1692 1732
1693 1694
1693 1731
1693 1732
1693 1733
1694 1695
1694 1732
1694 1733
1695 1696
1695 1733
1697 1698
1697 1734
1697 1735
1698 1699
1698 1734
1698 1735
1698 1736
1699 1700
1699 1735
1699 1736
1699 1737
1700 1701
1700 1736
1700 1737
1701 1737
1701 1738
1702 1703
1702 1738
1702 1739
1702 1740
1703 1704
1703 1739
1703 1740
1704 1705
1704 1740
1704 1741
1705 1706
1705 1741
1705 1742
1706 1741
1706 1742
1707 1708
1707 1743
1708 1743
1708 1744
1709 1744
1709 1745
1710 1746
1710 1747
1711 1712
1711 1747
1711 1748
1711 1749
1712 1713
1712 1748
1712 1749
1713 1714
1713 1749
1713 1750
1714 1715
1714 1750
1714 1751
1715 1750
1715 1751
1715 1752
1716 1717
1716 1752
1716 1753
1716 1754
1717 1718
1717 1753
1717 1754
1717 1755
1718 1719
1718 1754
1718 1755
1718 1756
1719 1755
1719 1756
1719 1757
1720 1757
1720 1758
1720 1759
1721 1722
1721 1759
1721 1760
1721 1761
1722 1723
1722 1760
1722 1761
1723 1761
1724 1725
1724 1762
1724 1763
1725 1762
1725 1763
1725 1764
1726 1727
1726 1764
1726 1765
1727 1728
1727 1765
1728 1729
1728 1765
1728 1766
1729 1766
1729 1767
1730 1731
1730 1767
1730 1768
1731 1732
1731 1768
1731 1769
1732 1733
1732 1769
1733 1769
1733 1770
1734 1735
1734 1772
1734 1773
1735 1736
1735 1773
1736 1737
1736 1773
1736 1774
1737 1774
1738 1739
1738 1775
1738 1776
1739 1740
1739 1775
1739 1776
1739 1777
1740 1776
1740 1777
1740 1778
1741 1742
1741 1778
1741 1779
1741 1780
1742 1779
1742 1780
1742 1781
1743 1744
1743 1782
1743 1783
1744 1745
1744 1783
1745 1783
1746 1747
1746 1784
1747 1748
1747 1784
1748 1749
1748 1784
1748 1785
1749 1785
1749 1786
1750 1751
1750 1786
1750 1787
1750 1788
1751 1752
1751 1787
1751 1788
1751 1789
1752 1753
1752 1788
1752 1789
1753 1754
1753 1789
1753 1790
1754 1755
1754 1790
1754 1791
1755 1756
1755 1790
1755 1791
1755 1792
1756 1757
1756 1791
1756 1792
1756 1793
1757 1758
1757 1792
1757 1793
1757 1794
1758 1759
1758 1793
1758 1794
1758 1795
1759 1760
1759 1794
1759 1795
1759 1796
1760 1761
1760 1795
1760 1796
1760 1797
1761 1796
1761 1797
1761 1798
1762 1763
1762 1799
1763 1764
1763 1799
1763 1800
1764 1800
1764 1801
1765 1801
1765 1802
1765 1803
1766 1767
1766 1803
1767 1768
1767 1804
1768 1804
1768 1805
1769 1805
1769 1806
1770 1771
1770 1807
1771 1772
1771 1807
1771 1808
1772 1807
1772 1808
1772 1809
1773 1809
1773 1810
1773 1811
1774 1811
1774 1812
1775 1776
1775 1812
1775 1813
1775 1814
1776 1777
1776 1813
1776 1814
1776 1815
1777 1778
1777 1814
1777 1815
1777 1816
1778 1779
1778 1815
1778 1816
1778 1817
1779 1780
1779 1816
1779 1817
1779 1818
1780 1781
1780 1817
1780 1818
1780 1819
1781 1782
1781 1818
1781 1819
1781 1820
1782 1819
1782 1820
1782 1821
1783 1821
1783 1822
1783 1823
1784 1824
1784 1825
1785 1786
1785 1826
1785 1827
1786 1787
1786 1826
1786 1827
1786 1828
1787 1788
1787 1827
1787 1828
1787 1829
1788 1789
1788 1828
1788 1829
1788 1830
1789 1829
1789 1830
1789 1831
1790 1791
1790 1831
1790 1832
1791 1792
1791 1832
1791 1833
1792 1793
1792 1833
1792 1834
1793 1794
1793 1833
1793 1834
1793 1835
1794 1795
1794 1834
1794 1835
1795 1796
1795 1835
1796 1797
1796 1836
1797 1798
1797 1836
1798 1836
1799 1837
1799 1838
1800 1801
1800 1838
1800 1839
1801 1802
1801 1839
1801 1840
1802 1803
1802 1840
1802 1841
1803 1840
1803 1841
1803 1842
1804 1805
1804 1843
1804 1844
1804 1845
1805 1806
1805 1844
1805 1845
1805 1846
1806 1845
1806 1846
1806 1847
1807 1808
1807 1848
1807 1849
1808 1809
1808 1849
1808 1850
1809 1810
1809 1849
1809 1850
1809 1851
1810 1811
1810 1850
1810 1851
1811 1851
1811 1852
1812 1813
1812 1852
1812 1853
1812 1854
1813 1814
1813 1853
1813 1854
1813 1855
1814 1815
1814 1854
1814 1855
1815 1816
1815 1855
1815 1856
1816 1817
1816 1856
1816 1857
1817 1818
1817 1856
1817 1857
1817 1858
1818 1819
1818 1857
1818 1858
1818 1859
1819 1820
1819 1858
1819 1859
1819 1860
1820 1821
1820 1859
1820 1860
1820 1861
1821 1822
1821 1860
1821 1861
1821 1862
1822 1823
1822 1861
1822 1862
1822 1863
1823 1862
1823 1863
1823 1864
1824 1825
1824 1864
1824 1865
1824 1866
1825 1865
1825 1866
1826 1827
1826 1867
1826 1868
1827 1828
1827 1867
1827 1868
1827 1869
1828 1829
1828 1868
1828 1869
1829 1830
1829 1869
1829 1870
1830 1831
1830 1870
1830 1871
1831 1832
1831 1870
1831 1871
1831 1872
1832 1871
1832 1872
1833 1834
1833 1873
1834 1835
1834 1873
1834 1874
1835 1874
1835 1875
1836 1876
1836 1877
1836 1878
1837 1838
1837 1879
1837 1880
1838 1839
1838 1879
1838 1880
1838 1881
1839 1880
1839 1881
1839 1882
1840 1841
1840 1882
1840 1883
1841 1842
1841 1883
1841 1884
1842 1843
1842 1884
1842 1885
1843 1844
1843 1884
1843 1885
1843 1886
1844 1845
1844 1885
1844 1886
1844 1887
1845 1846
1845 1886
1845 1887
1845 1888
1846 1847
1846 1887
1846 1888
1846 1889
1847 1848
1847 1888
1847 1889
1847 1890
1848 1889
1848 1890
1848 1891
1849 1850
1849 1891
1849 1892
1849 1893
1850 1851
1850 1892
1850 1893
1850 1894
1851 1893
1851 1894
1851 1895
1852 1853
1852 1895
1852 1896
1853 1854
1853 1896
1854 1855
1854 1896
1854 1897
1855 1897
1855 1898
1856 1857
1856 1898
1856 1899
1856 1900
1857 1858
1857 1899
1857 1900
1857 1901
1858 1859
1858 1900
1858 1901
1858 1902
1859 1860
1859 1901
1859 1902
1859 1903
1860 1861
1860 1902
1860 1903
1861 1862
1861 1903
1861 1904
1862 1863
1862 1904
1862 1905
1863 1864
1863 1904
1863 1905
1864 1865
1864 1905
1865 1866
1865 1906
1866 1906
1866 1907
1867 1868
1867 1907
1867 1908
1868 1869
1868 1908
1868 1909
1869 1908
1869 1909
1869 1910
1870 1871
1870 1910
1870 1911
1870 1912
1871 1872
1871 1911
1871 1912
1871 1913
1872 1912
1872 1913
1873 1914
1874 1875
1874 1914
1874 1915
1874 1916
1875 1876
1875 1915
1875 1916
1875 1917
1876 1877
1876 1916
1876 1917
1876 1918
1877 1878
1877 1917
1877 1918
1877 1919
1878 1918
1878 1919
1879 1880
1879 1920
1879 1921
1880 1881
1880 1920
1880 1921
1880 1922
1881 1882
1881 1921
1881 1922
1882 1883
1882 1922
1883 1923
1884 1885
1884 1923
1884 1924
1885 1886
1885 1924
1885 1925
1886 1887
1886 1925
1886 1926
1887 1888
1887 1925
1887 1926
1887 1927
1888 1889
1888 1926
1888 1927
1888 1928
1889 1890
1889 1927
1889 1928
1889 1929
1890 1891
1890 1928
1890 1929
1891 1892
1891 1929
1891 1930
1892 1893
1892 1930
1893 1894
1893 1930
1893 1931
1894 1895
1894 1931
1894 1932
1895 1931
1895 1932
1895 1933
1896 1933
1896 1934
1896 1935
1897 1898
1897 1935
1897 1936
1898 1899
1898 1936
1898 1937
1899 1900
1899 1937
1899 1938
1900 1901
1900 1937
1900 1938
1900 1939
1901 1902
1901 1938
1901 1939
1902 1903
1902 1939
1902 1940
1903 1940
1904 1905
1904 1941
1904 1942
1905 1941
1905 1942
1905 1943
1906 1907
1906 1944
1907 1944
1907 1945
1908 1909
1908 1945
1908 1946
1908 1947
1909 1910
1909 1946
1909 1947
1910 1911
1910 1947
1910 1948
1911 1912
1911 1948
1911 1949
1912 1913
1912 1948
1912 1949
1912 1950
1913 1949
1913 1950
1913 1951
1914 1915
1914 1952
1914 1953
1914 1954
1915 1916
1915 1953
1915 1954
1915 1955
1916 1917
1916 1954
1916 1955
1916 1956
1917 1918
1917 1955
1917 1956
1917 1957
1918 1919
1918 1956
1918 1957
1918 1958
1919 1957
1919 1958
1920 1921
1920 1959
1920 1960
1921 1922
1921 1959
1921 1960
1922 1960
1922 1961
1923 1924
1923 1962
1923 1963
1923 1964
1924 1963
1924 1964
1924 1965
1925 1926
1925 1965
1925 1966
1925 1967
1926 1927
1926 1966
1926 1967
1926 1968
1927 1928
1927 1967
1927 1968
1927 1969
1928 1929
1928 1968
1928 1969
1928 1970
1929 1969
1929 1970
1930 1971
1931 1932
1931 1972
1931 1973
1932 1933
1932 1972
1932 1973
1932 1974
1933 1934
1933 1973
1933 1974
1933 1975
1934 1935
1934 1974
1934 1975
1934 1976
1935 1936
1935 1975
1935 1976
1935 1977
1936 1976
1936 1977
1936 1978
1937 1938
1937 1978
1937 1979
1938 1939
1938 1979
1938 1980
1939 1980
1939 1981
1940 1981
1940 1982
1940 1983
1941 1942
1941 1983
1941 1984
1941 1985
1942 1943
1942 1984
1942 1985
1943 1985
1944 1945
1944 1986
1944 1987
1944 1988
1945 1946
1945 1987
1945 1988
1945 1989
1946 1947
1946 1988
1946 1989
1946 1990
1947 1989
1947 1990
1948 1949
1948 1991
1948 1992
1949 1950
1949 1991
1949 1992
1949 1993
1950 1951
1950 1992
1950 1993
1951 1952
1951 1993
1951 1994
1952 1953
1952 1994
1952 1995
1953 1954
1953 1994
1953 1995
1953 1996
1954 1955
1954 1995
1954 1996
1954 1997
1955 1956
1955 1996
1955 1997
1956 1957
1956 1997
1956 1998
1957 1958
1957 1998
1957 1999
1958 1998
1958 1999
1959 1960
1961 1962
1962 1963
1963 1964
1964 1965
1965 1966
1966 1967
1967 1968
1968 1969
1969 1970
1972 1973
1973 1974
1974 1975
1975 1976
1976 1977
1977 1978
1978 1979
1980 1981
1981 1982
1982 1983
1983 1984
1984 1985
1986 1987
1987 1988
1988 1989
1989 1990
1991 1992
1992 1993
1994 1995
1995 1996
1996 1997
1998 1999
