# FromNodeId	ToNodeId
0 29
0 30
1 2
1 30
1 31
2 31
2 32
3 32
3 33
3 34
4 5
4 34
4 35
5 6
5 35
5 36
6 7
6 36
6 37
7 8
7 36
7 37
7 38
8 9
8 37
8 38
8 39
9 38
9 39
9 40
10 11
10 40
10 41
10 42
11 12
11 41
11 42
11 43
12 13
12 42
12 43
12 44
13 14
13 43
13 44
13 45
14 15
14 44
14 45
15 16
15 45
15 46
16 17
16 46
17 18
17 46
18 19
19 20
19 47
20 47
20 48
21 22
21 48
21 49
21 50
22 23
22 49
22 50
23 24
23 50
23 51
24 51
24 52
25 26
25 52
25 53
25 54
26 27
26 53
26 54
27 28
27 54
27 55
28 55
29 30
29 56
30 31
30 56
30 57
31 57
31 58
32 33
32 58
32 59
32 60
33 34
33 59
33 60
33 61
34 35
34 60
34 61
34 62
35 61
35 62
35 63
36 37
36 63
36 64
36 65
37 38
37 64
37 65
37 66
38 39
38 65
38 66
39 40
39 66
39 67
40 41
40 67
40 68
41 42
41 67
41 68
41 69
42 43
42 68
42 69
42 70
43 44
43 69
43 70
44 45
44 70
44 71
45 71
45 72
46 72
46 73
47 48
47 74
47 75
48 49
48 74
48 75
48 76
49 50
49 75
49 76
49 77
50 76
50 77
51 52
51 78
51 79
52 53
52 78
52 79
52 80
53 54
53 79
53 80
53 81
54 80
54 81
55 82
56 83
57 58
57 83
57 84
58 59
58 84
58 85
59 60
59 84
59 85
60 61
60 85
60 86
61 62
61 86
61 87
62 63
62 86
62 87
62 88
63 64
63 87
63 88
63 89
64 65
64 88
64 89
64 90
65 66
65 89
65 90
66 90
66 91
67 68
67 91
67 92
67 93
68 69
68 92
68 93
68 94
69 70
69 93
69 94
69 95
70 94
70 95
71 72
71 96
71 97
72 73
72 96
72 97
72 98
73 97
73 98
73 99
74 75
74 101
74 102
75 76
75 101
75 102
75 103
76 77
76 102
76 103
76 104
77 103
77 104
77 105
78 79
78 105
78 106
78 107
79 80
79 106
79 107
79 108
80 81
80 107
80 108
81 108
81 109
82 109
82 110
83 111
83 112
83 113
84 85
84 113
84 114
84 115
85 114
85 115
85 116
86 87
86 116
86 117
87 88
87 117
88 89
88 118
89 90
89 118
90 118
90 119
91 92
91 119
91 120
92 93
92 120
92 121
93 94
93 120
93 121
93 122
94 95
94 121
94 122
95 122
95 123
96 97
96 123
96 124
96 125
97 98
97 124
97 125
97 126
98 99
98 125
98 126
98 127
99 100
99 126
99 127
99 128
100 127
100 128
100 129
101 102
101 129
101 130
101 131
102 103
102 130
102 131
102 132
103 104
103 131
103 132
104 105
104 132
104 133
105 106
105 133
105 134
106 107
106 133
106 134
106 135
107 108
107 134
107 135
107 136
108 135
108 136
109 110
109 137
110 137
111 112
111 138
111 139
112 113
112 138
112 139
112 140
113 114
113 139
113 140
113 141
114 115
114 140
114 141
114 142
115 116
115 141
115 142
116 117
116 142
116 143
117 143
117 144
118 145
118 146
119 147
119 148
120 121
120 148
120 149
121 122
121 149
121 150
122 149
122 150
122 151
123 124
123 151
123 152
123 153
124 125
124 152
124 153
125 126
125 153
125 154
126 127
126 154
127 128
127 154
127 155
128 129
128 155
128 156
129 130
129 155
129 156
129 157
130 131
130 156
130 157
130 158
131 132
131 157
131 158
131 159
132 158
132 159
132 160
133 134
133 160
133 161
133 162
134 135
134 161
134 162
135 136
135 162
136 163
137 163
137 164
137 165
138 139
138 166
139 140
139 166
139 167
140 141
140 167
140 168
141 142
141 167
141 168
141 169
142 168
142 169
142 170
143 144
143 170
143 171
143 172
144 145
144 171
144 172
145 146
145 172
145 173
146 173
146 174
147 148
147 174
147 175
148 175
149 150
149 176
150 151
150 176
150 177
151 152
151 177
151 178
152 153
152 177
152 178
152 179
153 178
153 179
153 180
154 180
154 181
155 156
156 157
157 158
157 182
158 159
158 182
158 183
159 160
159 182
159 183
159 184
160 161
160 183
160 184
160 185
161 162
161 184
161 185
162 185
162 186
163 164
163 187
163 188
163 189
164 165
164 188
164 189
164 190
165 189
165 190
166 191
166 192
167 168
167 192
167 193
167 194
168 169
168 193
168 194
169 170
169 194
169 195
170 171
170 195
170 196
171 172
171 195
171 196
171 197
172 196
172 197
172 198
173 174
173 198
173 199
173 200
174 199
174 200
174 201
175 201
175 202
175 203
176 203
176 204
176 205
177 178
177 205
177 206
177 207
178 179
178 206
178 207
178 208
179 180
179 207
179 208
179 209
180 181
180 208
180 209
180 210
181 209
181 210
181 211
182 183
182 214
182 215
182 216
183 184
183 215
183 216
183 217
184 185
184 216
184 217
185 217
185 218
186 187
186 218
186 219
187 188
187 219
188 189
188 219
189 190
189 220
190 220
191 192
191 221
191 222
192 193
192 221
192 222
193 194
193 222
193 223
194 223
194 224
195 196
195 224
195 225
195 226
196 197
196 225
196 226
196 227
197 198
197 226
197 227
197 228
198 199
198 227
198 228
198 229
199 200
199 228
199 229
199 230
200 201
200 229
200 230
200 231
201 202
201 230
201 231
201 232
202 203
202 231
202 232
202 233
203 204
203 232
203 233
203 234
204 205
204 233
204 234
204 235
205 206
205 234
205 235
205 236
206 207
206 235
206 236
206 237
207 208
207 236
207 237
207 238
208 209
208 237
208 238
209 210
209 238
209 239
210 211
210 239
210 240
211 212
211 239
211 240
211 241
212 213
212 240
212 241
212 242
213 214
213 241
213 242
213 243
214 215
214 242
214 243
214 244
215 216
215 243
215 244
215 245
216 217
216 244
216 245
216 246
217 245
217 246
218 247
218 248
219 248
219 249
219 250
221 222
221 251
221 252
222 251
222 252
223 224
223 253
223 254
224 225
224 253
224 254
224 255
225 226
225 254
225 255
225 256
226 227
226 255
226 256
226 257
227 228
227 256
227 257
228 229
228 257
228 258
229 230
229 258
229 259
230 231
230 258
230 259
230 260
231 232
231 259
231 260
231 261
232 233
232 260
232 261
233 234
233 261
233 262
234 235
234 262
235 236
235 262
235 263
236 237
236 263
236 264
237 238
237 263
237 264
237 265
238 264
238 265
238 266
239 240
239 266
239 267
239 268
240 241
240 267
240 268
240 269
241 242
241 268
241 269
241 270
242 243
242 269
242 270
242 271
243 244
243 270
243 271
243 272
244 245
244 271
244 272
244 273
245 246
245 272
245 273
245 274
246 273
246 274
246 275
247 248
247 275
247 276
247 277
248 249
248 276
248 277
248 278
249 250
249 277
249 278
249 279
250 278
250 279
250 280
251 252
251 282
251 283
252 282
252 283
252 284
253 254
253 284
253 285
253 286
254 255
254 285
254 286
255 256
255 286
256 257
256 287
257 287
258 259
258 288
258 289
259 260
259 288
259 289
259 290
260 261
260 289
260 290
260 291
261 290
261 291
261 292
262 292
262 293
263 264
263 293
264 265
264 294
265 266
265 294
265 295
266 267
266 294
266 295
266 296
267 268
267 295
267 296
267 297
268 269
268 296
268 297
268 298
269 270
269 297
269 298
269 299
270 271
270 298
270 299
270 300
271 272
271 299
271 300
272 273
272 300
272 301
273 274
273 301
274 275
274 301
274 302
275 276
275 302
275 303
276 277
276 302
276 303
276 304
277 278
277 303
277 304
277 305
278 279
278 304
278 305
278 306
279 280
279 305
279 306
279 307
280 281
280 306
280 307
280 308
281 307
281 308
282 283
282 309
282 310
283 284
283 309
283 310
283 311
284 285
284 310
284 311
284 312
285 286
285 311
285 312
285 313
286 312
286 313
286 314
287 315
287 316
288 289
288 317
288 318
289 290
289 317
289 318
289 319
290 291
290 318
290 319
290 320
291 292
291 319
291 320
291 321
292 320
292 321
292 322
293 322
293 323
293 324
294 295
294 325
294 326
295 296
295 326
295 327
296 297
296 326
296 327
297 298
297 327
298 299
298 328
299 300
299 328
299 329
300 328
300 329
300 330
301 330
301 331
301 332
302 303
302 332
302 333
302 334
303 304
303 333
303 334
303 335
304 305
304 334
304 335
304 336
305 306
305 335
305 336
305 337
306 307
306 336
306 337
307 308
307 337
309 310
309 338
309 339
310 311
310 338
310 339
310 340
311 312
311 339
311 340
312 313
312 340
312 341
313 314
313 341
313 342
314 315
314 341
314 342
314 343
315 316
315 342
315 343
316 343
316 344
317 318
317 344
317 345
318 319
318 345
318 346
319 320
319 346
320 321
320 346
321 322
321 347
322 323
322 347
322 348
323 324
323 347
323 348
323 349
324 325
324 348
324 349
324 350
325 349
325 350
325 351
326 327
326 351
326 352
326 353
327 352
327 353
327 354
328 329
328 355
328 356
328 357
329 330
329 356
329 357
329 358
330 331
330 357
330 358
330 359
331 332
331 358
331 359
331 360
332 333
332 359
332 360
332 361
333 334
333 360
333 361
333 362
334 335
334 361
334 362
334 363
335 336
335 362
335 363
335 364
336 337
336 363
336 364
336 365
337 364
337 365
337 366
338 339
339 340
339 368
340 368
340 369
341 342
341 369
341 370
342 343
342 370
343 371
344 345
344 371
344 372
344 373
345 372
345 373
345 374
346 374
346 375
346 376
347 348
347 377
347 378
348 349
348 378
348 379
349 350
349 378
349 379
349 380
350 351
350 379
350 380
350 381
351 352
351 380
351 381
351 382
352 353
352 381
352 382
352 383
353 354
353 382
353 383
354 355
354 383
354 384
355 356
355 384
355 385
356 357
356 384
356 385
356 386
357 358
357 385
357 386
357 387
358 359
358 386
358 387
358 388
359 360
359 387
359 388
359 389
360 361
360 388
360 389
360 390
361 362
361 389
361 390
361 391
362 363
362 390
362 391
363 364
363 391
363 392
364 365
364 392
364 393
365 366
365 392
365 393
366 367
366 393
366 394
367 394
368 369
368 396
368 397
369 370
369 397
369 398
370 398
370 399
371 372
371 400
371 401
372 373
372 401
372 402
373 374
373 402
374 375
374 402
375 376
375 403
376 377
376 403
377 403
378 379
378 404
378 405
379 380
379 404
379 405
379 406
380 381
380 405
380 406
380 407
381 382
381 406
381 407
381 408
382 383
382 407
382 408
382 409
383 408
383 409
383 410
384 385
384 410
384 411
384 412
385 386
385 411
385 412
385 413
386 387
386 412
386 413
387 388
387 413
387 414
388 389
388 414
388 415
389 390
389 414
389 415
389 416
390 391
390 415
390 416
391 416
391 417
392 393
392 417
392 418
392 419
393 418
393 419
393 420
394 420
394 421
395 396
395 422
396 397
396 422
396 423
397 422
397 423
398 399
399 400
400 401
400 424
401 424
402 425
402 426
403 427
403 428
404 405
404 429
405 406
405 429
405 430
406 407
406 430
406 431
407 408
407 430
407 431
407 432
408 409
408 431
408 432
408 433
409 410
409 432
409 433
409 434
410 411
410 433
410 434
410 435
411 412
411 434
411 435
412 413
412 435
412 436
413 436
413 437
414 415
414 437
414 438
415 416
415 438
417 418
417 439
418 419
418 439
418 440
419 420
419 440
420 421
420 440
420 441
421 441
422 423
422 442
422 443
422 444
423 443
423 444
424 447
424 448
425 426
425 448
425 449
425 450
426 427
426 449
426 450
426 451
427 450
427 451
427 452
428 452
428 453
428 454
429 454
429 455
430 431
430 455
430 456
431 432
431 456
432 433
432 457
433 434
433 457
434 435
434 457
434 458
435 458
435 459
436 437
436 459
436 460
437 438
437 460
437 461
438 461
438 462
439 464
439 465
439 466
440 466
440 467
440 468
441 468
441 469
442 443
442 470
442 471
443 444
443 470
443 471
443 472
444 471
444 472
444 473
445 446
445 473
445 474
445 475
446 447
446 474
446 475
446 476
447 475
447 476
447 477
448 449
448 477
448 478
448 479
449 450
449 478
449 479
449 480
450 451
450 479
450 480
450 481
451 452
451 480
451 481
451 482
452 453
452 481
452 482
452 483
453 454
453 482
453 483
454 483
454 484
455 456
455 484
455 485
455 486
456 485
456 486
456 487
457 488
457 489
457 490
458 459
458 490
458 491
459 460
459 491
459 492
460 491
460 492
460 493
461 462
461 493
461 494
462 463
462 494
462 495
463 464
463 495
463 496
464 465
464 495
464 496
464 497
465 466
465 496
465 497
466 467
466 497
466 498
467 468
467 498
467 499
468 469
468 498
468 499
468 500
469 499
469 500
470 471
470 501
470 502
471 472
471 501
471 502
471 503
472 473
472 502
472 503
472 504
473 474
473 503
473 504
473 505
474 475
474 504
474 505
474 506
475 476
475 505
475 506
475 507
476 477
476 506
476 507
476 508
477 478
477 507
477 508
477 509
478 479
478 508
478 509
478 510
479 480
479 509
479 510
479 511
480 481
480 510
480 511
480 512
481 482
481 511
481 512
481 513
482 483
482 512
482 513
482 514
483 513
483 514
484 485
484 515
484 516
485 486
485 515
485 516
485 517
486 487
486 516
486 517
486 518
487 488
487 517
487 518
487 519
488 489
488 518
488 519
488 520
489 490
489 519
489 520
490 520
490 521
491 492
491 521
491 522
491 523
492 493
492 522
492 523
492 524
493 494
493 523
493 524
494 524
494 525
495 496
495 525
495 526
496 497
496 526
496 527
497 526
497 527
497 528
498 499
498 528
498 529
498 530
499 500
499 529
499 530
499 531
500 530
500 531
501 502
501 532
502 503
502 532
502 533
503 504
503 532
503 533
503 534
504 505
504 533
504 534
504 535
505 506
505 534
505 535
505 536
506 507
506 535
506 536
506 537
507 508
507 536
507 537
507 538
508 509
508 537
508 538
509 510
509 538
509 539
510 511
510 539
510 540
511 512
511 539
511 540
511 541
512 513
512 540
512 541
512 542
513 514
513 541
513 542
513 543
514 542
514 543
515 516
515 544
516 517
516 544
516 545
517 518
517 545
517 546
518 519
518 545
518 546
518 547
519 520
519 546
519 547
519 548
520 547
520 548
521 522
521 549
521 550
522 523
522 549
522 550
522 551
523 524
523 550
523 551
524 551
524 552
525 552
525 553
525 554
526 527
526 554
526 555
526 556
527 528
527 555
527 556
527 557
528 529
528 556
528 557
529 530
529 557
529 558
530 531
530 558
530 559
531 558
531 559
532 533
532 560
532 561
532 562
533 534
533 561
533 562
533 563
534 535
534 562
534 563
534 564
535 536
535 563
535 564
535 565
536 537
536 564
536 565
537 538
537 565
539 540
539 566
539 567
540 541
540 566
540 567
541 542
541 567
541 568
542 543
542 568
542 569
543 568
543 569
543 570
544 570
544 571
544 572
545 546
545 572
545 573
546 547
546 573
546 574
547 548
547 573
547 574
547 575
548 574
548 575
549 550
549 576
550 551
550 576
550 577
551 576
551 577
551 578
552 553
552 578
552 579
552 580
553 554
553 579
553 580
553 581
554 555
554 580
554 581
554 582
555 556
555 581
555 582
555 583
556 557
556 582
556 583
556 584
557 583
557 584
557 585
558 559
558 585
558 586
559 586
560 561
560 587
560 588
561 562
561 587
561 588
561 589
562 563
562 588
562 589
562 590
563 564
563 589
563 590
564 565
564 590
566 567
566 591
567 591
567 592
568 569
568 592
568 593
568 594
569 570
569 593
569 594
569 595
570 571
570 594
570 595
571 572
571 595
571 596
572 596
573 574
573 597
573 598
574 575
574 597
574 598
574 599
575 598
575 599
575 600
576 577
576 601
576 602
576 603
577 578
577 602
577 603
577 604
578 579
578 603
578 604
579 580
579 604
579 605
580 581
580 605
581 582
581 605
581 606
582 583
582 606
582 607
583 584
583 606
583 607
583 608
584 585
584 607
584 608
584 609
585 586
585 608
585 609
585 610
586 609
586 610
586 611
587 588
587 612
587 613
588 589
588 612
588 613
588 614
589 590
589 613
589 614
589 615
590 614
590 615
590 616
591 592
591 621
591 622
591 623
592 593
592 622
592 623
592 624
593 594
593 623
593 624
594 595
594 624
594 625
595 625
595 626
596 626
596 627
596 628
597 598
597 628
597 629
597 630
598 599
598 629
598 630
598 631
599 600
599 630
599 631
600 601
600 631
601 602
601 632
602 603
602 632
602 633
603 604
603 632
603 633
603 634
604 633
604 634
605 635
605 636
606 607
606 636
606 637
606 638
607 608
607 637
607 638
607 639
608 609
608 638
608 639
608 640
609 610
609 639
609 640
609 641
610 611
610 640
610 641
610 642
611 641
611 642
612 613
612 643
612 644
613 614
613 643
613 644
613 645
614 615
614 644
614 645
614 646
615 616
615 645
615 646
615 647
616 617
616 646
616 647
616 648
617 618
617 647
617 648
617 649
618 619
618 648
618 649
618 650
619 620
619 649
619 650
619 651
620 621
620 650
620 651
620 652
621 622
621 651
621 652
621 653
622 623
622 652
622 653
622 654
623 624
623 653
623 654
623 655
624 654
624 655
625 626
625 656
625 657
626 627
626 656
626 657
626 658
627 628
627 657
627 658
627 659
628 629
628 658
628 659
628 660
629 630
629 659
629 660
629 661
630 631
630 660
630 661
630 662
631 661
631 662
631 663
632 633
632 664
632 665
633 634
633 665
633 666
634 665
634 666
634 667
635 636
635 667
635 668
635 669
636 637
636 668
636 669
636 670
637 638
637 669
637 670
638 639
638 670
638 671
639 640
639 671
639 672
640 641
640 671
640 672
640 673
641 642
641 672
641 673
642 673
643 644
643 674
644 645
644 674
645 646
645 674
646 647
646 675
647 648
647 675
647 676
648 649
648 675
648 676
648 677
649 650
649 676
649 677
649 678
650 651
650 677
650 678
650 679
651 652
651 678
651 679
651 680
652 653
652 679
652 680
652 681
653 654
653 680
653 681
653 682
654 655
654 681
654 682
654 683
655 682
655 683
655 684
656 657
656 684
656 685
656 686
657 658
657 685
657 686
657 687
658 659
658 686
658 687
658 688
659 660
659 687
659 688
659 689
660 661
660 688
660 689
660 690
661 662
661 689
661 690
662 663
662 690
662 691
663 664
663 691
663 692
664 691
664 692
664 693
665 666
665 693
665 694
666 667
666 694
666 695
667 668
667 694
667 695
667 696
668 669
668 695
668 696
668 697
669 670
669 696
669 697
669 698
670 697
670 698
670 699
671 672
671 699
671 700
672 673
672 700
674 701
674 702
675 676
675 703
675 704
675 705
676 677
676 704
676 705
676 706
677 678
677 705
677 706
677 707
678 679
678 706
678 707
679 680
679 707
679 708
680 681
680 708
680 709
681 682
681 708
681 709
681 710
682 683
682 709
682 710
682 711
683 684
683 710
683 711
683 712
684 685
684 711
684 712
684 713
685 686
685 712
685 713
685 714
686 687
686 713
686 714
687 688
687 714
688 689
688 715
689 690
689 715
689 716
690 715
690 716
690 717
691 692
691 717
691 718
691 719
692 693
692 718
692 719
693 719
693 720
694 695
694 720
694 721
695 696
695 721
695 722
696 697
696 722
696 723
697 698
697 722
697 723
697 724
698 699
698 723
698 724
699 700
699 724
699 725
700 725
700 726
701 702
701 729
702 703
702 730
703 704
703 730
704 705
704 730
704 731
705 706
705 731
705 732
706 707
706 731
706 732
707 732
708 709
708 733
708 734
709 710
709 733
709 734
709 735
710 711
710 734
710 735
711 712
711 735
711 736
712 713
712 736
712 737
713 714
713 736
713 737
714 737
714 738
715 716
715 739
715 740
715 741
716 717
716 740
716 741
716 742
717 718
717 741
717 742
717 743
718 719
718 742
718 743
718 744
719 743
719 744
719 745
720 721
720 745
720 746
721 746
721 747
722 723
722 747
723 724
723 748
724 748
724 749
725 726
725 749
725 750
725 751
726 727
726 750
726 751
726 752
727 728
727 751
727 752
727 753
728 752
728 753
729 754
730 755
730 756
730 757
731 732
731 757
731 758
731 759
732 758
732 759
732 760
733 734
733 761
733 762
734 735
734 761
734 762
734 763
735 762
735 763
735 764
736 737
736 764
736 765
737 765
737 766
738 739
738 766
738 767
738 768
739 740
739 767
739 768
740 741
740 768
740 769
741 742
741 769
741 770
742 743
742 769
742 770
742 771
743 744
743 770
743 771
744 745
744 771
744 772
745 746
745 772
745 773
746 772
746 773
746 774
747 774
747 775
748 749
748 776
748 777
749 750
749 776
749 777
749 778
750 751
750 777
750 778
751 752
751 778
752 753
754 755
754 779
754 780
754 781
755 756
755 780
755 781
755 782
756 757
756 781
756 782
756 783
757 758
757 782
757 783
757 784
758 759
758 783
758 784
758 785
759 760
759 784
759 785
759 786
760 785
760 786
760 787
761 762
761 787
761 788
761 789
762 763
762 788
762 789
762 790
763 764
763 789
763 790
763 791
764 765
764 790
764 791
764 792
765 791
765 792
765 793
766 767
766 793
766 794
766 795
767 768
767 794
767 795
767 796
768 795
768 796
768 797
769 770
769 797
769 798
770 771
770 798
771 799
772 773
772 799
772 800
773 774
773 800
773 801
774 800
774 801
774 802
775 802
775 803
775 804
776 777
776 804
776 805
776 806
777 778
777 805
777 806
778 806
778 807
779 780
779 808
780 781
780 808
780 809
781 782
781 809
781 810
782 783
782 809
782 810
782 811
783 784
783 810
783 811
783 812
784 785
784 811
784 812
784 813
785 786
785 812
785 813
785 814
786 787
786 813
786 814
786 815
787 788
787 814
787 815
787 816
788 789
788 815
788 816
788 817
789 790
789 816
789 817
790 791
790 817
790 818
791 792
791 818
791 819
792 793
792 818
792 819
793 794
793 819
793 820
794 795
794 820
794 821
795 796
795 820
795 821
796 797
796 821
796 822
797 798
797 822
797 823
798 822
798 823
798 824
799 825
799 826
800 801
800 826
800 827
800 828
801 802
801 827
801 828
802 803
802 828
802 829
803 804
803 829
803 830
804 805
804 829
804 830
805 806
805 830
805 831
806 831
806 832
807 832
808 834
808 835
809 810
809 835
809 836
809 837
810 811
810 836
810 837
810 838
811 812
811 837
811 838
811 839
812 813
812 838
812 839
812 840
813 814
813 839
813 840
813 841
814 815
814 840
814 841
814 842
815 816
815 841
815 842
816 817
816 842
816 843
817 843
817 844
818 819
818 844
818 845
818 846
819 845
819 846
820 821
820 847
820 848
821 847
821 848
821 849
822 823
822 849
822 850
823 824
823 850
823 851
824 850
824 851
824 852
825 826
825 852
825 853
825 854
826 827
826 853
826 854
826 855
827 828
827 854
827 855
827 856
828 855
828 856
828 857
829 830
829 857
829 858
829 859
830 858
830 859
830 860
831 832
831 860
831 861
832 861
832 862
833 863
833 864
834 835
834 865
834 866
835 836
835 865
835 866
835 867
836 837
836 866
836 867
836 868
837 838
837 867
837 868
837 869
838 839
838 868
838 869
838 870
839 840
839 869
839 870
839 871
840 841
840 870
840 871
840 872
841 842
841 871
841 872
841 873
842 872
842 873
842 874
843 844
843 874
843 875
843 876
844 845
844 875
844 876
844 877
845 846
845 876
845 877
845 878
846 877
846 878
846 879
847 848
847 879
848 849
848 880
849 880
849 881
850 851
850 881
850 882
850 883
851 852
851 882
851 883
851 884
852 853
852 883
852 884
852 885
853 854
853 884
853 885
853 886
854 855
854 885
854 886
854 887
855 856
855 886
855 887
856 857
856 887
856 888
857 858
857 888
858 859
858 888
858 889
859 860
859 889
859 890
860 861
860 889
860 890
860 891
861 890
861 891
861 892
862 863
862 892
862 893
862 894
863 864
863 893
863 894
864 894
865 866
865 895
866 867
866 895
867 868
867 895
867 896
868 869
868 896
868 897
869 870
869 896
869 897
869 898
870 871
870 897
870 898
870 899
871 872
871 898
871 899
871 900
872 873
872 899
872 900
872 901
873 874
873 900
873 901
873 902
874 875
874 901
874 902
874 903
875 876
875 902
875 903
875 904
876 877
876 903
876 904
876 905
877 878
877 904
877 905
877 906
878 879
878 905
878 906
878 907
879 906
879 907
879 908
880 881
880 909
880 910
880 911
881 882
881 910
881 911
881 912
882 883
882 911
882 912
882 913
883 884
883 912
883 913
883 914
884 885
884 913
884 914
885 886
885 914
885 915
886 887
886 915
886 916
887 915
887 916
887 917
888 917
888 918
888 919
889 890
889 919
889 920
890 891
890 920
890 921
891 892
891 920
891 921
891 922
892 893
892 921
892 922
892 923
893 894
893 922
893 923
893 924
894 923
894 924
895 925
895 926
895 927
896 897
896 927
896 928
897 898
897 928
897 929
898 899
898 928
898 929
898 930
899 900
899 929
899 930
899 931
900 901
900 930
900 931
900 932
901 902
901 931
901 932
901 933
902 903
902 932
902 933
902 934
903 904
903 933
903 934
903 935
904 905
904 934
904 935
904 936
905 906
905 935
905 936
905 937
906 907
906 936
906 937
906 938
907 908
907 937
907 938
907 939
908 909
908 938
908 939
909 910
909 939
910 911
910 940
911 912
911 940
912 913
912 940
912 941
913 914
913 941
913 942
914 941
914 942
915 916
915 943
915 944
916 917
916 943
916 944
917 918
917 944
918 919
918 945
919 945
919 946
920 921
920 946
920 947
920 948
921 922
921 947
921 948
921 949
922 923
922 948
922 949
922 950
923 924
923 949
923 950
923 951
924 950
924 951
924 952
925 926
925 953
925 954
926 927
926 953
926 954
927 954
927 955
928 929
928 955
928 956
929 930
929 956
929 957
930 931
930 956
930 957
931 932
931 957
931 958
932 933
932 958
932 959
933 934
933 958
933 959
933 960
934 935
934 959
934 960
934 961
935 936
935 960
935 961
935 962
936 937
936 961
936 962
936 963
937 938
937 962
937 963
937 964
938 939
938 963
938 964
938 965
939 964
939 965
940 966
940 967
941 942
941 967
941 968
941 969
942 968
942 969
943 944
943 970
943 971
944 970
944 971
945 946
945 972
945 973
945 974
946 947
946 973
946 974
946 975
947 948
947 974
947 975
947 976
948 949
948 975
948 976
948 977
949 950
949 976
949 977
950 951
950 977
950 978
951 952
951 978
951 979
952 978
952 979
953 954
956 957
958 959
959 960
960 961
961 962
962 963
963 964
964 965
967 968
968 969
970 971
972 973
973 974
974 975
975 976
976 977
978 979
