# FromNodeId	ToNodeId
0 1
0 38
0 39
1 2
1 39
1 40
2 3
2 40
2 41
3 4
3 40
3 41
3 42
4 5
4 41
4 42
4 43
5 6
5 42
5 43
6 7
6 43
6 44
7 8
7 44
7 45
8 9
8 44
8 45
9 10
9 45
9 46
10 46
10 47
11 12
11 47
11 48
11 49
12 13
12 48
12 49
12 50
13 14
13 49
13 50
13 51
14 15
14 50
14 51
15 16
15 51
15 52
16 17
16 52
16 53
17 18
17 52
17 53
17 54
18 19
18 53
18 54
18 55
19 20
19 54
19 55
19 56
20 21
20 55
20 56
21 22
21 56
21 57
22 57
22 58
23 58
23 59
23 60
24 25
24 60
24 61
24 62
25 26
25 61
25 62
25 63
26 62
26 63
26 64
27 28
27 65
27 66
27 67
28 66
28 67
28 68
29 30
29 68
29 69
30 69
30 70
31 32
31 70
31 71
31 72
32 33
32 71
32 72
32 73
33 72
33 73
33 74
34 35
34 74
34 75
34 76
35 75
35 76
35 77
36 37
36 78
36 79
37 79
37 80
38 39
38 81
38 82
39 81
39 82
39 83
40 41
40 83
40 84
41 42
41 84
42 43
43 85
44 45
44 85
44 86
44 87
45 86
45 87
45 88
46 47
46 88
46 89
46 90
47 48
47 89
47 90
47 91
48 49
48 90
48 91
48 92
49 50
49 91
49 92
49 93
50 51
50 92
50 93
51 93
51 94
52 53
52 94
52 95
52 96
53 54
53 95
53 96
53 97
54 55
54 96
54 97
54 98
55 56
55 97
55 98
56 98
56 99
57 58
57 99
57 100
57 101
58 59
58 100
58 101
59 60
59 101
59 102
60 61
60 102
61 62
61 102
62 63
62 103
63 64
63 103
63 104
64 65
64 103
64 104
64 105
65 66
65 104
65 105
65 106
66 67
66 105
66 106
66 107
67 68
67 106
67 107
67 108
68 69
68 107
68 108
68 109
69 108
69 109
69 110
70 71
70 110
70 111
70 112
71 72
71 111
71 112
71 113
72 73
72 112
72 113
72 114
73 74
73 113
73 114
73 115
74 75
74 114
74 115
74 116
75 76
75 115
75 116
75 117
76 77
76 116
76 117
76 118
77 78
77 117
77 118
77 119
78 79
78 118
78 119
78 120
79 119
79 120
79 121
80 121
80 122
81 82
81 123
82 83
82 123
82 124
83 84
83 124
84 124
84 125
85 86
85 127
85 128
86 87
86 127
86 128
86 129
87 88
87 128
87 129
87 130
88 89
88 129
88 130
89 90
89 130
90 91
90 131
91 92
91 131
91 132
92 93
92 131
92 132
92 133
93 132
93 133
93 134
94 95
94 134
95 96
95 135
96 97
96 135
96 136
97 98
97 135
97 136
97 137
98 136
98 137
98 138
99 100
99 138
99 139
100 101
100 139
100 140
101 139
101 140
101 141
102 141
102 142
102 143
103 104
103 144
103 145
103 146
104 105
104 145
104 146
104 147
105 106
105 146
105 147
106 107
106 147
106 148
107 108
107 148
107 149
108 109
108 148
108 149
108 150
109 110
109 149
109 150
109 151
110 111
110 150
110 151
110 152
111 112
111 151
111 152
111 153
112 113
112 152
112 153
113 114
113 153
113 154
114 115
114 154
114 155
115 116
115 154
115 155
116 117
116 155
117 118
117 156
118 119
118 156
118 157
119 120
119 156
119 157
119 158
120 121
120 157
120 158
120 159
121 122
121 158
121 159
122 159
123 160
124 161
125 126
125 162
125 163
126 162
126 163
126 164
127 128
127 164
127 165
128 129
128 165
128 166
129 130
129 165
129 166
129 167
130 166
130 167
130 168
131 132
131 169
131 170
132 133
132 170
132 171
133 134
133 171
133 172
134 171
134 172
135 136
135 173
136 137
136 173
136 174
137 138
137 174
137 175
138 174
138 175
139 140
139 176
139 177
140 141
140 176
140 177
140 178
141 142
141 177
141 178
141 179
142 143
142 178
142 179
142 180
143 144
143 179
143 180
143 181
144 145
144 180
144 181
145 146
145 181
145 182
146 147
146 182
146 183
147 182
147 183
147 184
148 149
148 184
148 185
149 150
149 185
149 186
150 151
150 186
150 187
151 152
151 186
151 187
151 188
152 153
152 187
152 188
152 189
153 188
153 189
153 190
154 155
154 190
154 191
154 192
155 191
155 192
155 193
156 157
156 194
156 195
156 196
157 158
157 195
157 196
157 197
158 159
158 196
158 197
158 198
159 197
159 198
159 199
160 200
161 201
162 163
162 202
162 203
163 164
163 202
163 203
163 204
164 203
164 204
164 205
165 166
165 205
165 206
165 207
166 167
166 206
166 207
167 168
167 207
167 208
168 169
168 208
168 209
169 170
169 208
169 209
170 209
171 172
171 210
171 211
172 210
172 211
173 212
173 213
174 175
174 213
174 214
175 214
175 215
176 177
176 215
176 216
177 178
177 216
177 217
178 179
178 216
178 217
179 180
179 217
179 218
180 181
180 218
180 219
181 218
181 219
181 220
182 183
182 220
182 221
183 184
183 221
183 222
184 185
184 221
184 222
184 223
185 222
185 223
185 224
186 187
186 224
186 225
187 188
187 225
187 226
188 189
188 225
188 226
189 190
189 226
189 227
190 191
190 227
190 228
191 192
191 227
191 228
191 229
192 193
192 228
192 229
192 230
193 194
193 229
193 230
193 231
194 195
194 230
194 231
195 196
195 231
195 232
196 197
196 232
196 233
197 198
197 232
197 233
197 234
198 199
198 233
198 234
198 235
199 234
199 235
200 236
201 236
201 237
202 203
202 237
202 238
202 239
203 204
203 238
203 239
203 240
204 205
204 239
204 240
204 241
205 206
205 240
205 241
205 242
206 207
206 241
206 242
206 243
207 242
207 243
207 244
208 209
208 244
208 245
208 246
209 245
209 246
210 211
210 247
210 248
211 248
212 249
213 214
213 249
213 250
213 251
214 250
214 251
214 252
215 252
215 253
215 254
216 217
216 254
216 255
217 255
217 256
218 219
218 256
218 257
218 258
219 220
219 257
219 258
219 259
220 258
220 259
220 260
221 222
221 260
221 261
222 223
222 261
223 224
224 262
225 226
225 262
225 263
225 264
226 263
226 264
227 228
227 265
228 229
228 265
229 230
229 266
230 231
230 266
230 267
231 266
231 267
231 268
232 233
232 268
232 269
232 270
233 234
233 269
233 270
233 271
234 235
234 270
234 271
234 272
235 271
235 272
236 273
237 238
237 274
238 239
238 274
238 275
239 240
239 274
239 275
239 276
240 241
240 275
240 276
240 277
241 242
241 276
241 277
241 278
242 243
242 277
242 278
242 279
243 244
243 278
243 279
243 280
244 245
244 279
244 280
244 281
245 246
245 280
245 281
245 282
246 281
246 282
247 283
248 283
248 284
249 250
249 285
250 251
250 285
251 252
251 286
252 253
252 286
253 254
253 286
253 287
254 255
254 287
254 288
255 287
255 288
255 289
256 257
256 289
256 290
256 291
257 258
257 290
257 291
257 292
258 259
258 291
258 292
259 260
259 292
259 293
260 261
260 293
260 294
261 293
261 294
261 295
262 263
262 297
263 264
263 297
263 298
264 297
264 298
264 299
265 299
265 300
266 267
266 301
266 302
266 303
267 268
267 302
267 303
267 304
268 269
268 303
268 304
269 270
269 304
269 305
270 271
270 305
270 306
271 272
271 305
271 306
271 307
272 306
272 307
273 308
273 309
274 275
274 310
274 311
274 312
275 276
275 311
275 312
275 313
276 277
276 312
276 313
276 314
277 278
277 313
277 314
278 279
278 314
278 315
279 280
279 315
280 281
280 315
280 316
281 282
281 316
281 317
282 316
282 317
282 318
283 284
283 319
283 320
284 320
284 321
285 322
285 323
285 324
286 325
286 326
286 327
287 288
287 327
287 328
287 329
288 289
288 328
288 329
288 330
289 290
289 329
289 330
289 331
290 291
290 330
290 331
290 332
291 292
291 331
291 332
291 333
292 332
292 333
292 334
293 294
293 334
293 335
293 336
294 295
294 335
294 336
294 337
295 296
295 336
295 337
295 338
296 337
296 338
296 339
297 298
297 340
297 341
297 342
298 299
298 341
298 342
299 300
299 342
299 343
300 343
300 344
301 302
301 344
301 345
301 346
302 303
302 345
302 346
302 347
303 304
303 346
303 347
303 348
304 347
304 348
305 306
305 349
305 350
306 307
306 349
306 350
306 351
307 350
307 351
308 309
308 352
308 353
309 352
309 353
309 354
310 311
310 354
311 312
311 355
312 313
312 355
312 356
313 314
313 355
313 356
314 356
314 357
315 357
315 358
315 359
316 317
316 359
316 360
316 361
317 318
317 360
317 361
317 362
318 319
318 361
318 362
318 363
319 362
319 363
319 364
320 321
320 364
320 365
320 366
321 322
321 365
321 366
321 367
322 323
322 366
322 367
322 368
323 324
323 367
323 368
323 369
324 325
324 368
324 369
324 370
325 326
325 369
325 370
326 327
326 370
326 371
327 328
327 371
327 372
328 329
328 371
328 372
329 330
329 372
329 373
330 331
330 373
330 374
331 332
331 373
331 374
332 333
332 374
332 375
333 334
333 375
333 376
334 335
334 375
334 376
334 377
335 336
335 376
335 377
335 378
336 337
336 377
336 378
337 338
337 378
337 379
338 339
338 379
338 380
339 340
339 379
339 380
339 381
340 341
340 380
340 381
341 342
341 381
341 382
342 382
342 383
343 344
343 383
343 384
344 345
344 384
345 346
345 384
345 385
346 347
346 385
347 348
347 385
347 386
348 386
349 350
349 387
349 388
350 351
350 387
350 388
350 389
351 388
351 389
352 353
352 390
352 391
353 354
353 390
353 391
353 392
354 391
354 392
355 356
355 393
355 394
356 393
356 394
356 395
357 358
357 395
357 396
357 397
358 359
358 396
358 397
358 398
359 360
359 397
359 398
360 361
360 398
360 399
361 362
361 399
361 400
362 363
362 399
362 400
362 401
363 364
363 400
363 401
363 402
364 365
364 401
364 402
365 366
365 402
365 403
366 367
366 403
366 404
367 368
367 403
367 404
367 405
368 369
368 404
368 405
369 370
369 405
370 406
371 372
371 406
371 407
371 408
372 407
372 408
373 374
373 409
373 410
374 409
374 410
374 411
375 376
375 411
375 412
375 413
376 377
376 412
376 413
377 378
377 413
377 414
378 414
378 415
379 380
379 415
379 416
380 381
380 416
380 417
381 416
381 417
381 418
382 383
382 418
382 419
383 419
383 420
384 420
384 421
384 422
385 422
385 423
385 424
386 424
386 425
386 426
387 388
387 426
387 427
387 428
388 389
388 427
388 428
389 428
390 391
390 429
390 430
391 392
391 429
391 430
392 430
392 431
393 394
393 432
393 433
393 434
394 395
394 433
394 434
394 435
395 396
395 434
395 435
395 436
396 397
396 435
396 436
396 437
397 398
397 436
397 437
398 437
398 438
399 400
399 438
399 439
399 440
400 401
400 439
400 440
400 441
401 402
401 440
401 441
401 442
402 441
402 442
403 404
403 443
403 444
404 405
404 443
404 444
405 444
406 407
406 445
406 446
406 447
407 408
407 446
407 447
407 448
408 447
408 448
408 449
409 410
409 449
409 450
409 451
410 411
410 450
410 451
410 452
411 412
411 451
411 452
411 453
412 413
412 452
412 453
412 454
413 453
413 454
413 455
414 415
414 455
414 456
414 457
415 456
415 457
415 458
416 417
416 458
416 459
416 460
417 418
417 459
417 460
417 461
418 460
418 461
418 462
419 420
419 462
419 463
419 464
420 421
420 463
420 464
420 465
421 422
421 464
421 465
421 466
422 423
422 465
422 466
423 424
423 466
423 467
424 425
424 467
424 468
425 426
425 467
425 468
426 427
426 468
427 428
427 469
428 469
428 470
429 430
429 471
429 472
430 471
430 472
430 473
431 432
431 473
431 474
431 475
432 433
432 474
432 475
432 476
433 434
433 475
433 476
433 477
434 435
434 476
434 477
434 478
435 436
435 477
435 478
435 479
436 437
436 478
436 479
436 480
437 479
437 480
437 481
438 439
438 481
438 482
439 440
439 482
439 483
440 441
440 482
440 483
441 442
441 483
441 484
442 484
442 485
443 444
443 485
443 486
443 487
444 486
444 487
444 488
445 446
445 489
445 490
445 491
446 447
446 490
446 491
446 492
447 448
447 491
447 492
447 493
448 449
448 492
448 493
448 494
449 450
449 493
449 494
449 495
450 451
450 494
450 495
450 496
451 452
451 495
451 496
451 497
452 453
452 496
452 497
452 498
453 454
453 497
453 498
453 499
454 455
454 498
454 499
454 500
455 456
455 499
455 500
456 457
456 500
456 501
457 458
457 501
458 459
458 501
459 460
459 502
460 461
460 502
460 503
461 462
461 502
461 503
461 504
462 463
462 503
462 504
462 505
463 464
463 504
463 505
464 465
464 505
464 506
465 466
465 506
465 507
466 506
466 507
466 508
467 468
467 508
467 509
467 510
468 509
468 510
468 511
469 470
469 512
469 513
469 514
470 513
470 514
471 472
472 473
473 474
474 475
474 515
475 476
475 515
476 477
476 515
476 516
477 478
477 516
477 517
478 479
478 516
478 517
479 480
479 517
479 518
480 481
480 518
480 519
481 518
481 519
481 520
482 483
482 520
482 521
482 522
483 521
483 522
483 523
484 485
484 523
484 524
484 525
485 486
485 524
485 525
485 526
486 487
486 525
486 526
486 527
487 488
487 526
487 527
487 528
488 489
488 527
488 528
488 529
489 490
489 528
489 529
490 491
490 529
490 530
491 492
491 530
491 531
492 493
492 530
492 531
492 532
493 494
493 531
493 532
493 533
494 495
494 532
494 533
494 534
495 496
495 533
495 534
495 535
496 497
496 534
496 535
496 536
497 498
497 535
497 536
497 537
498 499
498 536
498 537
499 500
499 537
499 538
500 538
500 539
501 539
501 540
501 541
502 503
502 542
502 543
503 504
503 543
503 544
504 505
504 543
504 544
504 545
505 544
505 545
506 507
506 546
506 547
507 508
507 546
507 547
507 548
508 509
508 547
508 548
508 549
509 510
509 548
509 549
509 550
510 511
510 549
510 550
510 551
511 512
511 550
511 551
511 552
512 513
512 551
512 552
512 553
513 514
513 552
513 553
513 554
514 553
514 554
515 557
515 558
515 559
516 517
516 559
516 560
516 561
517 560
517 561
517 562
518 519
518 562
518 563
518 564
519 520
519 563
519 564
519 565
520 521
520 564
520 565
520 566
521 522
521 565
521 566
521 567
522 523
522 566
522 567
522 568
523 524
523 567
523 568
524 525
524 568
524 569
525 526
525 569
525 570
526 527
526 569
526 570
527 528
527 570
528 529
528 571
529 571
529 572
530 531
530 572
530 573
530 574
531 532
531 573
531 574
532 533
532 574
532 575
533 534
533 575
533 576
534 535
534 575
534 576
534 577
535 536
535 576
535 577
535 578
536 537
536 577
536 578
536 579
537 578
537 579
537 580
538 539
538 580
538 581
538 582
539 540
539 581
539 582
539 583
540 541
540 582
540 583
540 584
541 542
541 583
541 584
541 585
542 584
542 585
542 586
543 544
543 586
543 587
543 588
544 545
544 587
544 588
544 589
545 588
545 589
545 590
546 547
546 590
546 591
546 592
547 548
547 591
547 592
547 593
548 549
548 592
548 593
548 594
549 550
549 593
549 594
549 595
550 551
550 594
550 595
550 596
551 552
551 595
551 596
551 597
552 553
552 596
552 597
552 598
553 554
553 597
553 598
553 599
554 598
554 599
555 600
555 601
556 557
556 601
556 602
557 558
557 602
557 603
558 559
558 602
558 603
559 560
559 603
559 604
560 561
560 604
560 605
561 562
561 604
561 605
562 563
562 605
562 606
563 564
563 606
563 607
564 565
564 606
564 607
564 608
565 566
565 607
565 608
565 609
566 567
566 608
566 609
567 568
567 609
567 610
568 610
569 570
569 611
569 612
570 611
570 612
570 613
571 572
571 614
571 615
571 616
572 573
572 615
572 616
572 617
573 574
573 616
573 617
574 617
574 618
575 576
575 618
575 619
575 620
576 577
576 619
576 620
576 621
577 578
577 620
577 621
577 622
578 579
578 621
578 622
578 623
579 580
579 622
579 623
580 581
580 623
581 582
581 624
582 583
582 624
583 584
583 624
583 625
584 585
584 625
584 626
585 586
585 625
585 626
585 627
586 587
586 626
586 627
586 628
587 588
587 627
587 628
587 629
588 589
588 628
588 629
588 630
589 590
589 629
589 630
590 591
590 630
590 631
591 592
591 631
591 632
592 593
592 631
592 632
592 633
593 594
593 632
593 633
594 595
594 633
594 634
595 596
595 634
596 597
596 634
597 598
597 635
598 599
598 635
598 636
599 635
599 636
600 601
600 637
600 638
601 637
601 638
601 639
602 603
602 639
602 640
602 641
603 640
603 641
603 642
604 605
604 642
604 643
604 644
605 643
605 644
606 607
606 645
607 608
607 645
607 646
608 609
608 645
608 646
608 647
609 646
609 647
609 648
610 648
610 649
610 650
611 612
611 650
611 651
611 652
612 613
612 651
612 652
612 653
613 614
613 652
613 653
613 654
614 615
614 653
614 654
614 655
615 616
615 654
615 655
615 656
616 617
616 655
616 656
616 657
617 656
617 657
617 658
618 619
618 658
618 659
618 660
619 620
619 659
619 660
619 661
620 621
620 660
620 661
620 662
621 622
621 661
621 662
622 623
622 662
623 663
624 664
624 665
624 666
625 626
625 666
625 667
626 627
626 667
626 668
627 628
627 667
627 668
627 669
628 629
628 668
628 669
628 670
629 630
629 669
629 670
630 670
630 671
631 632
631 671
631 672
631 673
632 633
632 672
632 673
632 674
633 673
633 674
633 675
634 675
634 676
635 636
635 677
635 678
635 679
636 678
636 679
637 638
637 680
638 639
638 680
638 681
639 640
639 680
639 681
639 682
640 641
640 681
640 682
640 683
641 642
641 682
641 683
641 684
642 643
642 683
642 684
643 644
643 684
643 685
644 685
644 686
645 646
645 687
645 688
646 647
646 687
646 688
646 689
647 648
647 688
647 689
647 690
648 649
648 689
648 690
649 650
649 690
649 691
650 651
650 691
650 692
651 652
651 691
651 692
651 693
652 653
652 692
652 693
652 694
653 654
653 693
653 694
653 695
654 655
654 694
654 695
654 696
655 656
655 695
655 696
655 697
656 657
656 696
656 697
656 698
657 658
657 697
657 698
658 659
658 698
658 699
659 660
659 699
660 661
660 699
661 662
662 700
663 664
663 701
663 702
664 665
664 702
664 703
665 666
665 702
665 703
665 704
666 703
666 704
666 705
667 668
667 705
667 706
668 669
668 706
668 707
669 670
669 707
669 708
670 707
670 708
671 672
671 709
672 673
672 709
673 674
673 710
674 675
674 710
674 711
675 676
675 710
675 711
675 712
676 711
676 712
677 678
677 713
677 714
678 679
678 713
678 714
678 715
679 714
679 715
680 681
680 716
680 717
681 682
681 717
681 718
682 683
682 718
682 719
683 684
683 718
683 719
683 720
684 719
684 720
685 686
685 721
685 722
686 721
686 722
686 723
687 688
687 723
687 724
688 689
688 724
688 725
689 690
689 725
689 726
690 725
690 726
691 692
691 727
691 728
692 693
692 727
692 728
693 694
693 728
693 729
694 695
694 729
694 730
695 696
695 729
695 730
695 731
696 697
696 730
696 731
696 732
697 698
697 731
697 732
697 733
698 732
698 733
698 734
699 734
699 735
700 701
700 737
700 738
701 737
701 738
701 739
702 703
702 739
702 740
702 741
703 704
703 740
703 741
703 742
704 705
704 741
704 742
704 743
705 706
705 742
705 743
705 744
706 743
706 744
706 745
707 708
707 745
707 746
707 747
708 746
708 747
709 748
709 749
710 711
710 750
710 751
710 752
711 712
711 751
711 752
711 753
712 752
712 753
712 754
713 714
713 754
713 755
713 756
714 715
714 755
714 756
715 756
716 717
716 757
716 758
717 757
717 758
717 759
718 719
718 759
718 760
719 720
719 760
720 760
720 761
721 722
721 761
721 762
721 763
722 723
722 762
722 763
722 764
723 724
723 763
723 764
723 765
724 764
724 765
724 766
725 726
725 766
725 767
726 767
726 768
727 728
727 768
727 769
727 770
728 769
728 770
728 771
729 730
729 771
729 772
729 773
730 731
730 772
730 773
730 774
731 732
731 773
731 774
731 775
732 733
732 774
732 775
732 776
733 734
733 775
733 776
733 777
734 776
734 777
734 778
735 736
735 778
735 779
735 780
736 779
736 780
736 781
737 738
737 781
737 782
738 739
738 782
738 783
739 740
739 782
739 783
739 784
740 741
740 783
740 784
740 785
741 742
741 784
741 785
742 743
742 785
742 786
743 744
743 786
743 787
744 745
744 786
744 787
744 788
745 746
745 787
745 788
745 789
746 747
746 788
746 789
746 790
747 789
747 790
748 749
748 791
748 792
749 750
749 791
749 792
750 751
750 792
750 793
751 752
751 793
751 794
752 753
752 793
752 794
752 795
753 754
753 794
753 795
753 796
754 755
754 795
754 796
754 797
755 756
755 796
755 797
755 798
756 797
756 798
756 799
757 758
757 800
758 759
758 800
759 800
760 801
760 802
761 762
761 802
761 803
761 804
762 763
762 803
762 804
762 805
763 764
763 804
763 805
763 806
764 765
764 805
764 806
764 807
765 766
765 806
765 807
765 808
766 807
766 808
767 768
767 809
767 810
768 769
768 809
768 810
768 811
769 770
769 810
769 811
769 812
770 771
770 811
770 812
770 813
771 772
771 812
771 813
772 773
772 813
773 774
773 814
774 775
774 814
774 815
775 776
775 814
775 815
775 816
776 777
776 815
776 816
776 817
777 778
777 816
777 817
777 818
778 779
778 817
778 818
778 819
779 780
779 818
779 819
779 820
780 781
780 819
780 820
780 821
781 820
781 821
781 822
782 783
782 822
782 823
782 824
783 784
783 823
783 824
783 825
784 785
784 824
784 825
784 826
785 825
785 826
785 827
786 787
786 827
786 828
786 829
787 788
787 828
787 829
787 830
788 789
788 829
788 830
788 831
789 790
789 830
789 831
789 832
790 831
790 832
790 833
791 792
791 833
791 834
791 835
792 834
792 835
793 794
793 836
794 795
794 836
794 837
795 796
795 837
795 838
796 797
796 837
796 838
796 839
797 798
797 838
797 839
797 840
798 799
798 839
798 840
798 841
799 840
799 841
800 842
800 843
801 802
801 844
801 845
801 846
802 803
802 845
802 846
802 847
803 804
803 846
803 847
803 848
804 805
804 847
804 848
804 849
805 806
805 848
805 849
805 850
806 807
806 849
806 850
807 808
807 850
807 851
808 851
808 852
809 810
809 852
809 853
809 854
810 811
810 853
810 854
810 855
811 812
811 854
811 855
811 856
812 813
812 855
812 856
812 857
813 856
813 857
813 858
814 815
814 859
814 860
814 861
815 816
815 860
815 861
815 862
816 817
816 861
816 862
816 863
817 818
817 862
817 863
817 864
818 819
818 863
818 864
818 865
819 820
819 864
819 865
819 866
820 821
820 865
820 866
820 867
821 822
821 866
821 867
821 868
822 823
822 867
822 868
822 869
823 824
823 868
823 869
823 870
824 825
824 869
824 870
824 871
825 826
825 870
825 871
826 827
826 871
826 872
827 828
827 872
827 873
828 829
828 872
828 873
829 830
829 873
829 874
830 831
830 874
830 875
831 832
831 874
831 875
831 876
832 833
832 875
832 876
832 877
833 834
833 876
833 877
833 878
834 835
834 877
834 878
834 879
835 878
835 879
835 880
836 880
836 881
837 838
837 882
837 883
838 839
838 882
838 883
838 884
839 840
839 883
839 884
840 841
840 884
842 843
842 885
842 886
843 885
843 886
843 887
844 845
844 887
844 888
844 889
845 846
845 888
845 889
846 847
846 889
846 890
847 848
847 890
847 891
848 849
848 890
848 891
848 892
849 850
849 891
849 892
850 892
851 852
851 893
851 894
852 853
852 893
852 894
852 895
853 854
853 894
853 895
854 855
854 895
854 896
855 856
855 896
855 897
856 857
856 896
856 897
856 898
857 858
857 897
857 898
857 899
858 859
858 898
858 899
858 900
859 860
859 899
859 900
859 901
860 861
860 900
860 901
860 902
861 862
861 901
861 902
862 863
862 902
863 864
863 903
864 865
864 903
864 904
865 866
865 903
865 904
865 905
866 867
866 904
866 905
866 906
867 868
867 905
867 906
867 907
868 869
868 906
868 907
868 908
869 870
869 907
869 908
869 909
870 871
870 908
870 909
871 909
871 910
872 873
872 910
872 911
872 912
873 911
873 912
873 913
874 875
874 913
874 914
874 915
875 876
875 914
875 915
876 877
876 915
876 916
877 878
877 916
877 917
878 879
878 916
878 917
879 880
879 917
880 881
880 918
881 918
881 919
882 883
882 919
882 920
883 884
883 920
883 921
884 920
884 921
884 922
885 886
885 923
886 887
886 923
886 924
887 888
887 923
887 924
888 889
888 924
888 925
889 925
889 926
890 891
890 926
890 927
890 928
891 892
891 927
891 928
891 929
892 928
892 929
892 930
893 894
893 931
893 932
893 933
894 895
894 932
894 933
894 934
895 933
895 934
895 935
896 897
896 935
896 936
896 937
897 898
897 936
897 937
897 938
898 899
898 937
898 938
899 900
899 938
899 939
900 901
900 939
900 940
901 902
901 939
901 940
902 940
902 941
903 904
903 942
903 943
903 944
904 905
904 943
904 944
904 945
905 906
905 944
905 945
905 946
906 907
906 945
906 946
906 947
907 908
907 946
907 947
907 948
908 909
908 947
908 948
909 948
910 911
910 949
910 950
911 912
911 949
911 950
911 951
912 913
912 950
912 951
912 952
913 914
913 951
913 952
913 953
914 915
914 952
914 953
915 953
915 954
916 917
916 954
916 955
917 955
917 956
918 919
918 957
918 958
919 958
919 959
920 921
920 959
920 960
920 961
921 922
921 960
921 961
921 962
922 961
922 962
923 924
923 963
923 964
923 965
924 964
924 965
924 966
925 926
925 966
925 967
925 968
926 927
926 967
926 968
927 928
927 968
927 969
928 929
928 969
928 970
929 930
929 969
929 970
930 931
930 970
931 932
931 971
932 933
932 971
932 972
933 934
933 971
933 972
933 973
934 935
934 972
934 973
934 974
935 936
935 973
935 974
935 975
936 937
936 974
936 975
936 976
937 938
937 975
937 976
937 977
938 976
938 977
938 978
939 940
939 978
939 979
939 980
940 979
940 980
940 981
941 942
941 981
941 982
942 943
942 982
942 983
943 944
943 982
943 983
944 945
944 983
944 984
945 946
945 984
945 985
946 947
946 984
946 985
946 986
947 948
947 985
947 986
947 987
948 986
948 987
948 988
949 950
949 989
949 990
949 991
950 951
950 990
950 991
951 952
951 991
951 992
952 953
952 992
952 993
953 992
953 993
953 994
954 955
954 994
954 995
954 996
955 995
955 996
955 997
956 957
956 997
956 998
957 998
958 959
958 999
959 960
959 999
959 1000
960 961
960 1000
961 962
961 1000
961 1001
962 1001
962 1002
963 964
963 1003
963 1004
964 965
964 1003
964 1004
964 1005
965 966
965 1004
965 1005
965 1006
966 967
966 1005
966 1006
966 1007
967 968
967 1006
967 1007
967 1008
968 1007
968 1008
968 1009
969 970
969 1009
969 1010
969 1011
970 1010
970 1011
970 1012
971 972
971 1013
971 1014
972 973
972 1014
972 1015
973 974
973 1015
973 1016
974 975
974 1015
974 1016
975 976
975 1016
975 1017
976 977
976 1017
976 1018
977 978
977 1017
977 1018
978 979
978 1018
979 980
979 1019
980 981
980 1019
981 1019
981 1020
982 983
982 1020
982 1021
983 1021
983 1022
984 985
984 1022
984 1023
985 986
985 1023
985 1024
986 987
986 1023
986 1024
987 988
987 1024
987 1025
988 989
988 1025
989 990
989 1025
989 1026
990 991
990 1026
990 1027
991 1026
991 1027
991 1028
992 993
992 1028
992 1029
992 1030
993 994
993 1029
993 1030
993 1031
994 995
994 1030
994 1031
995 996
995 1031
995 1032
996 997
996 1032
997 1032
997 1033
998 1033
998 1034
999 1034
999 1035
999 1036
1000 1036
1000 1037
1001 1002
1001 1038
1002 1038
1003 1004
1003 1039
1004 1005
1004 1039
1004 1040
1005 1006
1005 1039
1005 1040
1005 1041
1006 1007
1006 1040
1006 1041
1006 1042
1007 1008
1007 1041
1007 1042
1007 1043
1008 1009
1008 1042
1008 1043
1008 1044
1009 1010
1009 1043
1009 1044
1010 1011
1010 1044
1010 1045
1011 1012
1011 1045
1012 1013
1012 1045
1012 1046
1013 1014
1013 1046
1013 1047
1014 1046
1014 1047
1014 1048
1015 1016
1015 1048
1015 1049
1015 1050
1016 1049
1016 1050
1017 1018
1017 1051
1017 1052
1018 1051
1018 1052
1019 1053
1019 1054
1020 1021
1020 1054
1020 1055
1020 1056
1021 1055
1021 1056
1021 1057
1022 1057
1022 1058
1022 1059
1023 1024
1023 1059
1023 1060
1024 1060
1025 1061
1026 1027
1026 1062
1026 1063
1027 1028
1027 1062
1027 1063
1027 1064
1028 1029
1028 1063
1028 1064
1028 1065
1029 1030
1029 1064
1029 1065
1029 1066
1030 1031
1030 1065
1030 1066
1030 1067
1031 1066
1031 1067
1031 1068
1032 1068
1032 1069
1032 1070
1033 1070
1033 1071
1034 1035
1034 1072
1034 1073
1035 1036
1035 1072
1035 1073
1035 1074
1036 1037
1036 1073
1036 1074
1037 1074
1038 1075
1039 1040
1039 1076
1039 1077
1039 1078
1040 1041
1040 1077
1040 1078
1041 1042
1041 1078
1041 1079
1042 1043
1042 1079
1042 1080
1043 1044
1043 1079
1043 1080
1044 1080
1045 1081
1045 1082
1046 1047
1046 1082
1046 1083
1046 1084
1047 1048
1047 1083
1047 1084
1047 1085
1048 1049
1048 1084
1048 1085
1048 1086
1049 1050
1049 1085
1049 1086
1049 1087
1050 1086
1050 1087
1050 1088
1051 1052
1051 1088
1051 1089
1051 1090
1052 1089
1052 1090
1052 1091
1053 1054
1053 1092
1053 1093
1053 1094
1054 1055
1054 1093
1054 1094
1054 1095
1055 1056
1055 1094
1055 1095
1055 1096
1056 1057
1056 1095
1056 1096
1056 1097
1057 1058
1057 1096
1057 1097
1057 1098
1058 1059
1058 1097
1058 1098
1058 1099
1059 1060
1059 1098
1059 1099
1059 1100
1060 1099
1060 1100
1061 1101
1061 1102
1062 1063
1063 1064
1063 1103
1064 1065
1064 1103
1064 1104
1065 1066
1065 1103
1065 1104
1066 1067
1066 1104
1067 1068
1067 1105
1068 1069
1068 1105
1068 1106
1069 1070
1069 1105
1069 1106
1069 1107
1070 1071
1070 1106
1070 1107
1070 1108
1071 1107
1071 1108
1071 1109
1072 1073
1072 1109
1072 1110
1072 1111
1073 1074
1073 1110
1073 1111
1073 1112
1074 1111
1074 1112
1074 1113
1075 1114
1075 1115
1075 1116
1076 1077
1076 1117
1076 1118
1077 1078
1077 1117
1077 1118
1078 1118
1078 1119
1079 1080
1079 1119
1080 1120
1081 1082
1081 1121
1081 1122
1081 1123
1082 1083
1082 1122
1082 1123
1082 1124
1083 1084
1083 1123
1083 1124
1083 1125
1084 1085
1084 1124
1084 1125
1084 1126
1085 1086
1085 1125
1085 1126
1086 1087
1086 1126
1087 1088
1088 1089
1088 1127
1089 1090
1089 1127
1089 1128
1090 1091
1090 1127
1090 1128
1090 1129
1091 1092
1091 1128
1091 1129
1091 1130
1092 1093
1092 1129
1092 1130
1092 1131
1093 1094
1093 1130
1093 1131
1093 1132
1094 1095
1094 1131
1094 1132
1094 1133
1095 1096
1095 1132
1095 1133
1095 1134
1096 1097
1096 1133
1096 1134
1096 1135
1097 1098
1097 1134
1097 1135
1097 1136
1098 1099
1098 1135
1098 1136
1098 1137
1099 1100
1099 1136
1099 1137
1099 1138
1100 1137
1100 1138
1100 1139
1101 1102
1101 1139
1101 1140
1102 1140
1103 1104
1103 1142
1104 1142
1104 1143
1105 1106
1105 1144
1105 1145
1106 1107
1106 1145
1106 1146
1107 1108
1107 1145
1107 1146
1107 1147
1108 1109
1108 1146
1108 1147
1108 1148
1109 1110
1109 1147
1109 1148
1109 1149
1110 1111
1110 1148
1110 1149
1110 1150
1111 1112
1111 1149
1111 1150
1112 1113
1112 1150
1112 1151
1113 1114
1113 1151
1114 1115
1114 1151
1115 1116
1115 1152
1116 1152
1117 1118
1117 1153
1117 1154
1118 1153
1118 1154
1120 1121
1120 1155
1120 1156
1120 1157
1121 1122
1121 1156
1121 1157
1121 1158
1122 1123
1122 1157
1122 1158
1122 1159
1123 1124
1123 1158
1123 1159
1124 1125
1124 1159
1124 1160
1125 1126
1125 1160
1125 1161
1126 1160
1126 1161
1126 1162
1127 1128
1127 1164
1127 1165
1127 1166
1128 1129
1128 1165
1128 1166
1128 1167
1129 1130
1129 1166
1129 1167
1129 1168
1130 1131
1130 1167
1130 1168
1130 1169
1131 1132
1131 1168
1131 1169
1131 1170
1132 1133
1132 1169
1132 1170
1132 1171
1133 1134
1133 1170
1133 1171
1134 1135
1134 1171
1134 1172
1135 1136
1135 1172
1135 1173
1136 1137
1136 1172
1136 1173
1136 1174
1137 1138
1137 1173
1137 1174
1138 1139
1138 1174
1138 1175
1139 1175
1139 1176
1140 1176
1140 1177
1141 1177
1141 1178
1141 1179
1142 1179
1142 1180
1142 1181
1143 1144
1143 1181
1143 1182
1144 1182
1144 1183
1145 1146
1145 1183
1145 1184
1145 1185
1146 1147
1146 1184
1146 1185
1146 1186
1147 1148
1147 1185
1147 1186
1147 1187
1148 1149
1148 1186
1148 1187
1149 1150
1149 1187
1149 1188
1150 1188
1150 1189
1151 1189
1151 1190
1151 1191
1152 1192
1152 1193
1153 1154
1153 1194
1154 1194
1155 1156
1155 1196
1155 1197
1155 1198
1156 1157
1156 1197
1156 1198
1157 1158
1157 1198
1158 1159
1159 1199
1160 1161
1160 1199
1160 1200
1160 1201
1161 1162
1161 1200
1161 1201
1161 1202
1162 1163
1162 1201
1162 1202
1162 1203
1163 1164
1163 1202
1163 1203
1164 1165
1164 1203
1164 1204
1165 1166
1165 1204
1165 1205
1166 1167
1166 1204
1166 1205
1167 1168
1167 1205
1168 1169
1168 1206
1169 1170
1169 1206
1170 1171
1170 1206
1170 1207
1171 1207
1171 1208
1172 1173
1172 1208
1172 1209
1173 1174
1173 1209
1173 1210
1174 1210
1174 1211
1175 1176
1175 1211
1175 1212
1175 1213
1176 1212
1176 1213
1176 1214
1177 1178
1177 1214
1177 1215
1177 1216
1178 1179
1178 1215
1178 1216
1178 1217
1179 1180
1179 1216
1179 1217
1180 1181
1180 1217
1180 1218
1181 1182
1181 1218
1181 1219
1182 1218
1182 1219
1182 1220
1183 1184
1183 1220
1184 1185
1185 1186
1185 1221
1186 1187
1186 1221
1186 1222
1187 1221
1187 1222
1187 1223
1188 1189
1188 1223
1189 1190
1189 1224
1190 1191
1190 1224
1190 1225
1191 1192
1191 1224
1191 1225
1192 1193
1192 1225
1192 1226
1193 1226
1194 1227
1194 1228
1195 1196
1195 1229
1195 1230
1196 1197
1196 1230
1196 1231
1197 1198
1197 1230
1197 1231
1197 1232
1198 1231
1198 1232
1198 1233
1199 1200
1199 1235
1199 1236
1200 1201
1200 1236
1200 1237
1201 1202
1201 1236
1201 1237
1201 1238
1202 1203
1202 1237
1202 1238
1202 1239
1203 1238
1203 1239
1204 1205
1204 1240
1205 1240
1206 1241
1206 1242
1206 1243
1207 1208
1207 1243
1207 1244
1208 1209
1208 1244
1208 1245
1209 1245
1209 1246
1210 1211
1210 1246
1210 1247
1210 1248
1211 1212
1211 1247
1211 1248
1211 1249
1212 1213
1212 1248
1212 1249
1212 1250
1213 1214
1213 1249
1213 1250
1213 1251
1214 1215
1214 1250
1214 1251
1214 1252
1215 1216
1215 1251
1215 1252
1215 1253
1216 1217
1216 1252
1216 1253
1217 1253
1218 1219
1219 1220
1219 1254
1220 1254
1220 1255
1221 1222
1221 1257
1221 1258
1221 1259
1222 1223
1222 1258
1222 1259
1222 1260
1223 1259
1223 1260
1223 1261
1224 1225
1224 1262
1224 1263
1225 1263
1225 1264
1226 1264
1226 1265
1227 1228
1227 1266
1227 1267
1228 1229
1228 1266
1228 1267
1228 1268
1229 1267
1229 1268
1230 1231
1230 1269
1231 1232
1231 1269
1231 1270
1232 1233
1232 1270
1232 1271
1233 1234
1233 1270
1233 1271
1233 1272
1234 1235
1234 1271
1234 1272
1234 1273
1235 1272
1235 1273
1235 1274
1236 1237
1236 1274
1236 1275
1236 1276
1237 1238
1237 1275
1237 1276
1237 1277
1238 1239
1238 1276
1238 1277
1238 1278
1239 1277
1239 1278
1239 1279
1240 1279
1240 1280
1240 1281
1241 1242
1241 1282
1241 1283
1242 1243
1242 1282
1242 1283
1242 1284
1243 1244
1243 1283
1243 1284
1243 1285
1244 1284
1244 1285
1244 1286
1245 1246
1245 1286
1245 1287
1245 1288
1246 1247
1246 1287
1246 1288
1246 1289
1247 1248
1247 1288
1247 1289
1247 1290
1248 1249
1248 1289
1248 1290
1248 1291
1249 1250
1249 1290
1249 1291
1249 1292
1250 1251
1250 1291
1250 1292
1250 1293
1251 1252
1251 1292
1251 1293
1251 1294
1252 1253
1252 1293
1252 1294
1252 1295
1253 1294
1253 1295
1253 1296
1254 1255
1254 1298
1254 1299
1254 1300
1255 1256
1255 1299
1255 1300
1255 1301
1256 1257
1256 1300
1256 1301
1256 1302
1257 1258
1257 1301
1257 1302
1257 1303
1258 1259
1258 1302
1258 1303
1258 1304
1259 1260
1259 1303
1259 1304
1259 1305
1260 1261
1260 1304
1260 1305
1261 1262
1261 1305
1261 1306
1262 1306
1262 1307
1263 1264
1263 1307
1263 1308
1263 1309
1264 1265
1264 1308
1264 1309
1264 1310
1265 1309
1265 1310
1266 1267
1266 1311
1266 1312
1267 1268
1267 1311
1267 1312
1267 1313
1268 1312
1268 1313
1269 1314
1269 1315
1270 1271
1270 1315
1270 1316
1271 1272
1271 1316
1272 1273
1272 1316
1273 1274
1273 1317
1274 1275
1274 1317
1274 1318
1275 1276
1275 1317
1275 1318
1275 1319
1276 1277
1276 1318
1276 1319
1276 1320
1277 1278
1277 1319
1277 1320
1277 1321
1278 1279
1278 1320
1278 1321
1278 1322
1279 1280
1279 1321
1279 1322
1279 1323
1280 1281
1280 1322
1280 1323
1280 1324
1281 1323
1281 1324
1281 1325
1282 1283
1282 1325
1282 1326
1282 1327
1283 1284
1283 1326
1283 1327
1283 1328
1284 1285
1284 1327
1284 1328
1284 1329
1285 1286
1285 1328
1285 1329
1286 1287
1286 1329
1287 1288
1287 1330
1288 1289
1288 1330
1289 1290
1289 1330
1289 1331
1290 1291
1290 1331
1290 1332
1291 1292
1291 1331
1291 1332
1291 1333
1292 1293
1292 1332
1292 1333
1292 1334
1293 1294
1293 1333
1293 1334
1293 1335
1294 1295
1294 1334
1294 1335
1294 1336
1295 1296
1295 1335
1295 1336
1295 1337
1296 1297
1296 1336
1296 1337
1296 1338
1297 1337
1297 1338
1297 1339
1298 1299
1298 1339
1298 1340
1299 1300
1299 1340
1299 1341
1300 1301
1300 1340
1300 1341
1300 1342
1301 1302
1301 1341
1301 1342
1301 1343
1302 1303
1302 1342
1302 1343
1302 1344
1303 1304
1303 1343
1303 1344
1303 1345
1304 1305
1304 1344
1304 1345
1304 1346
1305 1345
1305 1346
1306 1307
1306 1347
1306 1348
1307 1308
1307 1347
1307 1348
1307 1349
1308 1309
1308 1348
1308 1349
1308 1350
1309 1310
1309 1349
1309 1350
1309 1351
1310 1350
1310 1351
1311 1312
1311 1352
1311 1353
1312 1313
1312 1352
1312 1353
1312 1354
1313 1353
1313 1354
1314 1315
1314 1355
1314 1356
1315 1355
1315 1356
1315 1357
1316 1357
1316 1358
1316 1359
1317 1318
1317 1360
1318 1319
1318 1360
1318 1361
1319 1320
1319 1360
1319 1361
1320 1321
1320 1361
1320 1362
1321 1322
1321 1362
1321 1363
1322 1323
1322 1362
1322 1363
1322 1364
1323 1324
1323 1363
1323 1364
1323 1365
1324 1325
1324 1364
1324 1365
1324 1366
1325 1326
1325 1365
1325 1366
1325 1367
1326 1327
1326 1366
1326 1367
1327 1328
1327 1367
1327 1368
1328 1329
1328 1368
1328 1369
1329 1368
1329 1369
1329 1370
1330 1371
1330 1372
1331 1332
1331 1372
1331 1373
1331 1374
1332 1333
1332 1373
1332 1374
1332 1375
1333 1334
1333 1374
1333 1375
1333 1376
1334 1335
1334 1375
1334 1376
1334 1377
1335 1336
1335 1376
1335 1377
1336 1337
1336 1377
1336 1378
1337 1338
1337 1378
1337 1379
1338 1339
1338 1378
1338 1379
1338 1380
1339 1379
1339 1380
1339 1381
1340 1341
1340 1381
1341 1342
1341 1382
1342 1343
1342 1382
1342 1383
1343 1344
1343 1382
1343 1383
1343 1384
1344 1345
1344 1383
1344 1384
1344 1385
1345 1346
1345 1384
1345 1385
1345 1386
1346 1385
1346 1386
1346 1387
1347 1348
1347 1387
1347 1388
1348 1349
1348 1388
1348 1389
1349 1350
1349 1389
1349 1390
1350 1351
1350 1389
1350 1390
1350 1391
1351 1390
1351 1391
1352 1353
1352 1392
1352 1393
1353 1354
1353 1392
1353 1393
1353 1394
1354 1393
1354 1394
1354 1395
1355 1356
1355 1395
1355 1396
1355 1397
1356 1357
1356 1396
1356 1397
1356 1398
1357 1358
1357 1397
1357 1398
1357 1399
1358 1359
1358 1398
1358 1399
1358 1400
1359 1399
1359 1400
1359 1401
1360 1361
1360 1402
1360 1403
1361 1403
1361 1404
1362 1363
1362 1404
1362 1405
1362 1406
1363 1364
1363 1405
1363 1406
1363 1407
1364 1365
1364 1406
1364 1407
1364 1408
1365 1366
1365 1407
1365 1408
1366 1367
1366 1408
1366 1409
1367 1409
1367 1410
1368 1369
1368 1410
1368 1411
1368 1412
1369 1370
1369 1411
1369 1412
1369 1413
1370 1371
1370 1412
1370 1413
1370 1414
1371 1413
1371 1414
1371 1415
1372 1373
1372 1415
1372 1416
1372 1417
1373 1374
1373 1416
1373 1417
1374 1375
1374 1417
1374 1418
1375 1376
1375 1418
1375 1419
1376 1377
1376 1418
1376 1419
1376 1420
1377 1419
1377 1420
1377 1421
1378 1379
1378 1421
1378 1422
1378 1423
1379 1380
1379 1422
1379 1423
1380 1381
1380 1423
1380 1424
1381 1424
1382 1383
1382 1425
1382 1426
1382 1427
1383 1384
1383 1426
1383 1427
1383 1428
1384 1385
1384 1427
1384 1428
1384 1429
1385 1386
1385 1428
1385 1429
1386 1387
1386 1429
1386 1430
1387 1388
1387 1430
1387 1431
1388 1430
1388 1431
1388 1432
1389 1390
1389 1432
1389 1433
1390 1391
1390 1433
1390 1434
1391 1433
1391 1434
1392 1393
1392 1435
1392 1436
1393 1394
1393 1435
1393 1436
1393 1437
1394 1395
1394 1436
1394 1437
1394 1438
1395 1396
1395 1437
1395 1438
1395 1439
1396 1397
1396 1438
1396 1439
1396 1440
1397 1398
1397 1439
1397 1440
1397 1441
1398 1399
1398 1440
1398 1441
1399 1400
1399 1441
1400 1401
1400 1442
1401 1402
1401 1442
1401 1443
1402 1403
1402 1442
1402 1443
1402 1444
1403 1443
1403 1444
1403 1445
1404 1405
1404 1445
1404 1446
1405 1406
1405 1446
1405 1447
1406 1407
1406 1447
1406 1448
1407 1408
1407 1447
1407 1448
1407 1449
1408 1448
1408 1449
1408 1450
1409 1410
1409 1450
1409 1451
1409 1452
1410 1411
1410 1451
1410 1452
1410 1453
1411 1412
1411 1452
1411 1453
1411 1454
1412 1413
1412 1453
1412 1454
1412 1455
1413 1414
1413 1454
1413 1455
1413 1456
1414 1415
1414 1455
1414 1456
1414 1457
1415 1416
1415 1456
1415 1457
1415 1458
1416 1417
1416 1457
1416 1458
1416 1459
1417 1458
1417 1459
1417 1460
1418 1419
1418 1460
1418 1461
1419 1420
1419 1461
1419 1462
1420 1421
1420 1461
1420 1462
1420 1463
1421 1422
1421 1462
1421 1463
1421 1464
1422 1423
1422 1463
1422 1464
1422 1465
1423 1464
1423 1465
1423 1466
1424 1466
1424 1467
1424 1468
1425 1426
1425 1468
1425 1469
1425 1470
1426 1427
1426 1469
1426 1470
1426 1471
1427 1428
1427 1470
1427 1471
1427 1472
1428 1429
1428 1471
1428 1472
1428 1473
1429 1472
1429 1473
1429 1474
1430 1431
1430 1474
1430 1475
1431 1432
1431 1475
1431 1476
1432 1476
1433 1434
1435 1436
1435 1477
1435 1478
1436 1437
1436 1477
1436 1478
1436 1479
1437 1438
1437 1478
1437 1479
1437 1480
1438 1439
1438 1479
1438 1480
1438 1481
1439 1440
1439 1480
1439 1481
1439 1482
1440 1441
1440 1481
1440 1482
1440 1483
1441 1482
1441 1483
1441 1484
1442 1443
1442 1485
1442 1486
1443 1444
1443 1486
1443 1487
1444 1445
1444 1486
1444 1487
1444 1488
1445 1446
1445 1487
1445 1488
1445 1489
1446 1488
1446 1489
1446 1490
1447 1448
1447 1490
1447 1491
1448 1449
1448 1491
1448 1492
1449 1450
1449 1491
1449 1492
1449 1493
1450 1451
1450 1492
1450 1493
1451 1452
1451 1493
1451 1494
1452 1453
1452 1494
1453 1454
1453 1494
1454 1455
1454 1495
1455 1456
1455 1495
1455 1496
1456 1457
1456 1495
1456 1496
1456 1497
1457 1458
1457 1496
1457 1497
1458 1459
1458 1497
1459 1460
1460 1498
1461 1462
1461 1498
1461 1499
1461 1500
1462 1463
1462 1499
1462 1500
1462 1501
1463 1464
1463 1500
1463 1501
1463 1502
1464 1465
1464 1501
1464 1502
1464 1503
1465 1466
1465 1502
1465 1503
1465 1504
1466 1467
1466 1503
1466 1504
1466 1505
1467 1468
1467 1504
1467 1505
1468 1469
1468 1505
1468 1506
1469 1470
1469 1506
1469 1507
1470 1471
1470 1506
1470 1507
1470 1508
1471 1472
1471 1507
1471 1508
1471 1509
1472 1473
1472 1508
1472 1509
1472 1510
1473 1474
1473 1509
1473 1510
1473 1511
1474 1475
1474 1510
1474 1511
1474 1512
1475 1511
1475 1512
1476 1513
1476 1514
1477 1478
1477 1516
1478 1479
1478 1516
1478 1517
1479 1480
1479 1517
1479 1518
1480 1481
1480 1517
1480 1518
1480 1519
1481 1482
1481 1518
1481 1519
1481 1520
1482 1483
1482 1519
1482 1520
1483 1484
1483 1520
1483 1521
1484 1485
1484 1521
1485 1521
1485 1522
1486 1487
1486 1522
1486 1523
1486 1524
1487 1488
1487 1523
1487 1524
1487 1525
1488 1489
1488 1524
1488 1525
1488 1526
1489 1490
1489 1525
1489 1526
1489 1527
1490 1526
1490 1527
1490 1528
1491 1492
1491 1528
1491 1529
1492 1493
1492 1529
1492 1530
1493 1530
1493 1531
1494 1531
1494 1532
1495 1496
1495 1533
1495 1534
1496 1497
1496 1534
1496 1535
1497 1534
1497 1535
1497 1536
1498 1499
1498 1538
1498 1539
1498 1540
1499 1500
1499 1539
1499 1540
1499 1541
1500 1501
1500 1540
1500 1541
1500 1542
1501 1502
1501 1541
1501 1542
1501 1543
1502 1503
1502 1542
1502 1543
1502 1544
1503 1504
1503 1543
1503 1544
1503 1545
1504 1505
1504 1544
1504 1545
1504 1546
1505 1545
1505 1546
1505 1547
1506 1507
1506 1547
1506 1548
1506 1549
1507 1508
1507 1548
1507 1549
1507 1550
1508 1509
1508 1549
1508 1550
1508 1551
1509 1510
1509 1550
1509 1551
1509 1552
1510 1511
1510 1551
1510 1552
1510 1553
1511 1512
1511 1552
1511 1553
1511 1554
1512 1553
1512 1554
1512 1555
1513 1514
1513 1555
1513 1556
1513 1557
1514 1515
1514 1556
1514 1557
1514 1558
1515 1557
1515 1558
1515 1559
1516 1560
1517 1518
1517 1560
1517 1561
1517 1562
1518 1519
1518 1561
1518 1562
1518 1563
1519 1520
1519 1562
1519 1563
1519 1564
1520 1563
1520 1564
1520 1565
1521 1565
1521 1566
1521 1567
1522 1523
1522 1567
1522 1568
1522 1569
1523 1524
1523 1568
1523 1569
1523 1570
1524 1525
1524 1569
1524 1570
1525 1526
1525 1570
1525 1571
1526 1527
1526 1571
1526 1572
1527 1528
1527 1571
1527 1572
1528 1529
1528 1572
1528 1573
1529 1573
1529 1574
1530 1531
1530 1574
1530 1575
1531 1532
1531 1575
1531 1576
1532 1575
1532 1576
1532 1577
1533 1577
1533 1578
1534 1535
1534 1578
1534 1579
1534 1580
1535 1536
1535 1579
1535 1580
1535 1581
1536 1537
1536 1580
1536 1581
1537 1538
1537 1581
1537 1582
1538 1539
1538 1582
1538 1583
1539 1540
1539 1582
1539 1583
1539 1584
1540 1541
1540 1583
1540 1584
1541 1542
1541 1584
1541 1585
1542 1543
1542 1585
1542 1586
1543 1544
1543 1585
1543 1586
1543 1587
1544 1545
1544 1586
1544 1587
1544 1588
1545 1546
1545 1587
1545 1588
1545 1589
1546 1547
1546 1588
1546 1589
1546 1590
1547 1548
1547 1589
1547 1590
1547 1591
1548 1549
1548 1590
1548 1591
1548 1592
1549 1550
1549 1591
1549 1592
1549 1593
1550 1551
1550 1592
1550 1593
1551 1552
1551 1593
1551 1594
1552 1553
1552 1594
1552 1595
1553 1554
1553 1594
1553 1595
1553 1596
1554 1555
1554 1595
1554 1596
1554 1597
1555 1556
1555 1596
1555 1597
1555 1598
1556 1557
1556 1597
1556 1598
1556 1599
1557 1558
1557 1598
1557 1599
1557 1600
1558 1559
1558 1599
1558 1600
1558 1601
1559 1600
1559 1601
1560 1561
1560 1602
1560 1603
1560 1604
1561 1562
1561 1603
1561 1604
1561 1605
1562 1563
1562 1604
1562 1605
1562 1606
1563 1564
1563 1605
1563 1606
1563 1607
1564 1565
1564 1606
1564 1607
1564 1608
1565 1566
1565 1607
1565 1608
1565 1609
1566 1567
1566 1608
1566 1609
1566 1610
1567 1568
1567 1609
1567 1610
1567 1611
1568 1569
1568 1610
1568 1611
1569 1570
1569 1611
1569 1612
1570 1612
1570 1613
1571 1572
1571 1613
1571 1614
1572 1614
1572 1615
1573 1574
1573 1615
1573 1616
1573 1617
1574 1616
1574 1617
1575 1576
1575 1618
1575 1619
1576 1577
1576 1618
1576 1619
1576 1620
1577 1619
1577 1620
1577 1621
1578 1579
1578 1621
1578 1622
1578 1623
1579 1580
1579 1622
1579 1623
1579 1624
1580 1581
1580 1623
1580 1624
1580 1625
1581 1624
1581 1625
1581 1626
1582 1583
1582 1626
1582 1627
1582 1628
1583 1584
1583 1627
1583 1628
1583 1629
1584 1628
1584 1629
1584 1630
1585 1586
1585 1630
1585 1631
1585 1632
1586 1587
1586 1631
1586 1632
1586 1633
1587 1588
1587 1632
1587 1633
1587 1634
1588 1589
1588 1633
1588 1634
1588 1635
1589 1590
1589 1634
1589 1635
1589 1636
1590 1591
1590 1635
1590 1636
1591 1592
1591 1636
1592 1593
1592 1637
1593 1637
1594 1595
1594 1638
1594 1639
1595 1596
1595 1638
1595 1639
1595 1640
1596 1597
1596 1639
1596 1640
1596 1641
1597 1598
1597 1640
1597 1641
1597 1642
1598 1599
1598 1641
1598 1642
1598 1643
1599 1600
1599 1642
1599 1643
1600 1601
1600 1643
1600 1644
1601 1644
1602 1603
1602 1645
1602 1646
1603 1604
1603 1645
1603 1646
1603 1647
1604 1605
1604 1646
1604 1647
1604 1648
1605 1606
1605 1647
1605 1648
1605 1649
1606 1607
1606 1648
1606 1649
1606 1650
1607 1608
1607 1649
1607 1650
1607 1651
1608 1609
1608 1650
1608 1651
1608 1652
1609 1610
1609 1651
1609 1652
1610 1611
1610 1652
1610 1653
1611 1653
1612 1613
1612 1654
1612 1655
1613 1614
1613 1654
1613 1655
1613 1656
1614 1655
1614 1656
1614 1657
1615 1616
1615 1657
1615 1658
1615 1659
1616 1617
1616 1658
1616 1659
1616 1660
1617 1659
1617 1660
1618 1619
1618 1661
1619 1620
1619 1661
1620 1621
1620 1661
1620 1662
1621 1622
1621 1662
1621 1663
1622 1623
1622 1662
1622 1663
1622 1664
1623 1624
1623 1663
1623 1664
1623 1665
1624 1625
1624 1664
1624 1665
1624 1666
1625 1626
1625 1665
1625 1666
1625 1667
1626 1627
1626 1666
1626 1667
1626 1668
1627 1628
1627 1667
1627 1668
1627 1669
1628 1629
1628 1668
1628 1669
1629 1630
1629 1669
1629 1670
1630 1631
1630 1670
1631 1632
1631 1670
1631 1671
1632 1633
1632 1671
1633 1634
1633 1671
1634 1635
1634 1672
1635 1636
1635 1672
1636 1672
1636 1673
1637 1674
1637 1675
1638 1639
1638 1675
1638 1676
1639 1640
1639 1676
1640 1641
1640 1676
1641 1642
1641 1677
1642 1643
1642 1677
1642 1678
1643 1677
1643 1678
1643 1679
1644 1679
1644 1680
1645 1646
1645 1681
1645 1682
1646 1647
1646 1681
1646 1682
1646 1683
1647 1648
1647 1682
1647 1683
1647 1684
1648 1649
1648 1683
1648 1684
1648 1685
1649 1650
1649 1684
1649 1685
1649 1686
1650 1651
1650 1685
1650 1686
1651 1652
1651 1686
1651 1687
1652 1687
1652 1688
1653 1688
1653 1689
1653 1690
1654 1655
1654 1690
1654 1691
1654 1692
1655 1656
1655 1691
1655 1692
1655 1693
1656 1657
1656 1692
1656 1693
1656 1694
1657 1658
1657 1693
1657 1694
1657 1695
1658 1659
1658 1694
1658 1695
1658 1696
1659 1660
1659 1695
1659 1696
1659 1697
1660 1696
1660 1697
1660 1698
1661 1699
1661 1700
1661 1701
1662 1663
1662 1701
1662 1702
1662 1703
1663 1664
1663 1702
1663 1703
1663 1704
1664 1665
1664 1703
1664 1704
1664 1705
1665 1666
1665 1704
1665 1705
1665 1706
1666 1667
1666 1705
1666 1706
1666 1707
1667 1668
1667 1706
1667 1707
1668 1669
1668 1707
1668 1708
1669 1708
1669 1709
1670 1709
1670 1710
1670 1711
1671 1711
1671 1712
1672 1713
1672 1714
1672 1715
1673 1674
1673 1715
1673 1716
1674 1716
1674 1717
1675 1717
1675 1718
1676 1718
1676 1719
1676 1720
1677 1678
1677 1721
1678 1679
1678 1721
1678 1722
1679 1680
1679 1721
1679 1722
1679 1723
1680 1722
1680 1723
1681 1682
1681 1724
1681 1725
1682 1683
1682 1724
1682 1725
1682 1726
1683 1684
1683 1725
1683 1726
1683 1727
1684 1685
1684 1726
1684 1727
1685 1686
1685 1727
1685 1728
1686 1728
1687 1688
1687 1729
1687 1730
1688 1689
1688 1729
1688 1730
1688 1731
1689 1690
1689 1730
1689 1731
1689 1732
1690 1691
1690 1731
1690 1732
1690 1733
1691 1692
1691 1732
1691 1733
1692 1693
1692 1733
1692 1734
1693 1694
1693 1734
1693 1735
1694 1695
1694 1734
1694 1735
1694 1736
1695 1696
1695 1735
1695 1736
1696 1697
1696 1736
1696 1737
1697 1698
1697 1737
1697 1738
1698 1699
1698 1737
1698 1738
1698 1739
1699 1700
1699 1738
1699 1739
1699 1740
1700 1701
1700 1739
1700 1740
1700 1741
1701 1702
1701 1740
1701 1741
1701 1742
1702 1703
1702 1741
1702 1742
1703 1704
1703 1742
1703 1743
1704 1705
1704 1743
1704 1744
1705 1706
1705 1743
1705 1744
1705 1745
1706 1707
1706 1744
1706 1745
1706 1746
1707 1745
1707 1746
1707 1747
1708 1709
1708 1747
1708 1748
1708 1749
1709 1710
1709 1748
1709 1749
1709 1750
1710 1711
1710 1749
1710 1750
1710 1751
1711 1712
1711 1750
1711 1751
1711 1752
1712 1751
1712 1752
1712 1753
1713 1714
1713 1753
1713 1754
1714 1715
1714 1754
1714 1755
1715 1754
1715 1755
1716 1717
1716 1756
1717 1756
1717 1757
1718 1719
1718 1757
1718 1758
1718 1759
1719 1720
1719 1758
1719 1759
1719 1760
1720 1759
1720 1760
1720 1761
1721 1722
1721 1762
1721 1763
1721 1764
1722 1723
1722 1763
1722 1764
1722 1765
1723 1764
1723 1765
1724 1725
1724 1766
1724 1767
1725 1726
1725 1766
1725 1767
1725 1768
1726 1727
1726 1767
1726 1768
1727 1768
1727 1769
1728 1769
1728 1770
1729 1730
1729 1770
1729 1771
1730 1731
1730 1771
1731 1732
1731 1771
1731 1772
1732 1733
1732 1772
1733 1772
1734 1735
1734 1773
1734 1774
1735 1736
1735 1773
1735 1774
1735 1775
1736 1774
1736 1775
1736 1776
1737 1738
1737 1776
1737 1777
1738 1739
1738 1777
1738 1778
1739 1740
1739 1778
1739 1779
1740 1741
1740 1778
1740 1779
1740 1780
1741 1742
1741 1779
1741 1780
1742 1780
1742 1781
1743 1744
1743 1781
1743 1782
1743 1783
1744 1745
1744 1782
1744 1783
1744 1784
1745 1746
1745 1783
1745 1784
1745 1785
1746 1747
1746 1784
1746 1785
1746 1786
1747 1748
1747 1785
1747 1786
1748 1749
1748 1786
1748 1787
1749 1750
1749 1787
1749 1788
1750 1751
1750 1787
1750 1788
1750 1789
1751 1752
1751 1788
1751 1789
1751 1790
1752 1753
1752 1789
1752 1790
1752 1791
1753 1790
1753 1791
1754 1755
1754 1792
1755 1792
1755 1793
1756 1757
1756 1794
1756 1795
1756 1796
1757 1758
1757 1795
1757 1796
1757 1797
1758 1759
1758 1796
1758 1797
1759 1760
1759 1797
1759 1798
1760 1761
1760 1798
1760 1799
1761 1762
1761 1798
1761 1799
1762 1763
1762 1799
1763 1764
1763 1800
1764 1765
1764 1800
1764 1801
1765 1800
1765 1801
1766 1767
1766 1802
1767 1768
1767 1802
1767 1803
1768 1803
1768 1804
1769 1804
1769 1805
1769 1806
1770 1806
1770 1807
1770 1808
1771 1808
1771 1809
1771 1810
1772 1810
1772 1811
1772 1812
1773 1774
1773 1813
1773 1814
1773 1815
1774 1775
1774 1814
1774 1815
1775 1776
1775 1815
1775 1816
1776 1777
1776 1816
1776 1817
1777 1816
1777 1817
1777 1818
1778 1779
1778 1818
1778 1819
1778 1820
1779 1780
1779 1819
1779 1820
1779 1821
1780 1820
1780 1821
1780 1822
1781 1782
1781 1822
1781 1823
1781 1824
1782 1783
1782 1823
1782 1824
1782 1825
1783 1784
1783 1824
1783 1825
1783 1826
1784 1785
1784 1825
1784 1826
1784 1827
1785 1786
1785 1826
1785 1827
1785 1828
1786 1827
1786 1828
1786 1829
1787 1788
1787 1829
1787 1830
1788 1789
1788 1830
1789 1790
1789 1830
1789 1831
1790 1791
1790 1831
1790 1832
1791 1831
1791 1832
1791 1833
1792 1793
1792 1834
1792 1835
1792 1836
1793 1794
1793 1835
1793 1836
1793 1837
1794 1795
1794 1836
1794 1837
1794 1838
1795 1796
1795 1837
1795 1838
1796 1797
1796 1838
1796 1839
1797 1839
1797 1840
1798 1799
1798 1840
1798 1841
1798 1842
1799 1841
1799 1842
1799 1843
1800 1801
1800 1844
1801 1844
1802 1845
1803 1804
1803 1846
1804 1805
1804 1846
1805 1806
1805 1846
1805 1847
1806 1807
1806 1847
1807 1808
1807 1847
1807 1848
1808 1809
1808 1848
1809 1810
1809 1848
1809 1849
1810 1811
1810 1849
1810 1850
1811 1812
1811 1849
1811 1850
1811 1851
1812 1813
1812 1850
1812 1851
1812 1852
1813 1814
1813 1851
1813 1852
1813 1853
1814 1815
1814 1852
1814 1853
1815 1853
1815 1854
1816 1817
1816 1854
1816 1855
1817 1818
1817 1855
1817 1856
1818 1819
1818 1855
1818 1856
1818 1857
1819 1820
1819 1856
1819 1857
1820 1821
1820 1857
1820 1858
1821 1822
1821 1858
1821 1859
1822 1823
1822 1858
1822 1859
1822 1860
1823 1824
1823 1859
1823 1860
1823 1861
1824 1825
1824 1860
1824 1861
1824 1862
1825 1826
1825 1861
1825 1862
1825 1863
1826 1827
1826 1862
1826 1863
1827 1828
1827 1863
1827 1864
1828 1829
1828 1864
1828 1865
1829 1864
1829 1865
1830 1866
1830 1867
1831 1832
1831 1867
1831 1868
1832 1833
1832 1868
1833 1834
1833 1868
1833 1869
1834 1835
1834 1869
1835 1836
1835 1869
1835 1870
1836 1837
1836 1870
1836 1871
1837 1838
1837 1870
1837 1871
1838 1871
1838 1872
1839 1840
1839 1872
1839 1873
1840 1841
1840 1873
1840 1874
1841 1842
1841 1873
1841 1874
1841 1875
1842 1843
1842 1874
1842 1875
1843 1875
1843 1876
1844 1876
1844 1877
1844 1878
1845 1879
1845 1880
1846 1881
1846 1882
1847 1882
1847 1883
1847 1884
1848 1884
1848 1885
1848 1886
1849 1850
1849 1886
1849 1887
1849 1888
1850 1851
1850 1887
1850 1888
1850 1889
1851 1852
1851 1888
1851 1889
1852 1853
1852 1889
1852 1890
1853 1890
1854 1891
1855 1856
1855 1891
1855 1892
1855 1893
1856 1857
1856 1892
1856 1893
1856 1894
1857 1893
1857 1894
1858 1859
1858 1895
1858 1896
1859 1860
1859 1895
1859 1896
1859 1897
1860 1861
1860 1896
1860 1897
1860 1898
1861 1862
1861 1897
1861 1898
1862 1863
1862 1898
1863 1899
1864 1865
1864 1899
1864 1900
1864 1901
1865 1900
1865 1901
1865 1902
1866 1867
1866 1902
1866 1903
1866 1904
1867 1903
1867 1904
1868 1905
1869 1906
1869 1907
1870 1871
1870 1907
1870 1908
1870 1909
1871 1908
1871 1909
1871 1910
1872 1910
1872 1911
1872 1912
1873 1874
1873 1912
1873 1913
1873 1914
1874 1875
1874 1913
1874 1914
1874 1915
1875 1914
1875 1915
1875 1916
1876 1877
1876 1916
1876 1917
1876 1918
1877 1878
1877 1917
1877 1918
1877 1919
1878 1918
1878 1919
1879 1880
1879 1920
1879 1921
1880 1881
1880 1920
1880 1921
1880 1922
1881 1921
1881 1922
1882 1883
1882 1923
1883 1884
1883 1923
1883 1924
1884 1885
1884 1924
1884 1925
1885 1886
1885 1924
1885 1925
1885 1926
1886 1887
1886 1925
1886 1926
1886 1927
1887 1888
1887 1926
1887 1927
1888 1889
1888 1927
1888 1928
1889 1928
1889 1929
1890 1929
1890 1930
1891 1892
1891 1931
1891 1932
1891 1933
1892 1893
1892 1932
1892 1933
1892 1934
1893 1894
1893 1933
1893 1934
1893 1935
1894 1934
1894 1935
1894 1936
1895 1896
1895 1936
1895 1937
1895 1938
1896 1897
1896 1937
1896 1938
1896 1939
1897 1898
1897 1938
1897 1939
1897 1940
1898 1939
1898 1940
1898 1941
1899 1900
1899 1942
1899 1943
1899 1944
1900 1901
1900 1943
1900 1944
1901 1902
1901 1944
1901 1945
1902 1903
1902 1945
1902 1946
1903 1904
1903 1945
1903 1946
1903 1947
1904 1946
1904 1947
1904 1948
1905 1948
1905 1949
1905 1950
1906 1907
1906 1950
1906 1951
1906 1952
1907 1908
1907 1951
1907 1952
1908 1909
1908 1952
1908 1953
1909 1910
1909 1953
1909 1954
1910 1911
1910 1953
1910 1954
1910 1955
1911 1912
1911 1954
1911 1955
1912 1913
1912 1955
1912 1956
1913 1914
1913 1956
1913 1957
1914 1915
1914 1956
1914 1957
1914 1958
1915 1916
1915 1957
1915 1958
1915 1959
1916 1917
1916 1958
1916 1959
1917 1918
1917 1959
1917 1960
1918 1919
1918 1960
1919 1960
1920 1921
1920 1961
1920 1962
1921 1922
1921 1961
1921 1962
1922 1962
1922 1963
1923 1963
1923 1964
1923 1965
1924 1925
1924 1965
1924 1966
1924 1967
1925 1926
1925 1966
1925 1967
1925 1968
1926 1927
1926 1967
1926 1968
1926 1969
1927 1968
1927 1969
1927 1970
1928 1929
1928 1970
1929 1971
1930 1931
1930 1971
1930 1972
1931 1932
1931 1972
1932 1933
1932 1972
1932 1973
1933 1934
1933 1973
1933 1974
1934 1935
1934 1973
1934 1974
1934 1975
1935 1936
1935 1974
1935 1975
1936 1937
1936 1975
1937 1938
1938 1939
1938 1976
1939 1940
1939 1976
1939 1977
1940 1941
1940 1976
1940 1977
1940 1978
1941 1942
1941 1977
1941 1978
1941 1979
1942 1943
1942 1978
1942 1979
1942 1980
1943 1944
1943 1979
1943 1980
1943 1981
1944 1980
1944 1981
1945 1946
1945 1982
1945 1983
1946 1947
1946 1982
1946 1983
1946 1984
1947 1948
1947 1983
1947 1984
1947 1985
1948 1949
1948 1984
1948 1985
1948 1986
1949 1950
1949 1985
1949 1986
1949 1987
1950 1951
1950 1986
1950 1987
1950 1988
1951 1952
1951 1987
1951 1988
1951 1989
1952 1988
1952 1989
1952 1990
1953 1954
1953 1990
1953 1991
1953 1992
1954 1955
1954 1991
1954 1992
1954 1993
1955 1992
1955 1993
1955 1994
1956 1957
1956 1994
1956 1995
1957 1958
1957 1995
1957 1996
1958 1959
1958 1995
1958 1996
1958 1997
1959 1996
1959 1997
1959 1998
1960 1998
1960 1999
1961 1962
1963 1964
1964 1965
1965 1966
1966 1967
1967 1968
1968 1969
1969 1970
1973 1974
1974 1975
1976 1977
1977 1978
1978 1979
1979 1980
1980 1981
1982 1983
1983 1984
1984 1985
1985 1986
1986 1987
1987 1988
1988 1989
1989 1990
1990 1991
1991 1992
1992 1993
1993 1994
1995 1996
1996 1997
1997 1998
1998 1999
