# FromNodeId	ToNodeId
0 33
0 34
1 2
1 36
1 37
1 38
2 3
2 37
2 38
2 39
3 38
3 39
3 40
4 41
4 42
4 43
5 6
5 43
5 44
5 45
6 7
6 44
6 45
7 8
7 45
8 9
8 46
9 10
9 46
10 11
10 46
10 47
11 12
11 47
11 48
12 47
12 48
12 49
13 49
13 50
14 15
14 51
14 52
15 16
15 51
15 52
16 17
16 52
16 53
17 53
17 54
18 19
18 54
18 55
18 56
19 20
19 55
19 56
19 57
20 21
20 56
20 57
20 58
21 22
21 57
21 58
21 59
22 23
22 58
22 59
22 60
23 24
23 59
23 60
23 61
24 60
24 61
24 62
25 26
25 62
25 63
26 63
26 64
27 28
27 64
28 29
28 65
29 30
29 65
29 66
30 65
30 66
30 67
31 32
31 67
31 68
32 68
33 34
33 69
33 70
34 35
34 69
34 70
35 36
35 70
35 71
36 37
36 71
37 38
37 71
37 72
38 39
38 72
38 73
39 40
39 72
39 73
40 41
40 73
40 74
41 42
41 74
41 75
42 43
42 74
42 75
43 44
43 75
44 45
44 76
45 76
45 77
46 78
47 48
47 79
48 49
48 79
48 80
49 50
49 80
49 81
50 80
50 81
51 52
51 82
52 82
52 83
53 54
53 83
53 84
54 55
54 84
54 85
55 56
55 84
55 85
55 86
56 57
56 85
56 86
57 58
57 86
57 87
58 59
58 87
58 88
59 60
59 87
59 88
59 89
60 61
60 88
60 89
60 90
61 62
61 89
61 90
61 91
62 63
62 90
62 91
62 92
63 91
63 92
63 93
64 93
64 94
64 95
65 66
65 96
65 97
65 98
66 67
66 97
66 98
67 68
67 98
67 99
68 99
68 100
69 70
69 101
69 102
70 101
70 102
71 103
72 73
72 103
72 104
72 105
73 104
73 105
74 75
74 106
75 106
75 107
76 77
76 108
76 109
76 110
77 109
77 110
78 111
78 112
79 112
79 113
79 114
80 81
80 114
80 115
80 116
81 115
81 116
82 83
82 117
82 118
82 119
83 118
83 119
83 120
84 85
84 120
84 121
84 122
85 86
85 121
85 122
85 123
86 122
86 123
86 124
87 88
87 124
87 125
87 126
88 89
88 125
88 126
88 127
89 90
89 126
89 127
90 91
90 127
91 92
91 128
92 93
92 128
92 129
93 94
93 128
93 129
94 95
94 129
94 130
95 96
95 130
95 131
96 97
96 130
96 131
96 132
97 98
97 131
97 132
97 133
98 132
98 133
98 134
99 100
99 134
99 135
99 136
100 135
100 136
101 102
101 137
101 138
102 137
102 138
102 139
103 104
103 140
103 141
103 142
104 105
104 141
104 142
105 142
106 143
106 144
107 108
107 144
107 145
107 146
108 109
108 145
108 146
108 147
109 110
109 146
109 147
109 148
110 147
110 148
110 149
111 112
111 149
111 150
111 151
112 113
112 150
112 151
112 152
113 114
113 151
113 152
113 153
114 115
114 152
114 153
114 154
115 116
115 153
115 154
115 155
116 154
116 155
116 156
117 118
117 156
117 157
118 119
118 157
118 158
119 120
119 158
120 121
120 158
120 159
121 122
121 159
121 160
122 123
122 159
122 160
122 161
123 124
123 160
123 161
124 125
124 161
124 162
125 126
125 162
125 163
126 127
126 162
126 163
126 164
127 163
127 164
127 165
128 129
128 166
128 167
128 168
129 167
129 168
129 169
130 131
130 169
130 170
130 171
131 132
131 170
131 171
131 172
132 133
132 171
132 172
132 173
133 134
133 172
133 173
133 174
134 135
134 173
134 174
134 175
135 136
135 174
135 175
135 176
136 175
136 176
137 138
137 177
137 178
138 139
138 177
138 178
138 179
139 140
139 178
139 179
139 180
140 141
140 179
140 180
140 181
141 142
141 180
141 181
142 181
142 182
143 144
143 183
143 184
144 145
144 183
144 184
145 146
145 184
145 185
146 147
146 185
146 186
147 148
147 185
147 186
147 187
148 149
148 186
148 187
149 150
149 187
149 188
150 151
150 188
150 189
151 152
151 188
151 189
152 153
152 189
152 190
153 154
153 190
153 191
154 155
154 190
154 191
154 192
155 156
155 191
155 192
155 193
156 157
156 192
156 193
156 194
157 193
157 194
157 195
158 195
159 160
159 196
159 197
160 161
160 196
160 197
160 198
161 197
161 198
161 199
162 163
162 199
162 200
162 201
163 164
163 200
163 201
163 202
164 165
164 201
164 202
164 203
165 166
165 202
165 203
165 204
166 167
166 203
166 204
166 205
167 168
167 204
167 205
167 206
168 169
168 205
168 206
168 207
169 170
169 206
169 207
169 208
170 171
170 207
170 208
170 209
171 172
171 208
171 209
171 210
172 173
172 209
172 210
172 211
173 174
173 210
173 211
173 212
174 175
174 211
174 212
175 176
175 212
175 213
176 213
177 178
177 214
178 179
178 214
178 215
179 180
179 214
179 215
180 181
180 215
180 216
181 216
182 217
182 218
183 184
183 218
183 219
184 219
184 220
185 186
185 220
185 221
185 222
186 187
186 221
186 222
186 223
187 222
187 223
187 224
188 189
188 224
188 225
188 226
189 225
189 226
189 227
190 191
190 227
190 228
191 192
191 228
191 229
192 193
192 229
192 230
193 194
193 229
193 230
193 231
194 195
194 230
194 231
194 232
195 231
195 232
195 233
196 197
196 234
197 198
197 235
198 199
198 235
198 236
199 200
199 235
199 236
199 237
200 201
200 236
200 237
201 202
201 237
202 203
202 238
203 204
203 238
203 239
204 205
204 238
204 239
205 206
205 239
205 240
206 207
206 240
207 208
207 240
207 241
208 209
208 241
208 242
209 210
209 241
209 242
209 243
210 211
210 242
210 243
210 244
211 212
211 243
211 244
212 244
212 245
213 245
214 215
214 246
214 247
214 248
215 247
215 248
215 249
216 249
216 250
217 218
217 251
217 252
218 219
218 251
218 252
218 253
219 252
219 253
219 254
220 221
220 254
220 255
220 256
221 222
221 255
221 256
222 223
222 256
222 257
223 224
223 257
223 258
224 225
224 257
224 258
224 259
225 226
225 258
225 259
226 227
226 259
226 260
227 228
227 260
227 261
228 260
228 261
228 262
229 230
229 262
229 263
229 264
230 231
230 263
230 264
231 232
231 264
231 265
232 233
232 265
232 266
233 234
233 265
233 266
233 267
234 266
234 267
234 268
235 236
235 269
235 270
235 271
236 237
236 270
236 271
236 272
237 271
237 272
237 273
238 239
238 274
238 275
238 276
239 275
239 276
239 277
240 277
240 278
241 242
241 279
241 280
242 243
242 279
242 280
242 281
243 244
243 280
243 281
243 282
244 281
244 282
244 283
245 283
245 284
245 285
246 247
246 286
246 287
247 248
247 286
247 287
247 288
248 249
248 287
248 288
249 250
249 288
249 289
250 289
250 290
251 252
251 290
251 291
251 292
252 253
252 291
252 292
253 254
253 292
253 293
254 255
254 293
254 294
255 256
255 293
255 294
255 295
256 294
256 295
256 296
257 258
257 296
257 297
257 298
258 259
258 297
258 298
258 299
259 298
259 299
259 300
260 261
260 300
260 301
261 262
261 301
261 302
262 263
262 302
263 264
263 302
263 303
264 303
264 304
265 266
265 304
265 305
265 306
266 267
266 305
266 306
267 268
267 306
267 307
268 269
268 307
268 308
269 270
269 307
269 308
270 271
270 308
270 309
271 272
271 309
271 310
272 273
272 309
272 310
272 311
273 274
273 310
273 311
273 312
274 275
274 311
274 312
274 313
275 276
275 312
275 313
275 314
276 277
276 313
276 314
276 315
277 278
277 314
277 315
277 316
278 315
278 316
279 280
279 317
279 318
280 281
280 317
280 318
280 319
281 282
281 318
281 319
282 283
282 319
282 320
283 284
283 320
283 321
284 285
284 320
284 321
285 321
286 287
287 288
288 322
289 290
289 322
289 323
289 324
290 291
290 323
290 324
290 325
291 292
291 324
291 325
291 326
292 325
292 326
292 327
293 294
293 327
293 328
294 295
294 328
294 329
295 296
295 328
295 329
295 330
296 297
296 329
296 330
297 298
297 330
298 299
299 300
299 331
300 301
300 331
300 332
301 331
301 332
301 333
302 333
302 334
302 335
303 304
303 335
303 336
304 305
304 336
305 306
305 337
306 337
306 338
307 308
307 338
309 310
309 339
309 340
310 311
310 339
310 340
310 341
311 312
311 340
311 341
312 313
312 341
313 314
313 342
314 315
314 342
314 343
315 316
315 342
315 343
315 344
316 343
316 344
316 345
317 318
317 345
318 319
318 346
319 346
319 347
320 321
320 347
320 348
320 349
321 348
321 349
322 323
322 351
322 352
323 324
323 352
323 353
324 325
324 352
324 353
324 354
325 326
325 353
325 354
325 355
326 327
326 354
326 355
326 356
327 355
327 356
327 357
328 329
328 357
328 358
328 359
329 330
329 358
329 359
329 360
330 359
330 360
330 361
331 332
331 362
331 363
331 364
332 333
332 363
332 364
332 365
333 334
333 364
333 365
333 366
334 335
334 365
334 366
335 336
335 366
335 367
336 367
337 338
337 368
337 369
338 368
338 369
338 370
339 340
339 372
339 373
339 374
340 341
340 373
340 374
340 375
341 374
341 375
341 376
342 343
342 377
342 378
342 379
343 344
343 378
343 379
343 380
344 345
344 379
344 380
344 381
345 380
345 381
345 382
346 347
346 383
346 384
347 348
347 383
347 384
347 385
348 349
348 384
348 385
348 386
349 385
349 386
350 351
350 387
350 388
350 389
351 388
351 389
351 390
352 353
352 390
352 391
352 392
353 354
353 391
353 392
354 355
354 392
354 393
355 356
355 393
356 357
356 393
356 394
357 358
357 394
357 395
358 359
358 394
358 395
358 396
359 360
359 395
359 396
359 397
360 361
360 396
360 397
360 398
361 397
361 398
361 399
362 363
362 399
362 400
362 401
363 364
363 400
363 401
364 365
364 401
364 402
365 366
365 402
365 403
366 402
366 403
366 404
367 404
367 405
367 406
368 369
368 407
368 408
369 370
369 407
369 408
369 409
370 371
370 408
370 409
370 410
371 372
371 409
371 410
372 373
372 410
372 411
373 374
373 411
373 412
374 375
374 411
374 412
374 413
375 376
375 412
375 413
375 414
376 377
376 413
376 414
376 415
377 378
377 414
377 415
378 379
378 415
378 416
379 380
379 416
379 417
380 381
380 416
380 417
380 418
381 382
381 417
381 418
381 419
382 418
382 419
382 420
383 384
383 420
383 421
383 422
384 385
384 421
384 422
384 423
385 386
385 422
385 423
385 424
386 423
386 424
386 425
387 388
387 426
387 427
388 389
388 426
388 427
389 390
389 427
389 428
390 391
390 428
390 429
391 392
391 428
391 429
391 430
392 429
392 430
392 431
393 431
393 432
393 433
394 395
394 433
394 434
394 435
395 396
395 434
395 435
396 397
396 435
396 436
397 398
397 436
397 437
398 399
398 436
398 437
398 438
399 400
399 437
399 438
399 439
400 401
400 438
400 439
401 439
401 440
402 403
402 440
402 441
402 442
403 404
403 441
403 442
403 443
404 405
404 442
404 443
405 406
405 443
405 444
406 444
406 445
407 408
407 445
407 446
408 409
408 446
409 410
409 447
410 447
410 448
411 412
411 448
411 449
411 450
412 413
412 449
412 450
412 451
413 414
413 450
413 451
413 452
414 415
414 451
414 452
414 453
415 452
415 453
416 417
416 454
416 455
417 418
417 454
417 455
417 456
418 419
418 455
418 456
419 420
419 456
419 457
420 421
420 457
421 422
421 457
421 458
422 423
422 458
422 459
423 424
423 458
423 459
423 460
424 425
424 459
424 460
424 461
425 460
425 461
426 427
426 462
427 462
427 463
428 429
428 463
428 464
429 430
429 464
429 465
430 431
430 464
430 465
431 432
431 465
432 433
432 466
433 434
433 466
433 467
434 435
434 466
434 467
434 468
435 467
435 468
435 469
436 437
436 469
436 470
436 471
437 438
437 470
437 471
437 472
438 439
438 471
438 472
438 473
439 472
439 473
439 474
440 441
440 474
440 475
441 442
441 475
442 443
442 476
443 476
443 477
444 445
444 477
444 478
444 479
445 446
445 478
445 479
445 480
446 479
446 480
446 481
447 448
447 482
447 483
447 484
448 449
448 483
448 484
448 485
449 450
449 484
449 485
449 486
450 451
450 485
450 486
450 487
451 452
451 486
451 487
451 488
452 453
452 487
452 488
452 489
453 488
453 489
453 490
454 455
454 490
454 491
454 492
455 456
455 491
455 492
455 493
456 492
456 493
456 494
457 494
457 495
457 496
458 459
458 496
459 460
459 497
460 461
460 497
460 498
461 497
461 498
462 499
463 499
463 500
464 465
464 501
465 501
465 502
466 467
466 503
467 468
467 503
467 504
468 469
468 503
468 504
468 505
469 470
469 504
469 505
470 471
470 505
470 506
471 472
471 506
471 507
472 473
472 506
472 507
472 508
473 474
473 507
473 508
473 509
474 475
474 508
474 509
474 510
475 509
475 510
475 511
476 477
476 512
476 513
477 478
477 513
477 514
478 479
478 514
478 515
479 480
479 514
479 515
479 516
480 481
480 515
480 516
480 517
481 482
481 516
481 517
482 483
482 517
482 518
483 484
483 518
484 485
484 518
485 486
485 519
486 487
486 519
486 520
487 488
487 519
487 520
487 521
488 489
488 520
488 521
488 522
489 490
489 521
489 522
489 523
490 491
490 522
490 523
490 524
491 492
491 523
491 524
491 525
492 493
492 524
492 525
493 494
493 525
493 526
494 495
494 526
495 496
495 526
495 527
496 527
497 498
497 528
497 529
497 530
498 529
498 530
499 500
499 531
499 532
499 533
500 532
500 533
500 534
501 502
501 535
501 536
501 537
502 536
502 537
502 538
503 504
503 539
503 540
504 505
504 540
504 541
505 541
505 542
506 507
506 542
506 543
506 544
507 508
507 543
507 544
507 545
508 509
508 544
508 545
508 546
509 510
509 545
509 546
510 511
510 546
510 547
511 512
511 547
511 548
512 513
512 547
512 548
512 549
513 548
513 549
513 550
514 515
514 550
514 551
514 552
515 516
515 551
515 552
515 553
516 517
516 552
516 553
517 553
517 554
518 554
518 555
518 556
519 520
519 557
520 521
520 557
520 558
521 522
521 557
521 558
521 559
522 523
522 558
522 559
522 560
523 524
523 559
523 560
523 561
524 525
524 560
524 561
524 562
525 561
525 562
525 563
526 563
526 564
527 564
527 565
527 566
528 529
528 566
528 567
529 530
529 567
529 568
530 567
530 568
531 532
531 569
532 533
532 569
532 570
533 534
533 570
533 571
534 535
534 570
534 571
534 572
535 536
535 571
535 572
535 573
536 537
536 572
536 573
536 574
537 538
537 573
537 574
537 575
538 539
538 574
538 575
538 576
539 540
539 575
539 576
539 577
540 576
540 577
540 578
541 542
541 578
541 579
541 580
542 543
542 579
542 580
542 581
543 544
543 580
543 581
543 582
544 545
544 581
544 582
545 546
545 582
545 583
546 583
547 548
547 584
547 585
548 549
548 584
548 585
548 586
549 550
549 585
549 586
550 551
550 586
550 587
551 552
551 587
552 553
552 587
552 588
553 588
553 589
554 555
554 589
554 590
554 591
555 556
555 590
555 591
555 592
556 591
556 592
556 593
557 558
557 594
557 595
557 596
558 559
558 595
558 596
558 597
559 560
559 596
559 597
559 598
560 561
560 597
560 598
560 599
561 562
561 598
561 599
562 563
562 599
562 600
563 600
563 601
564 565
564 601
564 602
564 603
565 566
565 602
565 603
566 603
566 604
567 568
567 604
567 605
567 606
568 605
568 606
569 607
569 608
570 571
570 608
570 609
571 572
571 609
571 610
572 573
572 609
572 610
573 574
573 610
574 575
574 611
575 576
575 611
576 577
576 611
576 612
577 578
577 612
577 613
578 579
578 612
578 613
579 580
579 613
579 614
580 581
580 614
580 615
581 582
581 614
581 615
581 616
582 615
582 616
582 617
583 617
583 618
583 619
584 585
584 619
584 620
585 586
585 620
585 621
586 621
586 622
587 622
587 623
587 624
588 589
588 624
588 625
588 626
589 590
589 625
589 626
589 627
590 591
590 626
590 627
590 628
591 592
591 627
591 628
591 629
592 593
592 628
592 629
593 594
593 629
593 630
594 595
594 630
594 631
595 596
595 630
595 631
596 597
596 631
596 632
597 598
597 632
597 633
598 599
598 632
598 633
598 634
599 633
599 634
600 601
600 635
601 602
601 635
601 636
602 603
602 636
602 637
603 636
603 637
603 638
604 605
604 638
604 639
604 640
605 606
605 639
605 640
605 641
606 640
606 641
607 608
607 642
607 643
608 642
608 643
609 610
609 644
610 644
610 645
611 646
611 647
612 613
612 647
612 648
613 648
614 615
614 649
615 616
615 649
615 650
616 617
616 650
616 651
617 618
617 650
617 651
617 652
618 619
618 651
618 652
618 653
619 620
619 652
619 653
619 654
620 653
620 654
620 655
621 622
621 655
621 656
621 657
622 623
622 656
622 657
622 658
623 624
623 657
623 658
623 659
624 625
624 658
624 659
625 626
625 659
625 660
626 627
626 660
626 661
627 628
627 660
627 661
628 629
628 661
628 662
629 662
629 663
630 631
630 663
630 664
630 665
631 664
631 665
631 666
632 633
632 666
632 667
632 668
633 634
633 667
633 668
633 669
634 668
634 669
634 670
635 670
635 671
636 637
636 672
637 638
637 672
638 639
638 673
639 640
639 673
639 674
640 641
640 673
640 674
641 674
642 643
642 675
642 676
643 675
643 676
644 677
645 646
645 677
645 678
645 679
646 678
646 679
646 680
647 680
647 681
647 682
648 682
648 683
648 684
649 684
649 685
650 651
650 685
650 686
651 652
651 686
651 687
652 653
652 687
652 688
653 654
653 687
653 688
653 689
654 655
654 688
654 689
654 690
655 656
655 689
655 690
655 691
656 657
656 690
656 691
656 692
657 658
657 691
657 692
657 693
658 659
658 692
658 693
658 694
659 693
659 694
659 695
660 661
660 695
660 696
661 696
662 663
662 697
662 698
663 664
663 697
663 698
663 699
664 665
664 698
664 699
664 700
665 666
665 699
665 700
666 667
666 700
666 701
667 668
667 701
667 702
668 669
668 701
668 702
668 703
669 670
669 702
669 703
669 704
670 671
670 703
670 704
670 705
671 704
671 705
671 706
672 706
672 707
673 674
673 708
673 709
673 710
674 709
674 710
674 711
675 676
675 712
675 713
676 712
676 713
676 714
677 678
677 715
677 716
678 679
678 716
678 717
679 680
679 716
679 717
679 718
680 681
680 717
680 718
680 719
681 682
681 718
681 719
681 720
682 683
682 719
682 720
682 721
683 684
683 720
683 721
683 722
684 721
684 722
684 723
685 686
685 723
685 724
685 725
686 724
686 725
687 688
687 726
687 727
688 689
688 726
688 727
688 728
689 690
689 727
689 728
690 691
690 728
690 729
691 692
691 729
691 730
692 693
692 729
692 730
692 731
693 694
693 730
693 731
693 732
694 695
694 731
694 732
694 733
695 732
695 733
695 734
696 734
696 735
696 736
697 698
697 736
697 737
697 738
698 699
698 737
698 738
698 739
699 700
699 738
699 739
699 740
700 739
700 740
700 741
701 702
701 741
701 742
701 743
702 703
702 742
702 743
702 744
703 704
703 743
703 744
703 745
704 705
704 744
704 745
704 746
705 706
705 745
705 746
706 707
706 746
706 747
707 747
708 709
708 748
708 749
709 710
709 748
709 749
709 750
710 711
710 749
710 750
710 751
711 750
711 751
712 713
712 752
712 753
713 714
713 752
713 753
714 715
714 753
714 754
715 754
715 755
716 717
716 755
716 756
716 757
717 718
717 756
717 757
717 758
718 719
718 757
718 758
718 759
719 720
719 758
719 759
720 721
720 759
720 760
721 722
721 760
722 723
722 760
722 761
723 724
723 761
723 762
724 725
724 761
724 762
724 763
725 762
725 763
725 764
726 727
726 764
726 765
727 728
727 765
728 766
729 730
729 766
729 767
730 731
730 767
730 768
731 732
731 768
731 769
732 733
732 768
732 769
732 770
733 734
733 769
733 770
734 735
734 770
734 771
735 736
735 771
735 772
736 737
736 771
736 772
736 773
737 738
737 772
737 773
737 774
738 739
738 773
738 774
738 775
739 740
739 774
739 775
739 776
740 741
740 775
740 776
740 777
741 742
741 776
741 777
742 743
742 777
742 778
743 744
743 778
743 779
744 745
744 778
744 779
745 746
745 779
745 780
746 780
746 781
747 781
747 782
748 749
748 783
748 784
749 750
749 783
749 784
750 751
750 784
750 785
751 785
752 753
752 786
753 786
753 787
754 755
754 787
754 788
755 756
755 788
755 789
756 757
756 788
756 789
756 790
757 758
757 789
757 790
757 791
758 759
758 790
758 791
758 792
759 791
759 792
759 793
760 793
760 794
760 795
761 762
761 795
761 796
761 797
762 763
762 796
762 797
762 798
763 764
763 797
763 798
763 799
764 765
764 798
764 799
764 800
765 799
765 800
765 801
766 767
766 802
766 803
766 804
767 803
767 804
767 805
768 769
768 805
768 806
768 807
769 770
769 806
769 807
770 807
770 808
771 772
771 808
771 809
771 810
772 773
772 809
772 810
772 811
773 774
773 810
773 811
773 812
774 775
774 811
774 812
775 776
775 812
776 777
776 813
777 813
777 814
778 779
778 814
778 815
778 816
779 815
779 816
779 817
780 781
780 817
780 818
780 819
781 782
781 818
781 819
781 820
782 819
782 820
782 821
783 784
783 821
783 822
783 823
784 822
784 823
784 824
785 824
785 825
786 787
786 826
787 826
787 827
788 789
788 827
788 828
788 829
789 790
789 828
789 829
789 830
790 791
790 829
790 830
790 831
791 792
791 830
791 831
792 793
792 831
792 832
793 794
793 832
793 833
794 795
794 832
794 833
794 834
795 796
795 833
795 834
795 835
796 797
796 834
796 835
796 836
797 798
797 835
797 836
797 837
798 799
798 836
798 837
798 838
799 800
799 837
799 838
799 839
800 801
800 838
800 839
800 840
801 802
801 839
801 840
801 841
802 803
802 840
802 841
803 804
803 841
803 842
804 805
804 842
805 806
805 842
805 843
806 807
806 843
806 844
807 843
807 844
807 845
808 809
808 845
808 846
809 810
809 846
809 847
810 811
810 846
810 847
810 848
811 812
811 847
811 848
812 848
812 849
813 814
813 850
814 815
814 850
814 851
815 816
815 850
815 851
815 852
816 817
816 851
816 852
817 818
817 852
817 853
818 819
818 853
818 854
819 820
819 853
819 854
819 855
820 821
820 854
820 855
820 856
821 822
821 855
821 856
822 823
822 856
823 824
824 825
824 857
825 857
826 827
826 859
826 860
827 828
827 860
827 861
828 829
828 861
828 862
829 830
829 861
829 862
829 863
830 831
830 862
830 863
830 864
831 863
831 864
831 865
832 833
832 865
832 866
832 867
833 834
833 866
833 867
833 868
834 835
834 867
834 868
834 869
835 836
835 868
835 869
835 870
836 837
836 869
836 870
836 871
837 838
837 870
837 871
838 839
838 871
838 872
839 840
839 872
839 873
840 841
840 872
840 873
840 874
841 873
841 874
841 875
842 875
842 876
842 877
843 844
843 877
843 878
843 879
844 845
844 878
844 879
844 880
845 879
845 880
846 847
846 881
847 848
847 881
847 882
848 882
848 883
849 883
849 884
850 851
850 885
851 852
851 885
851 886
852 885
852 886
852 887
853 854
853 887
853 888
853 889
854 855
854 888
854 889
854 890
855 856
855 889
855 890
855 891
856 890
856 891
856 892
857 893
858 859
858 894
858 895
859 860
859 894
859 895
859 896
860 895
860 896
860 897
861 862
861 897
861 898
861 899
862 863
862 898
862 899
862 900
863 864
863 899
863 900
863 901
864 865
864 900
864 901
864 902
865 866
865 901
865 902
865 903
866 867
866 902
866 903
866 904
867 868
867 903
867 904
867 905
868 869
868 904
868 905
868 906
869 870
869 905
869 906
869 907
870 871
870 906
870 907
870 908
871 907
871 908
871 909
872 873
872 909
872 910
872 911
873 874
873 910
873 911
874 875
874 911
874 912
875 876
875 912
876 877
876 912
876 913
877 878
877 913
877 914
878 879
878 913
878 914
878 915
879 880
879 914
879 915
879 916
880 915
880 916
880 917
881 917
882 883
882 918
882 919
883 884
883 918
883 919
883 920
884 919
884 920
884 921
885 886
885 923
885 924
885 925
886 887
886 924
886 925
887 888
887 925
887 926
888 889
888 926
888 927
889 890
889 926
889 927
889 928
890 891
890 927
890 928
890 929
891 892
891 928
891 929
891 930
892 929
892 930
892 931
893 932
893 933
894 895
894 934
894 935
895 896
895 934
895 935
895 936
896 897
896 935
896 936
897 898
897 936
897 937
898 899
898 937
898 938
899 900
899 937
899 938
899 939
900 901
900 938
900 939
900 940
901 902
901 939
901 940
901 941
902 903
902 940
902 941
902 942
903 904
903 941
903 942
903 943
904 905
904 942
904 943
904 944
905 906
905 943
905 944
905 945
906 907
906 944
906 945
906 946
907 908
907 945
907 946
907 947
908 909
908 946
908 947
908 948
909 910
909 947
909 948
910 911
910 948
910 949
911 949
911 950
912 950
912 951
912 952
913 914
913 952
913 953
913 954
914 915
914 953
914 954
914 955
915 916
915 954
915 955
915 956
916 917
916 955
916 956
917 956
917 957
918 919
918 958
919 920
919 959
920 921
920 959
920 960
921 922
921 959
921 960
921 961
922 923
922 960
922 961
922 962
923 924
923 961
923 962
923 963
924 925
924 962
924 963
924 964
925 963
925 964
925 965
926 927
926 965
926 966
927 928
927 966
928 929
928 966
928 967
929 930
929 967
929 968
930 931
930 967
930 968
930 969
931 932
931 968
931 969
931 970
932 933
932 969
932 970
933 970
934 935
934 971
935 936
935 971
935 972
936 971
936 972
936 973
937 938
937 973
937 974
938 939
938 974
938 975
939 940
939 975
939 976
940 941
940 975
940 976
940 977
941 942
941 976
941 977
941 978
942 943
942 977
942 978
942 979
943 944
943 978
943 979
943 980
944 945
944 979
944 980
944 981
945 946
945 980
945 981
946 947
946 981
947 948
947 982
948 982
948 983
949 950
949 983
949 984
949 985
950 951
950 984
950 985
950 986
951 952
951 985
951 986
951 987
952 953
952 986
952 987
952 988
953 954
953 987
953 988
953 989
954 955
954 988
954 989
954 990
955 956
955 989
955 990
955 991
956 990
956 991
957 958
957 992
957 993
958 992
958 993
959 960
959 994
959 995
960 961
960 994
960 995
960 996
961 962
961 995
961 996
961 997
962 963
962 996
962 997
962 998
963 964
963 997
963 998
963 999
964 965
964 998
964 999
964 1000
965 999
965 1000
965 1001
966 1001
966 1002
966 1003
967 968
967 1003
967 1004
967 1005
968 969
968 1004
968 1005
968 1006
969 970
969 1005
969 1006
969 1007
970 1006
970 1007
970 1008
971 972
971 1009
971 1010
972 973
972 1010
972 1011
973 974
973 1011
973 1012
974 1011
974 1012
975 976
975 1013
976 977
976 1013
976 1014
977 978
977 1014
977 1015
978 979
978 1014
978 1015
978 1016
979 980
979 1015
979 1016
979 1017
980 981
980 1016
980 1017
980 1018
981 1017
981 1018
982 983
982 1019
982 1020
982 1021
983 984
983 1020
983 1021
983 1022
984 985
984 1021
984 1022
985 986
985 1022
986 987
986 1023
987 988
987 1023
987 1024
988 989
988 1023
988 1024
988 1025
989 990
989 1024
989 1025
990 991
990 1025
990 1026
991 1026
991 1027
992 993
992 1027
992 1028
992 1029
993 1028
993 1029
993 1030
994 995
994 1031
994 1032
995 996
995 1032
995 1033
996 997
996 1032
996 1033
996 1034
997 998
997 1033
997 1034
997 1035
998 999
998 1034
998 1035
998 1036
999 1000
999 1035
999 1036
999 1037
1000 1001
1000 1036
1000 1037
1000 1038
1001 1002
1001 1037
1001 1038
1001 1039
1002 1003
1002 1038
1002 1039
1002 1040
1003 1004
1003 1039
1003 1040
1003 1041
1004 1005
1004 1040
1004 1041
1004 1042
1005 1006
1005 1041
1005 1042
1006 1007
1006 1042
1007 1008
1007 1043
1008 1043
1009 1010
1009 1044
1010 1044
1011 1012
1011 1045
1011 1046
1012 1045
1012 1046
1012 1047
1013 1047
1013 1048
1013 1049
1014 1015
1014 1049
1014 1050
1014 1051
1015 1016
1015 1050
1015 1051
1015 1052
1016 1017
1016 1051
1016 1052
1017 1018
1017 1052
1018 1053
1019 1020
1019 1053
1019 1054
1020 1021
1020 1054
1021 1022
1021 1054
1021 1055
1022 1055
1022 1056
1023 1024
1023 1057
1023 1058
1023 1059
1024 1025
1024 1058
1024 1059
1024 1060
1025 1059
1025 1060
1025 1061
1026 1027
1026 1061
1026 1062
1027 1028
1027 1062
1027 1063
1028 1029
1028 1062
1028 1063
1028 1064
1029 1030
1029 1063
1029 1064
1030 1031
1030 1064
1031 1065
1032 1033
1032 1065
1032 1066
1032 1067
1033 1034
1033 1066
1033 1067
1033 1068
1034 1035
1034 1067
1034 1068
1034 1069
1035 1036
1035 1068
1035 1069
1035 1070
1036 1037
1036 1069
1036 1070
1036 1071
1037 1038
1037 1070
1037 1071
1038 1039
1038 1071
1038 1072
1039 1040
1039 1072
1039 1073
1040 1041
1040 1072
1040 1073
1040 1074
1041 1042
1041 1073
1041 1074
1041 1075
1042 1074
1042 1075
1042 1076
1043 1077
1044 1078
1044 1079
1044 1080
1045 1046
1045 1080
1045 1081
1046 1047
1046 1081
1046 1082
1047 1048
1047 1081
1047 1082
1047 1083
1048 1049
1048 1082
1048 1083
1048 1084
1049 1050
1049 1083
1049 1084
1049 1085
1050 1051
1050 1084
1050 1085
1050 1086
1051 1052
1051 1085
1051 1086
1051 1087
1052 1086
1052 1087
1052 1088
1053 1089
1053 1090
1053 1091
1054 1091
1054 1092
1054 1093
1055 1056
1055 1093
1055 1094
1055 1095
1056 1057
1056 1094
1056 1095
1056 1096
1057 1058
1057 1095
1057 1096
1057 1097
1058 1059
1058 1096
1058 1097
1058 1098
1059 1060
1059 1097
1059 1098
1059 1099
1060 1061
1060 1098
1060 1099
1060 1100
1061 1099
1061 1100
1061 1101
1062 1063
1062 1101
1062 1102
1063 1064
1063 1102
1063 1103
1064 1102
1064 1103
1065 1066
1065 1104
1065 1105
1065 1106
1066 1067
1066 1105
1066 1106
1067 1068
1067 1106
1067 1107
1068 1069
1068 1107
1068 1108
1069 1070
1069 1107
1069 1108
1069 1109
1070 1071
1070 1108
1070 1109
1070 1110
1071 1109
1071 1110
1071 1111
1072 1073
1072 1111
1072 1112
1073 1074
1073 1112
1073 1113
1074 1075
1074 1113
1075 1076
1075 1113
1076 1077
1077 1114
1078 1079
1078 1115
1079 1080
1079 1115
1080 1116
1081 1082
1081 1116
1081 1117
1082 1083
1082 1117
1082 1118
1083 1084
1083 1118
1083 1119
1084 1085
1084 1118
1084 1119
1084 1120
1085 1086
1085 1119
1085 1120
1085 1121
1086 1087
1086 1120
1086 1121
1086 1122
1087 1088
1087 1121
1087 1122
1087 1123
1088 1089
1088 1122
1088 1123
1088 1124
1089 1090
1089 1123
1089 1124
1089 1125
1090 1091
1090 1124
1090 1125
1090 1126
1091 1092
1091 1125
1091 1126
1092 1093
1092 1126
1092 1127
1093 1094
1093 1127
1093 1128
1094 1095
1094 1127
1094 1128
1094 1129
1095 1096
1095 1128
1095 1129
1095 1130
1096 1097
1096 1129
1096 1130
1097 1098
1097 1130
1098 1099
1098 1131
1099 1100
1099 1131
1099 1132
1100 1101
1100 1131
1100 1132
1100 1133
1101 1132
1101 1133
1101 1134
1102 1103
1102 1134
1102 1135
1102 1136
1103 1135
1103 1136
1103 1137
1104 1105
1104 1137
1104 1138
1104 1139
1105 1106
1105 1138
1105 1139
1105 1140
1106 1139
1106 1140
1106 1141
1107 1108
1107 1141
1107 1142
1107 1143
1108 1109
1108 1142
1108 1143
1109 1110
1109 1143
1109 1144
1110 1111
1110 1144
1111 1112
1111 1144
1111 1145
1112 1145
1112 1146
1113 1146
1113 1147
1114 1149
1114 1150
1115 1151
1116 1117
1116 1152
1116 1153
1116 1154
1117 1153
1117 1154
1117 1155
1118 1119
1118 1155
1118 1156
1118 1157
1119 1120
1119 1156
1119 1157
1119 1158
1120 1121
1120 1157
1120 1158
1120 1159
1121 1122
1121 1158
1121 1159
1121 1160
1122 1123
1122 1159
1122 1160
1122 1161
1123 1124
1123 1160
1123 1161
1123 1162
1124 1125
1124 1161
1124 1162
1124 1163
1125 1126
1125 1162
1125 1163
1125 1164
1126 1163
1126 1164
1127 1128
1127 1165
1127 1166
1128 1129
1128 1165
1128 1166
1128 1167
1129 1130
1129 1166
1129 1167
1130 1167
1130 1168
1131 1132
1131 1169
1131 1170
1131 1171
1132 1133
1132 1170
1132 1171
1133 1134
1133 1171
1133 1172
1134 1135
1134 1172
1134 1173
1135 1136
1135 1172
1135 1173
1135 1174
1136 1137
1136 1173
1136 1174
1136 1175
1137 1138
1137 1174
1137 1175
1137 1176
1138 1139
1138 1175
1138 1176
1138 1177
1139 1140
1139 1176
1139 1177
1139 1178
1140 1141
1140 1177
1140 1178
1140 1179
1141 1142
1141 1178
1141 1179
1141 1180
1142 1143
1142 1179
1142 1180
1143 1180
1144 1181
1145 1146
1145 1182
1145 1183
1146 1182
1146 1183
1146 1184
1147 1148
1147 1184
1147 1185
1148 1149
1148 1185
1148 1186
1149 1150
1149 1185
1149 1186
1149 1187
1150 1186
1150 1187
1151 1152
1151 1188
1151 1189
1151 1190
1152 1153
1152 1189
1152 1190
1152 1191
1153 1154
1153 1190
1153 1191
1153 1192
1154 1155
1154 1191
1154 1192
1154 1193
1155 1156
1155 1192
1155 1193
1155 1194
1156 1157
1156 1193
1156 1194
1156 1195
1157 1158
1157 1194
1157 1195
1158 1159
1158 1195
1159 1160
1159 1196
1160 1161
1160 1196
1160 1197
1161 1162
1161 1196
1161 1197
1161 1198
1162 1163
1162 1197
1162 1198
1162 1199
1163 1164
1163 1198
1163 1199
1164 1199
1164 1200
1165 1166
1165 1200
1165 1201
1166 1167
1166 1201
1167 1202
1168 1169
1168 1202
1168 1203
1169 1170
1169 1203
1170 1171
1170 1204
1171 1204
1171 1205
1172 1173
1172 1205
1172 1206
1172 1207
1173 1174
1173 1206
1173 1207
1174 1175
1174 1207
1174 1208
1175 1176
1175 1208
1175 1209
1176 1177
1176 1208
1176 1209
1176 1210
1177 1178
1177 1209
1177 1210
1178 1179
1178 1210
1178 1211
1179 1180
1179 1211
1179 1212
1180 1211
1180 1212
1181 1213
1181 1214
1181 1215
1182 1183
1182 1215
1182 1216
1182 1217
1183 1184
1183 1216
1183 1217
1183 1218
1184 1217
1184 1218
1184 1219
1185 1186
1185 1219
1185 1220
1185 1221
1186 1187
1186 1220
1186 1221
1186 1222
1187 1221
1187 1222
1188 1189
1188 1223
1189 1190
1189 1223
1189 1224
1190 1191
1190 1224
1190 1225
1191 1192
1191 1224
1191 1225
1192 1193
1192 1225
1192 1226
1193 1194
1193 1226
1193 1227
1194 1195
1194 1226
1194 1227
1194 1228
1195 1227
1195 1228
1195 1229
1196 1197
1196 1230
1196 1231
1196 1232
1197 1198
1197 1231
1197 1232
1197 1233
1198 1199
1198 1232
1198 1233
1198 1234
1199 1233
1199 1234
1199 1235
1200 1201
1200 1235
1200 1236
1200 1237
1201 1236
1201 1237
1201 1238
1202 1203
1202 1239
1202 1240
1202 1241
1203 1240
1203 1241
1203 1242
1204 1205
1204 1243
1205 1206
1205 1243
1206 1207
1206 1244
1207 1244
1207 1245
1208 1209
1208 1245
1208 1246
1208 1247
1209 1210
1209 1246
1209 1247
1210 1247
1210 1248
1211 1212
1211 1248
1211 1249
1211 1250
1212 1249
1212 1250
1212 1251
1213 1214
1213 1251
1213 1252
1213 1253
1214 1215
1214 1252
1214 1253
1214 1254
1215 1216
1215 1253
1215 1254
1215 1255
1216 1217
1216 1254
1216 1255
1217 1218
1217 1255
1217 1256
1218 1219
1218 1256
1218 1257
1219 1220
1219 1256
1219 1257
1219 1258
1220 1221
1220 1257
1220 1258
1221 1222
1221 1258
1221 1259
1222 1259
1223 1260
1223 1261
1224 1225
1224 1261
1224 1262
1224 1263
1225 1262
1225 1263
1225 1264
1226 1227
1226 1264
1226 1265
1227 1228
1227 1265
1227 1266
1228 1229
1228 1265
1228 1266
1228 1267
1229 1230
1229 1266
1229 1267
1229 1268
1230 1231
1230 1267
1230 1268
1230 1269
1231 1232
1231 1268
1231 1269
1232 1233
1232 1269
1232 1270
1233 1234
1233 1270
1233 1271
1234 1235
1234 1270
1234 1271
1234 1272
1235 1236
1235 1271
1235 1272
1236 1237
1236 1272
1236 1273
1237 1238
1237 1273
1237 1274
1238 1239
1238 1273
1238 1274
1238 1275
1239 1240
1239 1274
1239 1275
1239 1276
1240 1241
1240 1275
1240 1276
1240 1277
1241 1242
1241 1276
1241 1277
1242 1277
1242 1278
1243 1278
1243 1279
1243 1280
1244 1245
1244 1281
1244 1282
1244 1283
1245 1246
1245 1282
1245 1283
1246 1247
1246 1283
1246 1284
1247 1284
1247 1285
1248 1249
1248 1285
1248 1286
1249 1250
1249 1286
1249 1287
1250 1251
1250 1286
1250 1287
1250 1288
1251 1252
1251 1287
1251 1288
1251 1289
1252 1253
1252 1288
1252 1289
1252 1290
1253 1254
1253 1289
1253 1290
1253 1291
1254 1255
1254 1290
1254 1291
1254 1292
1255 1291
1255 1292
1255 1293
1256 1257
1256 1293
1256 1294
1256 1295
1257 1258
1257 1294
1257 1295
1257 1296
1258 1295
1258 1296
1259 1297
1260 1261
1260 1298
1261 1262
1261 1298
1261 1299
1262 1263
1262 1298
1262 1299
1262 1300
1263 1264
1263 1299
1263 1300
1264 1300
1264 1301
1265 1266
1265 1301
1265 1302
1265 1303
1266 1267
1266 1302
1266 1303
1266 1304
1267 1268
1267 1303
1267 1304
1267 1305
1268 1269
1268 1304
1268 1305
1268 1306
1269 1305
1269 1306
1269 1307
1270 1271
1270 1307
1270 1308
1270 1309
1271 1272
1271 1308
1271 1309
1271 1310
1272 1309
1272 1310
1272 1311
1273 1274
1273 1311
1274 1275
1274 1312
1275 1276
1275 1312
1275 1313
1276 1277
1276 1312
1276 1313
1276 1314
1277 1313
1277 1314
1277 1315
1278 1279
1278 1315
1278 1316
1279 1280
1279 1316
1279 1317
1280 1281
1280 1317
1280 1318
1281 1282
1281 1317
1281 1318
1281 1319
1282 1283
1282 1318
1282 1319
1282 1320
1283 1319
1283 1320
1283 1321
1284 1285
1284 1321
1285 1322
1286 1287
1286 1322
1287 1288
1287 1323
1288 1289
1288 1323
1288 1324
1289 1290
1289 1323
1289 1324
1289 1325
1290 1291
1290 1324
1290 1325
1290 1326
1291 1292
1291 1325
1291 1326
1291 1327
1292 1293
1292 1326
1292 1327
1292 1328
1293 1294
1293 1327
1293 1328
1294 1295
1294 1328
1294 1329
1295 1296
1295 1329
1295 1330
1296 1329
1296 1330
1296 1331
1297 1331
1298 1299
1298 1332
1298 1333
1299 1300
1299 1333
1299 1334
1300 1334
1300 1335
1301 1302
1301 1335
1301 1336
1301 1337
1302 1303
1302 1336
1302 1337
1302 1338
1303 1304
1303 1337
1303 1338
1303 1339
1304 1305
1304 1338
1304 1339
1304 1340
1305 1306
1305 1339
1305 1340
1305 1341
1306 1307
1306 1340
1306 1341
1306 1342
1307 1308
1307 1341
1307 1342
1308 1309
1308 1342
1309 1310
1310 1311
1310 1343
1311 1343
1311 1344
1312 1313
1312 1345
1312 1346
1312 1347
1313 1314
1313 1346
1313 1347
1313 1348
1314 1315
1314 1347
1314 1348
1315 1316
1315 1348
1315 1349
1316 1349
1316 1350
1317 1318
1317 1350
1317 1351
1317 1352
1318 1319
1318 1351
1318 1352
1318 1353
1319 1320
1319 1352
1319 1353
1319 1354
1320 1321
1320 1353
1320 1354
1320 1355
1321 1354
1321 1355
1321 1356
1322 1357
1322 1358
1323 1324
1323 1359
1323 1360
1323 1361
1324 1325
1324 1360
1324 1361
1324 1362
1325 1326
1325 1361
1325 1362
1325 1363
1326 1327
1326 1362
1326 1363
1326 1364
1327 1328
1327 1363
1327 1364
1327 1365
1328 1364
1328 1365
1328 1366
1329 1330
1329 1366
1329 1367
1330 1331
1330 1367
1330 1368
1331 1367
1331 1368
1331 1369
1332 1333
1332 1370
1333 1370
1333 1371
1334 1335
1334 1371
1334 1372
1334 1373
1335 1336
1335 1372
1335 1373
1335 1374
1336 1337
1336 1373
1336 1374
1337 1338
1337 1374
1338 1339
1338 1375
1339 1340
1339 1375
1339 1376
1340 1341
1340 1375
1340 1376
1341 1342
1341 1376
1341 1377
1342 1377
1342 1378
1343 1344
1343 1380
1343 1381
1344 1345
1344 1380
1344 1381
1345 1346
1345 1381
1345 1382
1346 1347
1346 1382
1346 1383
1347 1348
1347 1382
1347 1383
1347 1384
1348 1383
1348 1384
1348 1385
1349 1350
1349 1385
1349 1386
1349 1387
1350 1351
1350 1386
1350 1387
1350 1388
1351 1352
1351 1387
1351 1388
1351 1389
1352 1353
1352 1388
1352 1389
1352 1390
1353 1354
1353 1389
1353 1390
1353 1391
1354 1355
1354 1390
1354 1391
1354 1392
1355 1356
1355 1391
1355 1392
1356 1357
1356 1392
1356 1393
1357 1393
1357 1394
1358 1359
1358 1394
1358 1395
1358 1396
1359 1360
1359 1395
1359 1396
1359 1397
1360 1361
1360 1396
1360 1397
1360 1398
1361 1362
1361 1397
1361 1398
1362 1363
1362 1398
1363 1364
1363 1399
1364 1365
1364 1399
1364 1400
1365 1366
1365 1399
1365 1400
1365 1401
1366 1400
1366 1401
1366 1402
1367 1368
1367 1402
1367 1403
1367 1404
1368 1369
1368 1403
1368 1404
1368 1405
1369 1404
1369 1405
1370 1371
1370 1406
1370 1407
1371 1372
1371 1406
1371 1407
1371 1408
1372 1373
1372 1407
1372 1408
1372 1409
1373 1374
1373 1408
1373 1409
1373 1410
1374 1409
1374 1410
1375 1376
1375 1411
1375 1412
1375 1413
1376 1412
1376 1413
1376 1414
1377 1378
1377 1414
1377 1415
1377 1416
1378 1379
1378 1415
1378 1416
1378 1417
1379 1416
1379 1417
1379 1418
1380 1381
1380 1418
1380 1419
1381 1419
1382 1383
1382 1420
1383 1384
1383 1420
1383 1421
1384 1385
1384 1420
1384 1421
1384 1422
1385 1386
1385 1421
1385 1422
1385 1423
1386 1387
1386 1422
1386 1423
1387 1388
1387 1423
1387 1424
1388 1389
1388 1424
1388 1425
1389 1390
1389 1424
1389 1425
1389 1426
1390 1391
1390 1425
1390 1426
1390 1427
1391 1392
1391 1426
1391 1427
1391 1428
1392 1427
1392 1428
1393 1394
1393 1429
1393 1430
1394 1395
1394 1429
1394 1430
1394 1431
1395 1396
1395 1430
1395 1431
1395 1432
1396 1397
1396 1431
1396 1432
1396 1433
1397 1398
1397 1432
1397 1433
1397 1434
1398 1433
1398 1434
1398 1435
1399 1400
1399 1436
1400 1401
1400 1436
1400 1437
1401 1402
1401 1436
1401 1437
1402 1403
1402 1437
1403 1404
1403 1438
1404 1405
1404 1438
1404 1439
1405 1438
1405 1439
1406 1407
1406 1440
1406 1441
1406 1442
1407 1408
1407 1441
1407 1442
1408 1409
1408 1442
1408 1443
1409 1410
1409 1443
1409 1444
1410 1443
1410 1444
1410 1445
1411 1412
1411 1445
1411 1446
1411 1447
1412 1413
1412 1446
1412 1447
1413 1414
1413 1447
1413 1448
1414 1415
1414 1448
1414 1449
1415 1416
1415 1448
1415 1449
1416 1417
1416 1449
1416 1450
1417 1418
1417 1450
1417 1451
1418 1419
1418 1450
1418 1451
1418 1452
1419 1451
1419 1452
1419 1453
1420 1421
1420 1455
1420 1456
1421 1422
1421 1456
1421 1457
1422 1423
1422 1456
1422 1457
1422 1458
1423 1457
1423 1458
1423 1459
1424 1425
1424 1459
1424 1460
1424 1461
1425 1426
1425 1460
1425 1461
1426 1427
1426 1461
1426 1462
1427 1428
1427 1462
1427 1463
1428 1462
1428 1463
1429 1430
1429 1464
1429 1465
1430 1431
1430 1464
1430 1465
1430 1466
1431 1432
1431 1465
1431 1466
1431 1467
1432 1433
1432 1466
1432 1467
1432 1468
1433 1434
1433 1467
1433 1468
1434 1435
1434 1468
1434 1469
1435 1469
1435 1470
1436 1437
1436 1471
1436 1472
1436 1473
1437 1472
1437 1473
1438 1439
1438 1474
1438 1475
1438 1476
1439 1475
1439 1476
1440 1441
1440 1477
1440 1478
1441 1442
1441 1477
1441 1478
1441 1479
1442 1478
1442 1479
1443 1444
1443 1480
1443 1481
1444 1445
1444 1480
1444 1481
1444 1482
1445 1446
1445 1481
1445 1482
1445 1483
1446 1447
1446 1482
1446 1483
1446 1484
1447 1483
1447 1484
1447 1485
1448 1449
1448 1485
1449 1486
1450 1451
1450 1486
1450 1487
1451 1452
1451 1487
1451 1488
1452 1453
1452 1488
1452 1489
1453 1454
1453 1488
1453 1489
1453 1490
1454 1455
1454 1489
1454 1490
1454 1491
1455 1490
1455 1491
1455 1492
1456 1457
1456 1492
1456 1493
1456 1494
1457 1458
1457 1493
1457 1494
1457 1495
1458 1459
1458 1494
1458 1495
1458 1496
1459 1460
1459 1495
1459 1496
1459 1497
1460 1461
1460 1496
1460 1497
1460 1498
1461 1497
1461 1498
1461 1499
1462 1463
1462 1499
1463 1500
1464 1465
1464 1500
1464 1501
1464 1502
1465 1466
1465 1501
1465 1502
1465 1503
1466 1467
1466 1502
1466 1503
1466 1504
1467 1468
1467 1503
1467 1504
1467 1505
1468 1504
1468 1505
1468 1506
1469 1470
1469 1506
1469 1507
1469 1508
1470 1471
1470 1507
1470 1508
1470 1509
1471 1472
1471 1508
1471 1509
1472 1473
1472 1509
1472 1510
1473 1510
1473 1511
1474 1475
1474 1511
1474 1512
1474 1513
1475 1476
1475 1512
1475 1513
1475 1514
1476 1513
1476 1514
1477 1478
1477 1515
1477 1516
1478 1479
1478 1515
1478 1516
1478 1517
1479 1516
1479 1517
1479 1518
1480 1481
1480 1518
1480 1519
1480 1520
1481 1482
1481 1519
1481 1520
1481 1521
1482 1483
1482 1520
1482 1521
1483 1484
1483 1521
1484 1485
1484 1522
1485 1522
1486 1487
1486 1523
1486 1524
1486 1525
1487 1524
1487 1525
1488 1489
1488 1526
1488 1527
1489 1490
1489 1526
1489 1527
1489 1528
1490 1491
1490 1527
1490 1528
1491 1492
1491 1528
1492 1493
1493 1494
1493 1529
1494 1495
1494 1529
1495 1496
1495 1529
1495 1530
1496 1497
1496 1530
1496 1531
1497 1498
1497 1530
1497 1531
1498 1499
1498 1531
1498 1532
1499 1532
1499 1533
1500 1501
1500 1534
1500 1535
1500 1536
1501 1502
1501 1535
1501 1536
1501 1537
1502 1503
1502 1536
1502 1537
1503 1504
1503 1537
1503 1538
1504 1505
1504 1538
1504 1539
1505 1506
1505 1538
1505 1539
1506 1507
1506 1539
1506 1540
1507 1508
1507 1540
1508 1509
1508 1540
1508 1541
1509 1541
1510 1511
1510 1542
1510 1543
1511 1512
1511 1542
1511 1543
1511 1544
1512 1513
1512 1543
1512 1544
1512 1545
1513 1514
1513 1544
1513 1545
1513 1546
1514 1545
1514 1546
1515 1516
1515 1547
1515 1548
1516 1517
1516 1547
1516 1548
1516 1549
1517 1518
1517 1548
1517 1549
1517 1550
1518 1519
1518 1549
1518 1550
1518 1551
1519 1520
1519 1550
1519 1551
1519 1552
1520 1521
1520 1551
1520 1552
1520 1553
1521 1552
1521 1553
1521 1554
1522 1555
1522 1556
1522 1557
1523 1524
1523 1557
1523 1558
1523 1559
1524 1525
1524 1558
1524 1559
1524 1560
1525 1559
1525 1560
1525 1561
1526 1527
1526 1561
1526 1562
1526 1563
1527 1528
1527 1562
1527 1563
1528 1563
1528 1564
1529 1565
1529 1566
1530 1531
1530 1566
1530 1567
1530 1568
1531 1567
1531 1568
1531 1569
1532 1533
1532 1569
1532 1570
1532 1571
1533 1534
1533 1570
1533 1571
1533 1572
1534 1535
1534 1571
1534 1572
1534 1573
1535 1536
1535 1572
1535 1573
1535 1574
1536 1537
1536 1573
1536 1574
1536 1575
1537 1574
1537 1575
1537 1576
1538 1539
1538 1576
1538 1577
1538 1578
1539 1577
1539 1578
1539 1579
1540 1579
1540 1580
1541 1581
1542 1543
1542 1582
1543 1544
1543 1582
1543 1583
1544 1545
1544 1583
1544 1584
1545 1546
1545 1583
1545 1584
1546 1584
1547 1548
1547 1585
1548 1549
1548 1585
1548 1586
1549 1550
1549 1586
1550 1551
1550 1586
1550 1587
1551 1552
1551 1587
1551 1588
1552 1553
1552 1587
1552 1588
1553 1554
1553 1588
1553 1589
1554 1555
1554 1589
1554 1590
1555 1556
1555 1589
1555 1590
1555 1591
1556 1557
1556 1590
1556 1591
1556 1592
1557 1558
1557 1591
1557 1592
1557 1593
1558 1559
1558 1592
1558 1593
1558 1594
1559 1560
1559 1593
1559 1594
1559 1595
1560 1561
1560 1594
1560 1595
1560 1596
1561 1562
1561 1595
1561 1596
1561 1597
1562 1563
1562 1596
1562 1597
1563 1597
1563 1598
1564 1598
1565 1566
1565 1599
1565 1600
1566 1567
1566 1600
1566 1601
1567 1568
1567 1600
1567 1601
1567 1602
1568 1569
1568 1601
1568 1602
1568 1603
1569 1570
1569 1602
1569 1603
1569 1604
1570 1571
1570 1603
1570 1604
1570 1605
1571 1572
1571 1604
1571 1605
1571 1606
1572 1573
1572 1605
1572 1606
1572 1607
1573 1574
1573 1606
1573 1607
1573 1608
1574 1575
1574 1607
1574 1608
1574 1609
1575 1576
1575 1608
1575 1609
1575 1610
1576 1577
1576 1609
1576 1610
1576 1611
1577 1578
1577 1610
1577 1611
1577 1612
1578 1579
1578 1611
1578 1612
1578 1613
1579 1580
1579 1612
1579 1613
1579 1614
1580 1613
1580 1614
1580 1615
1581 1615
1581 1616
1582 1617
1583 1584
1583 1618
1583 1619
1584 1618
1584 1619
1587 1588
1589 1590
1590 1591
1591 1592
1592 1593
1593 1594
1594 1595
1595 1596
1596 1597
1600 1601
1601 1602
1602 1603
1603 1604
1604 1605
1605 1606
1606 1607
1607 1608
1608 1609
1609 1610
1610 1611
1611 1612
1612 1613
1613 1614
1614 1615
1615 1616
1618 1619
