# FromNodeId	ToNodeId
0 1
0 27
0 28
1 27
1 28
1 29
2 29
2 30
2 31
3 4
3 31
3 32
4 32
4 33
5 6
5 33
5 34
5 35
6 7
6 34
6 35
6 36
7 8
7 35
7 36
7 37
8 36
8 37
8 38
9 10
9 38
9 39
9 40
10 39
10 40
10 41
11 12
11 41
11 42
11 43
12 13
12 42
12 43
12 44
13 14
13 43
13 44
13 45
14 15
14 44
14 45
14 46
15 16
15 45
15 46
15 47
16 17
16 46
16 47
16 48
17 47
17 48
17 49
18 19
18 49
18 50
19 50
19 51
20 21
20 51
20 52
20 53
21 22
21 52
21 53
21 54
22 53
22 54
23 24
23 55
24 25
24 55
24 56
25 26
25 56
25 57
26 56
26 57
27 28
27 58
27 59
28 29
28 58
28 59
29 30
29 59
29 60
30 31
30 60
30 61
31 32
31 60
31 61
31 62
32 61
32 62
32 63
33 34
33 63
33 64
34 35
34 64
34 65
35 36
35 65
36 37
36 65
36 66
37 38
37 66
37 67
38 39
38 66
38 67
38 68
39 40
39 67
39 68
39 69
40 41
40 68
40 69
40 70
41 42
41 69
41 70
41 71
42 43
42 70
42 71
42 72
43 44
43 71
43 72
43 73
44 45
44 72
44 73
44 74
45 46
45 73
45 74
45 75
46 47
46 74
46 75
46 76
47 48
47 75
47 76
47 77
48 49
48 76
48 77
49 77
50 51
50 78
50 79
51 52
51 78
51 79
51 80
52 53
52 79
52 80
52 81
53 54
53 80
53 81
53 82
54 81
54 82
54 83
55 83
55 84
55 85
56 57
56 85
56 86
57 86
58 59
58 87
59 87
59 88
60 61
60 88
60 89
61 62
61 89
61 90
62 63
62 90
62 91
63 64
63 90
63 91
63 92
64 91
64 92
64 93
65 93
65 94
65 95
66 67
66 95
66 96
66 97
67 68
67 96
67 97
67 98
68 69
68 97
68 98
68 99
69 70
69 98
69 99
70 71
70 99
71 72
71 100
72 73
72 100
72 101
73 74
73 100
73 101
73 102
74 75
74 101
74 102
74 103
75 76
75 102
75 103
75 104
76 77
76 103
76 104
77 104
77 105
78 79
78 106
78 107
79 80
79 107
79 108
80 81
80 108
80 109
81 82
81 108
81 109
81 110
82 83
82 109
82 110
82 111
83 84
83 110
83 111
83 112
84 85
84 111
84 112
84 113
85 86
85 112
85 113
85 114
86 113
86 114
86 115
87 116
87 117
88 89
88 117
88 118
88 119
89 118
89 119
89 120
90 91
90 120
90 121
90 122
91 92
91 121
91 122
92 93
92 122
93 94
94 95
94 123
95 96
95 123
96 97
96 123
96 124
97 98
97 124
97 125
98 99
98 124
98 125
98 126
99 125
99 126
99 127
100 101
100 128
100 129
100 130
101 102
101 129
101 130
101 131
102 103
102 130
102 131
102 132
103 104
103 131
103 132
103 133
104 132
104 133
104 134
105 106
105 134
105 135
106 107
106 135
107 136
108 109
108 136
108 137
108 138
109 110
109 137
109 138
110 111
110 138
110 139
111 112
111 139
111 140
112 113
112 139
112 140
112 141
113 114
113 140
113 141
113 142
114 115
114 141
114 142
115 142
116 117
116 143
117 118
117 143
117 144
118 119
118 143
118 144
119 120
119 144
119 145
120 121
120 145
120 146
121 122
121 145
121 146
121 147
122 146
122 147
123 149
123 150
124 125
124 150
124 151
125 126
125 151
125 152
126 127
126 152
126 153
127 128
127 152
127 153
127 154
128 129
128 153
128 154
128 155
129 130
129 154
129 155
129 156
130 131
130 155
130 156
130 157
131 132
131 156
131 157
131 158
132 133
132 157
132 158
133 134
133 158
133 159
134 135
134 159
134 160
135 159
135 160
135 161
136 137
136 162
136 163
137 138
137 162
137 163
138 163
138 164
139 140
139 164
139 165
140 141
140 165
141 142
141 166
142 166
143 144
143 167
143 168
144 167
144 168
145 146
145 169
145 170
146 147
146 169
146 170
147 170
147 171
148 149
148 171
150 151
150 172
151 172
151 173
152 153
152 173
152 174
153 154
153 174
153 175
154 155
154 174
154 175
154 176
155 156
155 175
155 176
155 177
156 157
156 176
156 177
156 178
157 158
157 177
157 178
158 178
158 179
159 160
159 179
159 180
159 181
160 161
160 180
160 181
160 182
161 181
161 182
161 183
162 163
162 183
162 184
163 184
163 185
164 165
164 185
164 186
164 187
165 186
165 187
165 188
166 189
166 190
166 191
167 168
167 192
167 193
168 192
168 193
168 194
169 170
169 194
169 195
170 195
170 196
171 196
171 197
171 198
172 200
172 201
173 201
173 202
174 175
174 203
174 204
175 176
175 203
175 204
176 177
176 204
176 205
177 178
177 205
177 206
178 205
178 206
178 207
179 180
179 207
179 208
179 209
180 181
180 208
180 209
180 210
181 182
181 209
181 210
182 183
182 210
182 211
183 211
184 185
185 186
185 212
186 187
186 212
186 213
187 188
187 212
187 213
187 214
188 189
188 213
188 214
188 215
189 190
189 214
189 215
189 216
190 191
190 215
190 216
190 217
191 216
191 217
192 193
192 218
193 194
193 218
193 219
194 219
194 220
195 196
195 220
195 221
195 222
196 197
196 221
196 222
196 223
197 198
197 222
197 223
197 224
198 199
198 223
198 224
198 225
199 224
199 225
200 201
200 226
201 202
201 226
201 227
202 226
202 227
202 228
203 204
203 228
203 229
203 230
204 229
204 230
204 231
205 206
205 231
205 232
205 233
206 207
206 232
206 233
207 208
207 233
208 209
208 234
209 210
209 234
209 235
210 234
210 235
211 236
212 213
212 237
212 238
212 239
213 214
213 238
213 239
214 215
214 239
214 240
215 216
215 240
215 241
216 217
216 240
216 241
216 242
217 241
217 242
218 243
218 244
218 245
219 220
219 245
219 246
219 247
220 221
220 246
220 247
220 248
221 222
221 247
221 248
221 249
222 223
222 248
222 249
222 250
223 224
223 249
223 250
223 251
224 225
224 250
224 251
225 251
225 252
226 227
226 253
226 254
226 255
227 228
227 254
227 255
227 256
228 229
228 255
228 256
229 230
229 256
229 257
230 231
230 257
230 258
231 232
231 257
231 258
231 259
232 233
232 258
232 259
232 260
233 259
233 260
233 261
234 235
234 262
234 263
235 262
235 263
235 264
236 265
236 266
237 238
237 266
237 267
238 239
238 267
238 268
239 268
239 269
240 241
240 269
240 270
240 271
241 242
241 270
241 271
241 272
242 271
242 272
243 244
243 273
243 274
244 245
244 273
244 274
245 246
245 274
245 275
246 247
246 275
246 276
247 248
247 275
247 276
247 277
248 249
248 276
248 277
248 278
249 250
249 277
249 278
250 251
250 278
250 279
251 279
251 280
252 253
252 280
252 281
253 254
253 281
253 282
254 255
254 281
254 282
254 283
255 256
255 282
255 283
255 284
256 283
256 284
256 285
257 258
257 285
258 259
259 260
259 286
260 261
260 286
260 287
261 286
261 287
261 288
262 263
262 288
262 289
262 290
263 264
263 289
263 290
264 265
264 290
265 291
266 267
266 291
266 292
267 292
267 293
268 269
268 293
268 294
269 270
269 294
270 271
270 294
271 272
271 295
272 295
273 274
273 296
273 297
274 296
274 297
274 298
275 276
275 298
275 299
275 300
276 277
276 299
276 300
276 301
277 278
277 300
277 301
278 301
278 302
279 280
279 302
279 303
279 304
280 303
280 304
280 305
281 282
281 305
281 306
281 307
282 283
282 306
282 307
283 284
283 307
283 308
284 285
284 308
284 309
285 308
285 309
285 310
286 287
286 312
286 313
286 314
287 288
287 313
287 314
287 315
288 289
288 314
288 315
289 290
289 315
289 316
290 316
290 317
291 318
291 319
292 293
292 319
292 320
292 321
293 320
293 321
294 322
295 323
295 324
296 297
296 325
296 326
297 298
297 325
297 326
297 327
298 299
298 326
298 327
298 328
299 300
299 327
299 328
300 301
300 328
300 329
301 329
302 303
302 330
303 304
303 330
303 331
304 305
304 330
304 331
304 332
305 306
305 331
305 332
305 333
306 307
306 332
306 333
306 334
307 333
307 334
308 309
308 335
309 310
309 335
310 311
310 336
311 312
311 336
311 337
312 313
312 336
312 337
312 338
313 314
313 337
313 338
314 315
314 338
314 339
315 339
315 340
316 317
316 340
316 341
316 342
317 341
317 342
317 343
318 319
318 343
318 344
319 320
319 344
319 345
320 321
320 345
320 346
321 345
321 346
322 323
322 347
322 348
322 349
323 324
323 348
323 349
323 350
324 349
324 350
325 326
325 351
325 352
326 327
326 351
326 352
326 353
327 328
327 352
327 353
327 354
328 353
328 354
329 355
329 356
330 331
330 357
330 358
331 332
331 358
332 333
332 358
332 359
333 334
333 359
333 360
334 359
334 360
334 361
335 361
335 362
335 363
336 337
336 364
336 365
337 338
337 365
338 365
339 340
339 366
339 367
340 341
340 366
340 367
340 368
341 342
341 367
341 368
341 369
342 343
342 368
342 369
343 344
343 369
343 370
344 370
345 346
345 371
346 371
346 372
347 348
347 372
347 373
347 374
348 349
348 373
348 374
348 375
349 350
349 374
349 375
349 376
350 375
350 376
351 352
351 377
351 378
352 353
352 377
352 378
352 379
353 354
353 378
353 379
353 380
354 379
354 380
355 356
355 381
355 382
356 357
356 381
356 382
357 382
358 383
359 360
359 384
360 361
360 384
360 385
361 362
361 384
361 385
361 386
362 363
362 385
362 386
362 387
363 364
363 386
363 387
363 388
364 387
364 388
364 389
365 389
365 390
365 391
366 367
366 392
366 393
367 368
367 392
367 393
368 369
368 393
368 394
369 394
369 395
370 395
370 396
370 397
371 397
371 398
372 373
372 398
372 399
373 374
373 399
373 400
374 375
374 399
374 400
374 401
375 376
375 400
375 401
375 402
376 401
376 402
377 378
377 403
377 404
378 379
378 403
378 404
378 405
379 380
379 404
379 405
379 406
380 405
380 406
380 407
381 382
381 407
381 408
381 409
382 408
382 409
382 410
383 411
383 412
383 413
384 385
384 414
384 415
384 416
385 386
385 415
385 416
385 417
386 387
386 416
386 417
386 418
387 388
387 417
387 418
387 419
388 389
388 418
388 419
388 420
389 390
389 419
389 420
389 421
390 391
390 420
390 421
390 422
391 421
391 422
391 423
392 393
392 423
392 424
392 425
393 424
393 425
393 426
394 395
394 426
394 427
394 428
395 396
395 427
395 428
395 429
396 397
396 428
396 429
396 430
397 429
397 430
397 431
398 431
398 432
399 400
399 432
399 433
399 434
400 401
400 433
400 434
400 435
401 402
401 434
401 435
401 436
402 435
402 436
403 404
403 437
403 438
404 405
404 437
404 438
404 439
405 406
405 438
405 439
405 440
406 407
406 439
406 440
406 441
407 408
407 440
407 441
407 442
408 409
408 441
408 442
408 443
409 410
409 442
409 443
409 444
410 411
410 443
410 444
410 445
411 412
411 444
411 445
411 446
412 413
412 445
412 446
412 447
413 414
413 446
413 447
414 415
414 447
414 448
415 416
415 448
415 449
416 417
416 448
416 449
416 450
417 418
417 449
417 450
418 419
418 450
418 451
419 420
419 451
419 452
420 421
420 451
420 452
421 422
421 452
421 453
422 423
422 453
422 454
423 424
423 453
423 454
423 455
424 425
424 454
424 455
424 456
425 426
425 455
425 456
425 457
426 427
426 456
426 457
427 428
427 457
427 458
428 429
428 458
428 459
429 430
429 458
429 459
430 431
430 459
430 460
431 460
431 461
432 433
432 461
432 462
432 463
433 434
433 462
433 463
433 464
434 435
434 463
434 464
434 465
435 436
435 464
435 465
435 466
436 465
436 466
437 438
437 467
437 468
438 439
438 467
438 468
438 469
439 440
439 468
439 469
439 470
440 441
440 469
440 470
440 471
441 442
441 470
441 471
441 472
442 443
442 471
442 472
443 444
443 472
443 473
444 445
444 473
444 474
445 446
445 473
445 474
445 475
446 447
446 474
446 475
446 476
447 475
447 476
448 449
448 477
448 478
449 450
449 477
449 478
449 479
450 478
450 479
450 480
451 452
451 480
451 481
452 481
452 482
453 454
453 482
453 483
453 484
454 455
454 483
454 484
454 485
455 456
455 484
455 485
455 486
456 457
456 485
456 486
456 487
457 486
457 487
457 488
458 459
458 488
458 489
458 490
459 489
459 490
460 461
460 491
460 492
461 462
461 491
461 492
461 493
462 463
462 492
462 493
463 464
463 493
464 465
464 494
465 466
465 494
465 495
466 494
466 495
467 468
467 496
467 497
468 469
468 496
468 497
468 498
469 470
469 497
469 498
469 499
470 471
470 498
470 499
471 472
471 499
471 500
472 500
472 501
473 474
473 501
473 502
473 503
474 475
474 502
474 503
474 504
475 476
475 503
475 504
475 505
476 504
476 505
476 506
477 478
477 506
477 507
477 508
478 479
478 507
478 508
478 509
479 480
479 508
479 509
479 510
480 481
480 509
480 510
480 511
481 510
481 511
481 512
482 483
482 512
483 484
483 513
484 485
484 513
484 514
485 486
485 513
485 514
486 487
486 514
486 515
487 488
487 515
487 516
488 489
488 515
488 516
488 517
489 490
489 516
489 517
489 518
490 517
490 518
490 519
491 492
491 519
491 520
491 521
492 493
492 520
492 521
493 521
493 522
494 495
494 523
494 524
494 525
495 524
495 525
496 497
496 526
496 527
497 498
497 526
497 527
497 528
498 499
498 527
498 528
498 529
499 528
499 529
499 530
500 501
500 530
500 531
500 532
501 502
501 531
501 532
501 533
502 503
502 532
502 533
502 534
503 504
503 533
503 534
503 535
504 505
504 534
504 535
505 506
505 535
506 507
506 536
507 508
507 536
507 537
508 509
508 536
508 537
508 538
509 510
509 537
509 538
509 539
510 511
510 538
510 539
511 512
511 539
512 540
513 514
513 541
513 542
514 542
514 543
515 516
515 543
515 544
516 517
516 544
516 545
517 518
517 545
517 546
518 519
518 545
518 546
518 547
519 520
519 546
519 547
519 548
520 521
520 547
520 548
520 549
521 548
521 549
521 550
522 523
522 550
522 551
522 552
523 524
523 551
523 552
523 553
524 525
524 552
524 553
524 554
525 553
525 554
526 527
526 555
526 556
527 528
527 555
527 556
528 529
528 556
528 557
529 530
529 557
529 558
530 531
530 557
530 558
530 559
531 532
531 558
531 559
531 560
532 533
532 559
532 560
532 561
533 534
533 560
533 561
533 562
534 535
534 561
534 562
534 563
535 562
535 563
535 564
536 537
536 565
536 566
537 538
537 565
537 566
537 567
538 539
538 566
538 567
539 567
539 568
540 541
540 569
540 570
540 571
541 570
541 571
541 572
542 543
542 572
542 573
542 574
543 544
543 573
543 574
544 574
544 575
545 546
545 575
545 576
545 577
546 547
546 576
546 577
546 578
547 548
547 577
547 578
547 579
548 549
548 578
548 579
549 550
549 579
549 580
550 551
550 580
551 552
551 580
551 581
552 553
552 581
552 582
553 554
553 581
553 582
553 583
554 582
554 583
555 556
555 584
555 585
556 584
556 585
556 586
557 558
557 586
557 587
557 588
558 559
558 587
558 588
558 589
559 560
559 588
559 589
560 561
560 589
560 590
561 562
561 590
561 591
562 563
562 590
562 591
562 592
563 564
563 591
563 592
563 593
564 592
564 593
564 594
565 566
565 594
565 595
565 596
566 567
566 595
566 596
566 597
567 596
567 597
567 598
568 569
568 598
568 599
568 600
569 570
569 599
569 600
570 571
570 600
570 601
571 572
571 601
571 602
572 573
572 601
572 602
572 603
573 574
573 602
573 603
573 604
574 603
574 604
574 605
575 576
575 605
575 606
575 607
576 577
576 606
576 607
576 608
577 578
577 607
577 608
577 609
578 579
578 608
578 609
579 609
579 610
580 610
580 611
581 582
581 612
581 613
582 583
582 612
582 613
582 614
583 613
583 614
584 585
584 615
584 616
585 586
585 615
585 616
586 587
586 616
586 617
587 588
587 617
587 618
588 589
588 617
588 618
588 619
589 618
589 619
589 620
590 591
590 620
590 621
590 622
591 592
591 621
591 622
591 623
592 593
592 622
592 623
592 624
593 594
593 623
593 624
593 625
594 595
594 624
594 625
594 626
595 596
595 625
595 626
596 597
596 626
596 627
597 598
597 627
597 628
598 599
598 627
598 628
598 629
599 600
599 628
599 629
599 630
600 629
600 630
601 602
601 631
602 603
602 631
602 632
603 604
603 631
603 632
603 633
604 605
604 632
604 633
605 606
605 633
605 634
606 607
606 634
606 635
607 608
607 634
607 635
607 636
608 609
608 635
608 636
609 636
609 637
610 611
610 637
610 638
611 638
612 613
612 639
612 640
613 614
613 639
613 640
614 640
615 616
615 641
616 641
616 642
617 618
617 642
617 643
617 644
618 619
618 643
618 644
619 620
619 644
619 645
620 621
620 645
620 646
621 622
621 645
621 646
622 623
622 646
622 647
623 624
623 647
623 648
624 625
624 647
624 648
624 649
625 626
625 648
625 649
625 650
626 649
626 650
626 651
627 628
627 651
627 652
627 653
628 629
628 652
628 653
628 654
629 630
629 653
629 654
629 655
630 654
630 655
630 656
631 632
631 657
631 658
631 659
632 633
632 658
632 659
632 660
633 659
633 660
634 635
634 661
634 662
635 636
635 661
635 662
635 663
636 662
636 663
636 664
637 664
637 665
637 666
638 666
638 667
639 640
639 668
639 669
640 668
640 669
640 670
641 671
642 643
642 671
642 672
642 673
643 644
643 672
643 673
643 674
644 673
644 674
644 675
645 646
645 675
646 676
647 648
647 676
647 677
648 649
648 677
648 678
649 650
649 677
649 678
649 679
650 651
650 678
650 679
650 680
651 652
651 679
651 680
651 681
652 653
652 680
652 681
652 682
653 654
653 681
653 682
654 655
654 682
654 683
655 656
655 683
656 657
656 683
656 684
657 658
657 684
657 685
658 659
658 684
658 685
658 686
659 660
659 685
659 686
660 686
660 687
661 662
661 687
661 688
662 663
662 688
662 689
663 664
663 689
663 690
664 665
664 689
664 690
665 666
665 690
665 691
666 667
666 691
666 692
667 691
667 692
667 693
668 669
668 693
668 694
668 695
669 670
669 694
669 695
669 696
670 695
670 696
671 672
671 697
671 698
671 699
672 673
672 698
672 699
672 700
673 674
673 699
673 700
673 701
674 675
674 700
674 701
674 702
675 701
675 702
675 703
676 704
676 705
677 678
677 706
677 707
678 679
678 706
678 707
678 708
679 680
679 707
679 708
680 681
680 708
681 682
681 709
682 709
682 710
683 710
683 711
684 685
684 712
684 713
685 686
685 712
685 713
685 714
686 713
686 714
686 715
687 688
687 715
687 716
688 716
688 717
689 690
689 717
689 718
689 719
690 718
690 719
690 720
691 692
691 720
691 721
691 722
692 693
692 721
692 722
692 723
693 694
693 722
693 723
694 695
694 723
694 724
695 696
695 724
695 725
696 724
696 725
697 698
697 726
698 699
698 726
698 727
699 700
699 726
699 727
699 728
700 701
700 727
700 728
700 729
701 702
701 728
701 729
701 730
702 703
702 729
702 730
703 704
703 730
703 731
704 705
704 731
704 732
705 731
705 732
705 733
706 707
706 733
706 734
706 735
707 708
707 734
707 735
707 736
708 735
708 736
708 737
709 710
709 738
709 739
709 740
710 711
710 739
710 740
711 740
711 741
712 713
712 741
712 742
712 743
713 714
713 742
713 743
713 744
714 715
714 743
714 744
714 745
715 716
715 744
715 745
715 746
716 745
716 746
716 747
717 718
717 747
717 748
717 749
718 719
718 748
718 749
718 750
719 720
719 749
719 750
720 721
720 750
720 751
721 722
721 751
721 752
722 723
722 751
722 752
722 753
723 752
723 753
724 725
724 754
724 755
725 754
725 755
726 727
726 756
726 757
727 728
727 757
728 729
728 757
729 730
729 758
730 758
730 759
731 732
731 759
731 760
732 733
732 760
732 761
733 734
733 761
734 735
734 761
734 762
735 736
735 762
735 763
736 737
736 762
736 763
736 764
737 738
737 763
737 764
737 765
738 739
738 764
738 765
739 740
739 765
740 766
741 742
741 766
741 767
742 743
742 767
742 768
743 744
743 767
743 768
743 769
744 745
744 768
744 769
744 770
745 746
745 769
745 770
745 771
746 747
746 770
746 771
746 772
747 748
747 771
747 772
747 773
748 749
748 772
748 773
749 750
749 773
749 774
750 774
750 775
751 752
751 775
752 753
752 776
753 776
753 777
754 755
754 777
754 778
755 778
756 779
756 780
757 780
757 781
758 759
758 782
758 783
759 760
759 783
760 783
760 784
761 784
761 785
761 786
762 763
762 786
762 787
762 788
763 764
763 787
763 788
763 789
764 765
764 788
764 789
764 790
765 789
765 790
765 791
766 792
766 793
767 768
767 794
768 769
768 794
768 795
769 770
769 795
769 796
770 771
770 795
770 796
770 797
771 772
771 796
771 797
771 798
772 773
772 797
772 798
772 799
773 798
773 799
774 775
774 800
775 800
776 777
776 801
776 802
777 802
777 803
778 803
778 804
779 780
779 805
779 806
780 781
780 805
780 806
780 807
781 806
781 807
781 808
782 808
782 809
782 810
783 810
783 811
783 812
784 785
784 812
784 813
784 814
785 786
785 813
785 814
785 815
786 787
786 814
786 815
786 816
787 788
787 815
787 816
788 789
788 816
788 817
789 790
789 817
789 818
790 791
790 817
790 818
791 792
791 818
791 819
792 793
792 819
792 820
793 819
793 820
793 821
794 821
794 822
794 823
795 796
795 823
795 824
795 825
796 797
796 824
796 825
796 826
797 798
797 825
797 826
798 799
798 826
798 827
799 827
799 828
800 829
800 830
800 831
801 831
801 832
801 833
802 803
802 833
802 834
802 835
803 804
803 834
803 835
803 836
804 835
804 836
805 806
805 837
805 838
806 807
806 837
806 838
806 839
807 808
807 838
807 839
807 840
808 809
808 839
808 840
808 841
809 810
809 840
809 841
810 811
810 841
810 842
811 812
811 842
811 843
812 813
812 842
812 843
812 844
813 814
813 843
813 844
813 845
814 815
814 844
814 845
815 816
815 845
817 818
817 846
817 847
818 846
818 847
818 848
819 820
819 848
819 849
819 850
820 821
820 849
820 850
820 851
821 822
821 850
821 851
821 852
822 823
822 851
822 852
822 853
823 824
823 852
823 853
823 854
824 825
824 853
824 854
824 855
825 826
825 854
825 855
826 855
827 828
827 856
828 829
828 856
828 857
829 830
829 856
829 857
829 858
830 831
830 857
830 858
830 859
831 832
831 858
831 859
831 860
832 833
832 859
832 860
832 861
833 834
833 860
833 861
833 862
834 835
834 861
834 862
834 863
835 836
835 862
835 863
835 864
836 863
836 864
837 838
837 865
837 866
838 839
838 865
838 866
838 867
839 840
839 866
839 867
840 841
840 867
840 868
841 868
841 869
842 843
842 869
842 870
843 844
843 870
843 871
844 845
844 871
844 872
845 871
845 872
845 873
846 847
846 875
847 848
847 876
848 849
848 876
848 877
849 850
849 876
849 877
849 878
850 851
850 877
850 878
850 879
851 852
851 878
851 879
851 880
852 853
852 879
852 880
852 881
853 854
853 880
853 881
854 855
854 881
854 882
855 882
856 857
856 883
856 884
856 885
857 858
857 884
857 885
857 886
858 859
858 885
858 886
858 887
859 860
859 886
859 887
859 888
860 861
860 887
860 888
860 889
861 862
861 888
861 889
861 890
862 863
862 889
862 890
862 891
863 864
863 890
863 891
864 891
865 866
865 892
865 893
866 867
866 892
866 893
866 894
867 893
867 894
867 895
868 869
868 895
868 896
868 897
869 870
869 896
869 897
870 897
870 898
871 872
871 898
871 899
872 873
872 899
872 900
873 874
873 900
873 901
874 875
874 900
874 901
874 902
875 901
875 902
875 903
876 877
876 904
876 905
876 906
877 878
877 905
877 906
877 907
878 879
878 906
878 907
879 880
879 907
879 908
880 881
880 908
880 909
881 908
881 909
881 910
882 910
882 911
882 912
883 884
883 913
883 914
884 885
884 913
884 914
884 915
885 886
885 914
885 915
885 916
886 887
886 915
886 916
886 917
887 888
887 916
887 917
887 918
888 889
888 917
888 918
889 890
889 918
889 919
890 891
890 919
890 920
891 919
891 920
892 893
892 921
892 922
893 894
893 921
893 922
893 923
894 895
894 922
894 923
894 924
895 896
895 923
895 924
895 925
896 897
896 924
896 925
897 925
897 926
898 899
898 926
898 927
898 928
899 927
899 928
899 929
900 901
900 929
900 930
901 902
901 930
902 903
902 930
902 931
903 904
903 931
904 905
904 931
904 932
905 906
905 932
905 933
906 907
906 932
906 933
906 934
907 933
907 934
907 935
908 909
908 935
908 936
908 937
909 910
909 936
909 937
909 938
910 911
910 937
910 938
910 939
911 912
911 938
911 939
911 940
912 939
912 940
912 941
913 914
913 941
913 942
914 915
914 942
914 943
915 916
915 942
915 943
915 944
916 917
916 943
916 944
916 945
917 918
917 944
917 945
917 946
918 945
918 946
918 947
919 920
919 947
919 948
919 949
920 948
920 949
920 950
921 922
921 951
921 952
922 923
922 951
922 952
922 953
923 924
923 952
923 953
923 954
924 925
924 953
924 954
925 954
925 955
926 927
926 955
926 956
927 928
927 956
928 929
928 957
929 957
929 958
930 958
930 959
930 960
931 960
931 961
932 933
932 962
932 963
933 934
933 962
933 963
934 935
934 963
934 964
935 936
935 964
935 965
936 937
936 964
936 965
936 966
937 938
937 965
937 966
937 967
938 939
938 966
938 967
938 968
939 940
939 967
939 968
939 969
940 941
940 968
940 969
940 970
941 969
941 970
941 971
942 943
942 971
942 972
943 944
943 972
943 973
944 945
944 972
944 973
944 974
945 946
945 973
945 974
945 975
946 947
946 974
946 975
946 976
947 948
947 975
947 976
947 977
948 949
948 976
948 977
948 978
949 950
949 977
949 978
949 979
950 978
950 979
951 952
952 953
953 954
955 956
957 958
958 959
959 960
960 961
962 963
964 965
965 966
966 967
967 968
968 969
969 970
970 971
972 973
973 974
974 975
975 976
976 977
977 978
978 979
