# FromNodeId	ToNodeId
0 1
0 50
0 51
1 51
2 3
2 52
3 4
3 52
3 53
4 52
4 53
4 54
5 6
5 55
5 56
5 57
6 7
6 56
6 57
6 58
7 8
7 57
7 58
7 59
8 9
8 58
8 59
8 60
9 10
9 59
9 60
9 61
10 11
10 60
10 61
10 62
11 12
11 61
11 62
12 62
12 63
13 14
13 63
13 64
13 65
14 64
14 65
15 16
15 66
15 67
16 17
16 66
16 67
17 18
17 67
17 68
18 19
18 68
19 20
19 68
19 69
20 21
20 69
20 70
21 22
21 69
21 70
21 71
22 23
22 70
22 71
22 72
23 24
23 71
23 72
23 73
24 25
24 72
24 73
24 74
25 26
25 73
25 74
25 75
26 74
26 75
26 76
27 28
27 76
27 77
27 78
28 29
28 77
28 78
28 79
29 30
29 78
29 79
29 80
30 79
30 80
30 81
31 32
31 81
31 82
32 33
32 82
33 34
34 35
34 83
35 36
35 83
36 37
36 83
36 84
37 38
37 84
37 85
38 39
38 84
38 85
38 86
39 40
39 85
39 86
39 87
40 41
40 86
40 87
40 88
41 87
41 88
41 89
42 43
42 89
42 90
42 91
43 44
43 90
43 91
44 45
44 91
44 92
45 46
45 92
45 93
46 92
46 93
46 94
47 48
47 94
47 95
47 96
48 49
48 95
48 96
49 96
50 51
50 97
50 98
51 97
51 98
52 53
52 100
52 101
52 102
53 54
53 101
53 102
54 55
54 102
54 103
55 56
55 103
55 104
56 57
56 103
56 104
56 105
57 58
57 104
57 105
57 106
58 59
58 105
58 106
58 107
59 60
59 106
59 107
59 108
60 61
60 107
60 108
60 109
61 62
61 108
61 109
61 110
62 109
62 110
62 111
63 64
63 111
63 112
63 113
64 65
64 112
64 113
64 114
65 113
65 114
65 115
66 67
66 115
66 116
66 117
67 116
67 117
68 118
69 70
69 118
69 119
69 120
70 71
70 119
70 120
70 121
71 72
71 120
71 121
71 122
72 73
72 121
72 122
72 123
73 74
73 122
73 123
73 124
74 75
74 123
74 124
74 125
75 76
75 124
75 125
75 126
76 77
76 125
76 126
76 127
77 78
77 126
77 127
77 128
78 79
78 127
78 128
78 129
79 80
79 128
79 129
79 130
80 81
80 129
80 130
81 82
81 130
81 131
82 131
82 132
83 134
84 85
84 135
85 86
85 135
85 136
86 87
86 135
86 136
87 88
87 136
87 137
88 89
88 137
88 138
89 90
89 137
89 138
90 91
90 138
90 139
91 139
91 140
92 93
92 140
92 141
93 94
93 141
93 142
94 95
94 142
94 143
95 96
95 142
95 143
95 144
96 143
96 144
96 145
97 98
97 146
97 147
98 146
98 147
98 148
99 100
99 148
99 149
99 150
100 101
100 149
100 150
100 151
101 102
101 150
101 151
101 152
102 151
102 152
102 153
103 104
103 153
103 154
103 155
104 105
104 154
104 155
104 156
105 106
105 155
105 156
105 157
106 107
106 156
106 157
106 158
107 108
107 157
107 158
107 159
108 109
108 158
108 159
108 160
109 110
109 159
109 160
109 161
110 111
110 160
110 161
110 162
111 112
111 161
111 162
112 113
112 162
112 163
113 114
113 163
113 164
114 115
114 163
114 164
114 165
115 116
115 164
115 165
115 166
116 117
116 165
116 166
117 166
117 167
118 119
118 168
118 169
119 120
119 168
119 169
119 170
120 121
120 169
120 170
120 171
121 122
121 170
121 171
121 172
122 123
122 171
122 172
123 124
123 172
123 173
124 125
124 173
124 174
125 126
125 173
125 174
125 175
126 127
126 174
126 175
126 176
127 128
127 175
127 176
127 177
128 129
128 176
128 177
128 178
129 130
129 177
129 178
130 178
130 179
131 132
131 179
131 180
132 133
132 180
132 181
133 134
133 180
133 181
133 182
134 181
134 182
134 183
135 136
135 185
135 186
135 187
136 186
136 187
136 188
137 138
137 188
137 189
138 189
138 190
139 140
139 190
139 191
139 192
140 141
140 191
140 192
141 192
142 143
142 193
142 194
143 144
143 193
143 194
143 195
144 145
144 194
144 195
144 196
145 195
145 196
146 147
146 197
146 198
147 148
147 197
147 198
148 149
148 198
148 199
149 150
149 199
149 200
150 151
150 199
150 200
151 152
151 200
151 201
152 153
152 201
152 202
153 154
153 201
153 202
153 203
154 155
154 202
154 203
154 204
155 156
155 203
155 204
155 205
156 157
156 204
156 205
156 206
157 158
157 205
157 206
157 207
158 159
158 206
158 207
158 208
159 160
159 207
159 208
159 209
160 161
160 208
160 209
160 210
161 162
161 209
161 210
161 211
162 210
162 211
163 164
163 212
164 165
164 212
164 213
165 166
165 212
165 213
165 214
166 213
166 214
166 215
167 215
167 216
167 217
168 169
168 217
168 218
168 219
169 170
169 218
169 219
169 220
170 171
170 219
170 220
170 221
171 172
171 220
171 221
171 222
172 221
172 222
172 223
173 174
173 223
173 224
174 175
174 224
174 225
175 176
175 225
175 226
176 177
176 225
176 226
176 227
177 178
177 226
177 227
178 227
178 228
179 228
179 229
179 230
180 181
180 230
181 182
181 231
182 183
182 231
182 232
183 184
183 231
183 232
183 233
184 185
184 232
184 233
184 234
185 186
185 233
185 234
185 235
186 187
186 234
186 235
186 236
187 188
187 235
187 236
187 237
188 189
188 236
188 237
188 238
189 237
189 238
189 239
190 191
190 239
190 240
190 241
191 192
191 240
191 241
192 241
192 242
193 194
193 243
193 244
193 245
194 195
194 244
194 245
194 246
195 196
195 245
195 246
195 247
196 246
196 247
197 198
197 248
197 249
198 248
198 249
198 250
199 200
199 250
199 251
199 252
200 251
200 252
200 253
201 202
201 253
201 254
201 255
202 203
202 254
202 255
203 204
203 255
203 256
204 205
204 256
204 257
205 206
205 256
205 257
205 258
206 207
206 257
206 258
206 259
207 208
207 258
207 259
207 260
208 209
208 259
208 260
208 261
209 210
209 260
209 261
209 262
210 211
210 261
210 262
211 262
211 263
212 213
212 264
212 265
212 266
213 214
213 265
213 266
213 267
214 215
214 266
214 267
215 216
215 267
216 217
216 268
217 218
217 268
217 269
218 219
218 268
218 269
218 270
219 220
219 269
219 270
220 221
220 270
220 271
221 222
221 271
221 272
222 223
222 271
222 272
223 224
223 272
223 273
224 273
225 226
225 274
226 227
226 274
226 275
227 275
227 276
228 229
228 276
228 277
229 230
229 277
229 278
230 277
230 278
230 279
231 232
231 280
231 281
231 282
232 233
232 281
232 282
232 283
233 234
233 282
233 283
233 284
234 235
234 283
234 284
234 285
235 236
235 284
235 285
236 237
236 285
236 286
237 238
237 286
238 239
238 286
238 287
239 240
239 287
239 288
240 241
240 287
240 288
241 288
241 289
242 243
242 289
242 290
242 291
243 244
243 290
243 291
243 292
244 245
244 291
244 292
244 293
245 246
245 292
245 293
245 294
246 247
246 293
246 294
246 295
247 294
247 295
248 249
248 296
249 250
249 296
249 297
250 251
250 296
250 297
250 298
251 252
251 297
251 298
251 299
252 253
252 298
252 299
252 300
253 254
253 299
253 300
253 301
254 255
254 300
254 301
254 302
255 301
255 302
255 303
256 257
256 303
256 304
256 305
257 258
257 304
257 305
257 306
258 259
258 305
258 306
258 307
259 260
259 306
259 307
259 308
260 261
260 307
260 308
260 309
261 262
261 308
261 309
261 310
262 309
262 310
262 311
263 264
263 311
263 312
263 313
264 265
264 312
264 313
264 314
265 266
265 313
265 314
265 315
266 267
266 314
266 315
266 316
267 315
267 316
267 317
268 269
268 318
268 319
268 320
269 270
269 319
269 320
269 321
270 320
270 321
270 322
271 272
271 322
271 323
271 324
272 323
272 324
273 325
273 326
274 326
274 327
274 328
275 276
275 328
275 329
275 330
276 329
276 330
276 331
277 278
277 331
277 332
277 333
278 279
278 332
278 333
278 334
279 280
279 333
279 334
279 335
280 281
280 334
280 335
280 336
281 282
281 335
281 336
281 337
282 283
282 336
282 337
283 284
283 337
283 338
284 285
284 338
284 339
285 338
285 339
286 340
287 288
287 340
287 341
288 341
288 342
289 290
289 342
289 343
289 344
290 291
290 343
290 344
290 345
291 292
291 344
291 345
291 346
292 293
292 345
292 346
292 347
293 294
293 346
293 347
293 348
294 295
294 347
294 348
295 348
296 297
296 349
297 298
297 349
297 350
298 299
298 350
298 351
299 300
299 350
299 351
299 352
300 301
300 351
300 352
300 353
301 302
301 352
301 353
302 303
302 353
302 354
303 304
303 354
304 305
304 354
304 355
305 306
305 355
305 356
306 307
306 355
306 356
306 357
307 308
307 356
307 357
308 309
308 357
308 358
309 310
309 358
309 359
310 311
310 358
310 359
311 312
311 359
311 360
312 313
312 360
312 361
313 314
313 360
313 361
313 362
314 315
314 361
314 362
314 363
315 316
315 362
315 363
315 364
316 317
316 363
316 364
317 318
317 364
317 365
318 319
318 365
318 366
319 320
319 365
319 366
320 321
320 366
320 367
321 322
321 367
321 368
322 323
322 367
322 368
323 324
323 368
324 369
325 326
325 369
325 370
325 371
326 327
326 370
326 371
326 372
327 328
327 371
327 372
327 373
328 329
328 372
328 373
328 374
329 330
329 373
329 374
329 375
330 331
330 374
330 375
330 376
331 332
331 375
331 376
331 377
332 333
332 376
332 377
332 378
333 334
333 377
333 378
333 379
334 335
334 378
334 379
334 380
335 336
335 379
335 380
335 381
336 337
336 380
336 381
336 382
337 381
337 382
337 383
338 339
338 383
338 384
338 385
339 384
339 385
339 386
340 341
340 387
340 388
340 389
341 388
341 389
341 390
342 343
342 390
342 391
342 392
343 344
343 391
343 392
343 393
344 345
344 392
344 393
344 394
345 346
345 393
345 394
345 395
346 347
346 394
346 395
346 396
347 348
347 395
347 396
347 397
348 396
348 397
348 398
349 399
349 400
349 401
350 351
350 401
350 402
350 403
351 352
351 402
351 403
351 404
352 353
352 403
352 404
352 405
353 404
353 405
353 406
354 406
354 407
354 408
355 356
355 408
355 409
355 410
356 357
356 409
356 410
356 411
357 410
357 411
357 412
358 359
358 412
358 413
358 414
359 413
359 414
359 415
360 361
360 415
360 416
360 417
361 362
361 416
361 417
361 418
362 363
362 417
362 418
363 364
363 418
363 419
364 419
364 420
365 366
365 420
365 421
366 421
366 422
367 368
367 422
367 423
368 423
368 424
369 370
369 425
369 426
370 371
370 426
370 427
371 372
371 427
371 428
372 373
372 427
372 428
372 429
373 374
373 428
373 429
373 430
374 375
374 429
374 430
374 431
375 376
375 430
375 431
375 432
376 377
376 431
376 432
376 433
377 378
377 432
377 433
377 434
378 379
378 433
378 434
379 380
379 434
379 435
380 381
380 435
381 382
381 435
382 383
382 436
383 384
383 436
383 437
384 385
384 436
384 437
385 386
385 437
385 438
386 387
386 438
386 439
387 388
387 438
387 439
387 440
388 389
388 439
388 440
388 441
389 390
389 440
389 441
389 442
390 391
390 441
390 442
391 392
391 442
391 443
392 393
392 443
392 444
393 394
393 443
393 444
393 445
394 395
394 444
394 445
394 446
395 396
395 445
395 446
395 447
396 397
396 446
396 447
396 448
397 398
397 447
397 448
397 449
398 448
398 449
399 400
399 450
399 451
400 401
400 450
400 451
400 452
401 402
401 451
401 452
402 403
402 452
402 453
403 404
403 453
403 454
404 405
404 453
404 454
404 455
405 406
405 454
405 455
405 456
406 407
406 455
406 456
406 457
407 408
407 456
407 457
407 458
408 409
408 457
408 458
409 410
409 458
409 459
410 411
410 459
410 460
411 412
411 459
411 460
412 413
412 460
412 461
413 414
413 461
413 462
414 415
414 461
414 462
414 463
415 416
415 462
415 463
415 464
416 417
416 463
416 464
416 465
417 418
417 464
417 465
417 466
418 465
418 466
418 467
419 420
419 467
419 468
420 421
420 468
421 468
421 469
422 469
422 470
423 424
423 471
423 472
424 425
424 471
424 472
424 473
425 426
425 472
425 473
425 474
426 473
426 474
426 475
427 428
427 475
427 476
428 429
428 476
428 477
429 430
429 477
429 478
430 431
430 477
430 478
430 479
431 432
431 478
431 479
431 480
432 433
432 479
432 480
433 434
433 480
435 481
435 482
436 437
436 483
436 484
437 483
437 484
438 439
439 440
439 485
440 441
440 485
440 486
441 442
441 485
441 486
441 487
442 486
442 487
442 488
443 444
443 488
443 489
443 490
444 445
444 489
444 490
444 491
445 446
445 490
445 491
445 492
446 447
446 491
446 492
446 493
447 448
447 492
447 493
448 449
448 493
450 451
450 494
451 452
451 494
451 495
452 495
452 496
453 454
453 496
453 497
453 498
454 455
454 497
454 498
455 456
455 498
455 499
456 457
456 499
456 500
457 458
457 499
457 500
458 500
459 460
459 501
459 502
460 501
460 502
460 503
461 462
461 503
461 504
462 463
462 504
462 505
463 464
463 505
463 506
464 465
464 505
464 506
464 507
465 466
465 506
465 507
465 508
466 467
466 507
466 508
466 509
467 508
467 509
467 510
468 510
468 511
469 470
469 512
469 513
470 512
470 513
471 472
471 514
471 515
472 473
472 514
472 515
472 516
473 474
473 515
473 516
474 475
474 516
474 517
475 476
475 517
475 518
476 517
476 518
476 519
477 478
477 519
477 520
477 521
478 479
478 520
478 521
478 522
479 480
479 521
479 522
479 523
480 522
480 523
481 482
481 525
483 484
483 526
484 526
484 527
485 486
485 529
485 530
485 531
486 487
486 530
486 531
486 532
487 488
487 531
487 532
487 533
488 489
488 532
488 533
488 534
489 490
489 533
489 534
489 535
490 491
490 534
490 535
490 536
491 492
491 535
491 536
491 537
492 493
492 536
492 537
492 538
493 537
493 538
493 539
494 541
494 542
495 496
495 542
495 543
495 544
496 497
496 543
496 544
496 545
497 498
497 544
497 545
498 545
498 546
499 500
499 546
499 547
499 548
500 547
500 548
500 549
501 502
501 550
501 551
502 503
502 550
502 551
502 552
503 504
503 551
503 552
503 553
504 552
504 553
504 554
505 506
505 554
505 555
505 556
506 507
506 555
506 556
506 557
507 508
507 556
507 557
507 558
508 509
508 557
508 558
508 559
509 510
509 558
509 559
510 511
510 559
510 560
511 560
511 561
512 513
512 561
512 562
512 563
513 562
513 563
513 564
514 515
514 564
514 565
514 566
515 516
515 565
515 566
515 567
516 566
516 567
516 568
517 518
517 568
517 569
518 519
518 569
518 570
519 520
519 569
519 570
519 571
520 521
520 570
520 571
520 572
521 522
521 571
521 572
521 573
522 523
522 572
522 573
522 574
523 573
523 574
524 525
524 575
524 576
525 575
525 576
525 577
526 579
526 580
526 581
527 528
527 581
527 582
527 583
528 529
528 582
528 583
529 530
529 583
529 584
530 531
530 584
530 585
531 532
531 584
531 585
531 586
532 533
532 585
532 586
533 534
533 586
533 587
534 535
534 587
535 536
535 587
535 588
536 537
536 588
537 538
537 588
537 589
538 539
538 589
538 590
539 540
539 589
539 590
539 591
540 590
540 591
541 542
541 592
541 593
542 543
542 592
542 593
542 594
543 544
543 593
543 594
543 595
544 545
544 594
544 595
545 595
546 547
546 596
547 548
547 596
547 597
548 549
548 597
548 598
549 597
549 598
549 599
550 551
550 599
550 600
551 552
551 600
552 553
552 600
552 601
553 554
553 601
553 602
554 555
554 601
554 602
554 603
555 556
555 602
555 603
555 604
556 557
556 603
556 604
556 605
557 558
557 604
557 605
558 559
558 605
558 606
559 606
559 607
560 561
560 607
560 608
561 562
561 608
561 609
562 563
562 608
562 609
562 610
563 564
563 609
563 610
564 565
564 610
564 611
565 566
565 611
565 612
566 567
566 611
566 612
566 613
567 568
567 612
567 613
568 613
568 614
569 570
569 614
570 571
570 615
571 572
571 615
571 616
572 573
572 615
572 616
572 617
573 574
573 616
573 617
573 618
574 617
574 618
574 619
575 576
575 619
575 620
575 621
576 577
576 620
576 621
577 578
577 621
578 579
579 580
579 622
580 581
580 622
580 623
581 582
581 622
581 623
581 624
582 583
582 623
582 624
583 624
583 625
584 585
584 625
584 626
584 627
585 586
585 626
585 627
585 628
586 627
586 628
587 629
587 630
588 630
588 631
589 590
589 631
589 632
589 633
590 591
590 632
590 633
590 634
591 633
591 634
592 593
592 635
593 594
593 635
593 636
594 595
594 636
594 637
595 636
595 637
595 638
596 639
596 640
596 641
597 598
597 641
597 642
597 643
598 599
598 642
598 643
598 644
599 643
599 644
599 645
600 645
600 646
600 647
601 602
601 647
601 648
601 649
602 603
602 648
602 649
602 650
603 604
603 649
603 650
603 651
604 605
604 650
604 651
605 651
605 652
606 607
606 652
606 653
607 653
607 654
608 609
608 654
608 655
609 610
609 655
610 655
610 656
611 612
611 656
611 657
611 658
612 613
612 657
612 658
612 659
613 658
613 659
613 660
614 660
614 661
614 662
615 616
615 663
615 664
615 665
616 617
616 664
616 665
616 666
617 618
617 665
617 666
617 667
618 619
618 666
618 667
618 668
619 620
619 667
619 668
619 669
620 621
620 668
620 669
621 669
621 670
622 623
622 671
622 672
623 624
623 672
623 673
624 672
624 673
625 626
625 674
625 675
626 627
626 674
626 675
626 676
627 628
627 675
627 676
627 677
628 676
628 677
628 678
629 630
629 678
629 679
629 680
630 679
630 680
630 681
631 632
631 681
631 682
631 683
632 633
632 682
632 683
632 684
633 634
633 683
633 684
633 685
634 684
634 685
635 686
636 637
636 686
636 687
636 688
637 638
637 687
637 688
637 689
638 639
638 688
638 689
638 690
639 640
639 689
639 690
639 691
640 641
640 690
640 691
641 642
641 691
641 692
642 643
642 692
643 644
643 692
643 693
644 645
644 693
644 694
645 646
645 693
645 694
645 695
646 647
646 694
646 695
647 648
647 695
647 696
648 649
648 696
649 650
649 696
649 697
650 651
650 697
651 697
652 653
652 698
653 698
653 699
654 699
654 700
654 701
655 701
655 702
655 703
656 657
656 703
656 704
656 705
657 658
657 704
657 705
657 706
658 659
658 705
658 706
658 707
659 660
659 706
659 707
659 708
660 661
660 707
660 708
661 662
661 708
661 709
662 663
662 709
663 664
663 709
663 710
664 665
664 710
664 711
665 666
665 710
665 711
665 712
666 667
666 711
666 712
667 668
667 712
667 713
668 669
668 713
668 714
669 713
669 714
669 715
670 715
670 716
670 717
671 717
671 718
672 673
672 719
672 720
673 719
673 720
674 675
674 721
674 722
675 676
675 721
675 722
675 723
676 677
676 722
676 723
676 724
677 678
677 723
677 724
677 725
678 679
678 724
678 725
678 726
679 680
679 725
679 726
679 727
680 681
680 726
680 727
680 728
681 682
681 727
681 728
681 729
682 683
682 728
682 729
682 730
683 684
683 729
683 730
683 731
684 685
684 730
684 731
684 732
685 731
685 732
686 687
686 733
686 734
686 735
687 688
687 734
687 735
687 736
688 689
688 735
688 736
688 737
689 690
689 736
689 737
689 738
690 691
690 737
690 738
690 739
691 738
691 739
691 740
692 740
692 741
692 742
693 694
693 742
693 743
694 695
694 743
694 744
695 744
695 745
696 745
696 746
696 747
697 747
697 748
698 749
698 750
698 751
699 700
699 751
699 752
699 753
700 701
700 752
700 753
700 754
701 702
701 753
701 754
701 755
702 703
702 754
702 755
702 756
703 704
703 755
703 756
703 757
704 705
704 756
704 757
704 758
705 706
705 757
705 758
705 759
706 707
706 758
706 759
706 760
707 708
707 759
707 760
707 761
708 760
708 761
708 762
709 762
709 763
709 764
710 711
710 764
710 765
710 766
711 712
711 765
711 766
711 767
712 766
712 767
713 714
713 768
713 769
714 715
714 768
714 769
714 770
715 716
715 769
715 770
715 771
716 717
716 770
716 771
716 772
717 718
717 771
717 772
717 773
718 772
718 773
719 720
719 774
719 775
720 774
720 775
720 776
721 722
721 776
721 777
721 778
722 723
722 777
722 778
723 724
723 778
723 779
724 725
724 779
724 780
725 726
725 779
725 780
725 781
726 727
726 780
726 781
726 782
727 728
727 781
727 782
727 783
728 729
728 782
728 783
729 730
729 783
729 784
730 731
730 784
731 732
731 784
731 785
732 785
733 734
733 786
734 735
734 786
734 787
735 736
735 786
735 787
735 788
736 737
736 787
736 788
736 789
737 738
737 788
737 789
737 790
738 739
738 789
738 790
738 791
739 740
739 790
739 791
740 741
740 791
740 792
741 742
741 792
741 793
742 743
742 792
742 793
742 794
743 793
743 794
743 795
744 745
744 795
744 796
744 797
745 746
745 796
745 797
745 798
746 747
746 797
746 798
746 799
747 798
747 799
747 800
748 749
748 800
748 801
748 802
749 750
749 801
749 802
750 751
750 802
750 803
751 752
751 803
751 804
752 753
752 803
752 804
752 805
753 754
753 804
753 805
753 806
754 755
754 805
754 806
754 807
755 756
755 806
755 807
756 757
756 807
756 808
757 758
757 808
757 809
758 759
758 808
758 809
758 810
759 760
759 809
759 810
760 761
760 810
760 811
761 762
761 811
761 812
762 763
762 811
762 812
763 764
763 812
764 765
765 766
765 813
766 767
766 813
766 814
767 813
767 814
767 815
768 769
768 815
768 816
768 817
769 770
769 816
769 817
769 818
770 771
770 817
770 818
770 819
771 772
771 818
771 819
771 820
772 773
772 819
772 820
772 821
773 820
773 821
774 775
774 822
774 823
775 776
775 822
775 823
775 824
776 777
776 823
776 824
776 825
777 778
777 824
777 825
778 825
778 826
779 780
779 826
779 827
779 828
780 781
780 827
780 828
780 829
781 782
781 828
781 829
781 830
782 783
782 829
782 830
783 830
783 831
784 831
784 832
785 832
786 787
786 833
786 834
786 835
787 788
787 834
787 835
788 789
788 835
789 790
789 836
790 791
790 836
790 837
791 836
791 837
791 838
792 793
792 838
792 839
792 840
793 794
793 839
793 840
793 841
794 795
794 840
794 841
794 842
795 796
795 841
795 842
795 843
796 797
796 842
796 843
797 798
797 843
797 844
798 799
798 844
798 845
799 800
799 844
799 845
800 801
800 845
800 846
801 802
801 846
801 847
802 846
802 847
802 848
803 804
803 848
803 849
803 850
804 805
804 849
804 850
804 851
805 806
805 850
805 851
805 852
806 807
806 851
806 852
807 852
807 853
808 809
808 853
808 854
808 855
809 810
809 854
809 855
809 856
810 855
810 856
810 857
811 812
811 857
811 858
811 859
812 858
812 859
812 860
813 814
813 862
813 863
814 815
814 862
814 863
814 864
815 816
815 863
815 864
815 865
816 817
816 864
816 865
816 866
817 818
817 865
817 866
817 867
818 819
818 866
818 867
818 868
819 820
819 867
819 868
819 869
820 821
820 868
820 869
820 870
821 869
821 870
821 871
822 823
822 871
822 872
822 873
823 824
823 872
823 873
824 825
824 873
824 874
825 874
825 875
826 827
826 875
826 876
827 828
827 876
827 877
828 829
828 877
829 830
829 877
829 878
830 878
830 879
831 879
831 880
832 881
832 882
833 834
833 883
833 884
834 835
834 883
834 884
834 885
835 884
835 885
835 886
836 837
836 887
836 888
837 838
837 887
837 888
837 889
838 839
838 888
838 889
839 840
839 889
839 890
840 841
840 890
840 891
841 842
841 890
841 891
841 892
842 843
842 891
842 892
843 892
843 893
844 845
844 893
844 894
844 895
845 894
845 895
846 847
846 896
846 897
847 848
847 896
847 897
847 898
848 849
848 897
848 898
848 899
849 850
849 898
849 899
849 900
850 851
850 899
850 900
850 901
851 852
851 900
851 901
851 902
852 901
852 902
852 903
853 854
853 903
853 904
853 905
854 855
854 904
854 905
854 906
855 856
855 905
855 906
855 907
856 857
856 906
856 907
856 908
857 858
857 907
857 908
857 909
858 859
858 908
858 909
858 910
859 860
859 909
859 910
859 911
860 861
860 910
860 911
860 912
861 911
861 912
861 913
862 863
862 913
862 914
862 915
863 864
863 914
863 915
863 916
864 865
864 915
864 916
865 866
865 916
865 917
866 867
866 917
866 918
867 868
867 917
867 918
867 919
868 869
868 918
868 919
868 920
869 870
869 919
869 920
869 921
870 871
870 920
870 921
870 922
871 872
871 921
871 922
872 873
872 922
872 923
873 923
873 924
874 875
874 924
874 925
874 926
875 876
875 925
875 926
876 926
876 927
877 927
877 928
878 879
878 928
878 929
878 930
879 880
879 929
879 930
879 931
880 930
880 931
880 932
881 882
881 932
881 933
881 934
882 933
882 934
883 884
883 935
883 936
884 885
884 935
884 936
885 886
885 936
885 937
886 937
886 938
887 888
887 938
887 939
887 940
888 889
888 939
888 940
888 941
889 940
889 941
890 891
890 942
891 892
891 942
892 943
893 894
893 943
893 944
893 945
894 895
894 944
894 945
894 946
895 945
895 946
895 947
896 897
896 947
896 948
896 949
897 898
897 948
897 949
897 950
898 899
898 949
898 950
899 900
899 950
899 951
900 901
900 951
900 952
901 902
901 951
901 952
901 953
902 903
902 952
902 953
903 904
903 953
903 954
904 905
904 954
904 955
905 906
905 954
905 955
905 956
906 907
906 955
906 956
906 957
907 908
907 956
907 957
908 909
908 957
909 910
910 911
910 958
911 912
911 958
912 913
912 958
912 959
913 914
913 959
913 960
914 915
914 959
914 960
914 961
915 916
915 960
915 961
915 962
916 961
916 962
916 963
917 918
917 963
917 964
918 919
918 964
919 920
919 965
920 921
920 965
920 966
921 922
921 965
921 966
921 967
922 966
922 967
922 968
923 924
923 968
923 969
923 970
924 925
924 969
924 970
925 926
925 970
925 971
926 971
926 972
927 972
928 929
928 973
928 974
929 930
929 973
929 974
929 975
930 931
930 974
930 975
930 976
931 932
931 975
931 976
931 977
932 933
932 976
932 977
932 978
933 934
933 977
933 978
933 979
934 978
934 979
935 936
935 980
935 981
936 980
936 981
936 982
937 938
937 982
937 983
938 939
938 983
939 940
939 984
940 941
940 984
940 985
941 984
941 985
941 986
942 986
942 987
943 944
943 988
943 989
943 990
944 945
944 989
944 990
944 991
945 946
945 990
945 991
945 992
946 947
946 991
946 992
947 948
947 992
947 993
948 949
948 993
948 994
949 950
949 993
949 994
949 995
950 994
950 995
950 996
951 952
951 996
951 997
951 998
952 953
952 997
952 998
953 998
953 999
954 955
954 999
954 1000
955 956
955 1000
955 1001
956 957
956 1000
956 1001
956 1002
957 1001
957 1002
958 1004
958 1005
959 960
959 1006
959 1007
960 961
960 1006
960 1007
960 1008
961 962
961 1007
961 1008
961 1009
962 963
962 1008
962 1009
962 1010
963 964
963 1009
963 1010
963 1011
964 1010
964 1011
964 1012
965 966
965 1013
965 1014
966 967
966 1014
966 1015
967 968
967 1014
967 1015
967 1016
968 969
968 1015
968 1016
968 1017
969 970
969 1016
969 1017
969 1018
970 1017
970 1018
970 1019
971 972
971 1019
971 1020
971 1021
972 1020
972 1021
972 1022
973 974
973 1023
973 1024
974 975
974 1023
974 1024
974 1025
975 976
975 1024
975 1025
976 977
976 1025
976 1026
977 978
977 1026
978 979
978 1026
978 1027
979 1027
980 981
980 1028
980 1029
981 982
981 1028
981 1029
981 1030
982 983
982 1029
982 1030
982 1031
983 1030
983 1031
983 1032
984 985
984 1033
984 1034
984 1035
985 986
985 1034
985 1035
985 1036
986 987
986 1035
986 1036
986 1037
987 1036
987 1037
988 989
988 1038
988 1039
989 990
989 1038
989 1039
990 991
990 1039
990 1040
991 992
991 1040
991 1041
992 1040
992 1041
992 1042
993 994
993 1042
993 1043
993 1044
994 995
994 1043
994 1044
994 1045
995 996
995 1044
995 1045
995 1046
996 997
996 1045
996 1046
996 1047
997 998
997 1046
997 1047
997 1048
998 1047
998 1048
998 1049
999 1049
999 1050
999 1051
1000 1001
1000 1051
1000 1052
1000 1053
1001 1002
1001 1052
1001 1053
1002 1053
1003 1004
1003 1054
1003 1055
1004 1005
1004 1054
1004 1055
1005 1055
1005 1056
1006 1007
1006 1056
1006 1057
1007 1008
1007 1057
1007 1058
1008 1009
1008 1057
1008 1058
1008 1059
1009 1010
1009 1058
1009 1059
1010 1011
1010 1059
1011 1012
1011 1060
1012 1013
1012 1060
1012 1061
1013 1060
1013 1061
1013 1062
1014 1015
1014 1062
1014 1063
1015 1016
1015 1063
1015 1064
1016 1017
1016 1064
1016 1065
1017 1018
1017 1064
1017 1065
1017 1066
1018 1019
1018 1065
1018 1066
1018 1067
1019 1020
1019 1066
1019 1067
1019 1068
1020 1021
1020 1067
1020 1068
1020 1069
1021 1022
1021 1068
1021 1069
1021 1070
1022 1069
1022 1070
1022 1071
1023 1024
1023 1071
1023 1072
1023 1073
1024 1025
1024 1072
1024 1073
1024 1074
1025 1073
1025 1074
1025 1075
1026 1075
1026 1076
1026 1077
1027 1077
1027 1078
1028 1029
1028 1079
1028 1080
1029 1030
1029 1079
1029 1080
1029 1081
1030 1031
1030 1080
1030 1081
1030 1082
1031 1032
1031 1081
1031 1082
1031 1083
1032 1033
1032 1082
1032 1083
1033 1034
1033 1083
1034 1035
1035 1036
1035 1084
1036 1037
1036 1084
1036 1085
1037 1084
1037 1085
1037 1086
1038 1039
1038 1086
1038 1087
1039 1087
1039 1088
1040 1041
1040 1088
1040 1089
1041 1042
1041 1089
1041 1090
1042 1043
1042 1090
1043 1044
1043 1090
1043 1091
1044 1045
1044 1091
1044 1092
1045 1046
1045 1091
1045 1092
1046 1047
1046 1092
1047 1048
1047 1093
1048 1049
1048 1093
1048 1094
1049 1050
1049 1093
1049 1094
1049 1095
1050 1051
1050 1094
1050 1095
1050 1096
1051 1052
1051 1095
1051 1096
1051 1097
1052 1053
1052 1096
1052 1097
1052 1098
1053 1097
1053 1098
1053 1099
1054 1055
1054 1100
1054 1101
1054 1102
1055 1101
1055 1102
1056 1103
1056 1104
1057 1058
1057 1104
1057 1105
1058 1059
1058 1105
1058 1106
1059 1105
1059 1106
1059 1107
1060 1061
1060 1108
1060 1109
1061 1062
1061 1109
1061 1110
1062 1063
1062 1109
1062 1110
1062 1111
1063 1110
1063 1111
1064 1065
1064 1112
1064 1113
1065 1066
1065 1112
1065 1113
1065 1114
1066 1067
1066 1113
1066 1114
1066 1115
1067 1068
1067 1114
1067 1115
1067 1116
1068 1069
1068 1115
1068 1116
1068 1117
1069 1070
1069 1116
1069 1117
1070 1071
1070 1117
1070 1118
1071 1072
1071 1118
1071 1119
1072 1073
1072 1118
1072 1119
1072 1120
1073 1074
1073 1119
1073 1120
1074 1075
1074 1120
1074 1121
1075 1076
1075 1121
1075 1122
1076 1077
1076 1121
1076 1122
1076 1123
1077 1078
1077 1122
1077 1123
1077 1124
1078 1123
1078 1124
1079 1080
1079 1125
1079 1126
1080 1081
1080 1125
1080 1126
1080 1127
1081 1082
1081 1126
1081 1127
1081 1128
1082 1083
1082 1127
1082 1128
1082 1129
1083 1128
1083 1129
1084 1085
1084 1131
1084 1132
1085 1086
1085 1132
1085 1133
1086 1133
1087 1088
1087 1134
1088 1089
1088 1134
1088 1135
1089 1134
1089 1135
1089 1136
1090 1136
1090 1137
1090 1138
1091 1092
1091 1138
1091 1139
1091 1140
1092 1139
1092 1140
1092 1141
1093 1094
1093 1142
1093 1143
1093 1144
1094 1095
1094 1143
1094 1144
1095 1096
1095 1144
1095 1145
1096 1097
1096 1145
1096 1146
1097 1098
1097 1145
1097 1146
1097 1147
1098 1099
1098 1146
1098 1147
1098 1148
1099 1100
1099 1147
1099 1148
1100 1101
1100 1148
1101 1102
1101 1149
1102 1149
1102 1150
1103 1104
1103 1150
1103 1151
1103 1152
1104 1151
1104 1152
1105 1106
1105 1153
1105 1154
1106 1107
1106 1153
1106 1154
1106 1155
1107 1108
1107 1154
1107 1155
1108 1155
1108 1156
1109 1110
1109 1156
1109 1157
1110 1111
1110 1157
1110 1158
1111 1157
1111 1158
1111 1159
1112 1113
1112 1159
1112 1160
1112 1161
1113 1114
1113 1160
1113 1161
1113 1162
1114 1115
1114 1161
1114 1162
1114 1163
1115 1116
1115 1162
1115 1163
1116 1117
1116 1163
1116 1164
1117 1164
1117 1165
1118 1119
1118 1165
1119 1120
1120 1166
1121 1122
1121 1166
1121 1167
1121 1168
1122 1123
1122 1167
1122 1168
1122 1169
1123 1124
1123 1168
1123 1169
1123 1170
1124 1169
1124 1170
1125 1126
1125 1171
1125 1172
1126 1127
1126 1171
1126 1172
1127 1128
1127 1172
1127 1173
1128 1129
1128 1173
1128 1174
1129 1173
1129 1174
1129 1175
1130 1131
1130 1175
1131 1132
1131 1176
1132 1176
1132 1177
1133 1177
1133 1178
1133 1179
1134 1135
1134 1180
1134 1181
1135 1136
1135 1180
1135 1181
1135 1182
1136 1137
1136 1181
1136 1182
1136 1183
1137 1138
1137 1182
1137 1183
1137 1184
1138 1139
1138 1183
1138 1184
1138 1185
1139 1140
1139 1184
1139 1185
1139 1186
1140 1141
1140 1185
1140 1186
1141 1142
1141 1186
1142 1143
1142 1187
1143 1144
1143 1187
1143 1188
1144 1187
1144 1188
1144 1189
1145 1146
1145 1189
1145 1190
1145 1191
1146 1147
1146 1190
1146 1191
1147 1148
1147 1191
1147 1192
1148 1192
1148 1193
1149 1150
1149 1194
1149 1195
1150 1151
1150 1194
1150 1195
1150 1196
1151 1152
1151 1195
1151 1196
1151 1197
1152 1196
1152 1197
1152 1198
1153 1154
1153 1198
1153 1199
1153 1200
1154 1155
1154 1199
1154 1200
1154 1201
1155 1200
1155 1201
1155 1202
1156 1202
1156 1203
1156 1204
1157 1158
1157 1204
1157 1205
1158 1159
1158 1205
1158 1206
1159 1160
1159 1205
1159 1206
1160 1161
1160 1206
1160 1207
1161 1162
1161 1207
1161 1208
1162 1163
1162 1207
1162 1208
1163 1208
1163 1209
1164 1165
1164 1209
1164 1210
1164 1211
1165 1210
1165 1211
1165 1212
1166 1167
1166 1214
1166 1215
1167 1168
1167 1215
1167 1216
1168 1169
1168 1216
1168 1217
1169 1170
1169 1216
1169 1217
1169 1218
1170 1217
1170 1218
1171 1172
1171 1219
1171 1220
1172 1219
1172 1220
1173 1174
1173 1221
1174 1175
1174 1221
1174 1222
1175 1221
1175 1222
1175 1223
1176 1177
1176 1224
1176 1225
1176 1226
1177 1178
1177 1225
1177 1226
1177 1227
1178 1179
1178 1226
1178 1227
1178 1228
1179 1227
1179 1228
1179 1229
1180 1181
1180 1229
1180 1230
1180 1231
1181 1182
1181 1230
1181 1231
1181 1232
1182 1183
1182 1231
1182 1232
1182 1233
1183 1184
1183 1232
1183 1233
1184 1185
1184 1233
1185 1186
1185 1234
1186 1234
1186 1235
1187 1188
1187 1236
1187 1237
1187 1238
1188 1189
1188 1237
1188 1238
1188 1239
1189 1190
1189 1238
1189 1239
1189 1240
1190 1191
1190 1239
1190 1240
1190 1241
1191 1240
1191 1241
1191 1242
1192 1193
1192 1242
1192 1243
1193 1243
1193 1244
1194 1195
1194 1244
1194 1245
1194 1246
1195 1196
1195 1245
1195 1246
1195 1247
1196 1197
1196 1246
1196 1247
1196 1248
1197 1198
1197 1247
1197 1248
1197 1249
1198 1199
1198 1248
1198 1249
1198 1250
1199 1200
1199 1249
1199 1250
1199 1251
1200 1201
1200 1250
1200 1251
1200 1252
1201 1202
1201 1251
1201 1252
1201 1253
1202 1203
1202 1252
1202 1253
1202 1254
1203 1204
1203 1253
1203 1254
1204 1254
1204 1255
1205 1206
1205 1255
1205 1256
1205 1257
1206 1256
1206 1257
1206 1258
1207 1208
1207 1258
1207 1259
1208 1259
1208 1260
1209 1210
1209 1260
1209 1261
1209 1262
1210 1211
1210 1261
1210 1262
1210 1263
1211 1212
1211 1262
1211 1263
1211 1264
1212 1213
1212 1263
1212 1264
1212 1265
1213 1214
1213 1264
1213 1265
1213 1266
1214 1215
1214 1265
1214 1266
1214 1267
1215 1266
1215 1267
1216 1217
1216 1268
1216 1269
1217 1218
1217 1268
1217 1269
1217 1270
1218 1269
1218 1270
1219 1220
1219 1271
1219 1272
1220 1271
1220 1272
1220 1273
1221 1222
1221 1274
1221 1275
1221 1276
1222 1223
1222 1275
1222 1276
1222 1277
1223 1224
1223 1276
1223 1277
1223 1278
1224 1225
1224 1277
1224 1278
1224 1279
1225 1226
1225 1278
1225 1279
1225 1280
1226 1227
1226 1279
1226 1280
1226 1281
1227 1228
1227 1280
1227 1281
1228 1229
1228 1281
1228 1282
1229 1230
1229 1282
1229 1283
1230 1231
1230 1282
1230 1283
1231 1232
1231 1283
1231 1284
1232 1233
1232 1284
1232 1285
1233 1284
1233 1285
1233 1286
1234 1235
1234 1287
1234 1288
1234 1289
1235 1236
1235 1288
1235 1289
1235 1290
1236 1237
1236 1289
1236 1290
1236 1291
1237 1238
1237 1290
1237 1291
1238 1239
1238 1291
1239 1240
1240 1241
1241 1242
1241 1292
1242 1292
1242 1293
1243 1244
1243 1293
1243 1294
1243 1295
1244 1245
1244 1294
1244 1295
1244 1296
1245 1246
1245 1295
1245 1296
1246 1247
1246 1296
1247 1248
1247 1297
1248 1249
1248 1297
1248 1298
1249 1250
1249 1297
1249 1298
1249 1299
1250 1251
1250 1298
1250 1299
1250 1300
1251 1252
1251 1299
1251 1300
1251 1301
1252 1253
1252 1300
1252 1301
1252 1302
1253 1254
1253 1301
1253 1302
1254 1302
1254 1303
1255 1256
1255 1303
1255 1304
1255 1305
1256 1257
1256 1304
1256 1305
1256 1306
1257 1258
1257 1305
1257 1306
1257 1307
1258 1306
1258 1307
1258 1308
1259 1260
1259 1308
1259 1309
1259 1310
1260 1261
1260 1309
1260 1310
1261 1262
1261 1310
1261 1311
1262 1263
1262 1311
1262 1312
1263 1264
1263 1311
1263 1312
1263 1313
1264 1265
1264 1312
1264 1313
1264 1314
1265 1266
1265 1313
1265 1314
1265 1315
1266 1267
1266 1314
1266 1315
1266 1316
1267 1315
1267 1316
1267 1317
1268 1269
1268 1317
1268 1318
1269 1270
1269 1318
1269 1319
1270 1319
1271 1272
1271 1320
1271 1321
1272 1273
1272 1320
1272 1321
1272 1322
1273 1274
1273 1321
1273 1322
1273 1323
1274 1275
1274 1322
1274 1323
1274 1324
1275 1276
1275 1323
1275 1324
1275 1325
1276 1277
1276 1324
1276 1325
1276 1326
1277 1278
1277 1325
1277 1326
1277 1327
1278 1279
1278 1326
1278 1327
1278 1328
1279 1280
1279 1327
1279 1328
1279 1329
1280 1281
1280 1328
1280 1329
1280 1330
1281 1329
1281 1330
1282 1283
1282 1331
1282 1332
1283 1331
1283 1332
1284 1285
1284 1333
1284 1334
1285 1286
1285 1333
1285 1334
1285 1335
1286 1287
1286 1334
1286 1335
1286 1336
1287 1288
1287 1335
1287 1336
1287 1337
1288 1289
1288 1336
1288 1337
1288 1338
1289 1290
1289 1337
1289 1338
1289 1339
1290 1291
1290 1338
1290 1339
1290 1340
1291 1339
1291 1340
1291 1341
1292 1293
1292 1344
1292 1345
1293 1294
1293 1344
1293 1345
1293 1346
1294 1295
1294 1345
1294 1346
1294 1347
1295 1296
1295 1346
1295 1347
1295 1348
1296 1347
1296 1348
1296 1349
1297 1298
1297 1350
1297 1351
1297 1352
1298 1299
1298 1351
1298 1352
1299 1300
1299 1352
1299 1353
1300 1301
1300 1353
1301 1302
1301 1353
1301 1354
1302 1354
1302 1355
1303 1304
1303 1355
1303 1356
1304 1305
1304 1356
1304 1357
1305 1306
1305 1356
1305 1357
1306 1307
1306 1357
1306 1358
1307 1308
1307 1358
1308 1309
1308 1358
1308 1359
1309 1310
1309 1359
1309 1360
1310 1359
1310 1360
1310 1361
1311 1312
1311 1361
1311 1362
1312 1313
1312 1362
1313 1314
1313 1363
1314 1315
1314 1363
1315 1316
1315 1363
1315 1364
1316 1317
1316 1364
1316 1365
1317 1318
1317 1364
1317 1365
1317 1366
1318 1365
1318 1366
1318 1367
1319 1367
1319 1368
1320 1321
1320 1369
1321 1322
1321 1369
1322 1323
1322 1370
1323 1324
1323 1370
1323 1371
1324 1325
1324 1370
1324 1371
1325 1326
1325 1371
1325 1372
1326 1327
1326 1372
1327 1328
1327 1372
1328 1329
1328 1373
1329 1330
1329 1373
1330 1373
1330 1374
1331 1332
1331 1374
1332 1375
1333 1334
1333 1375
1333 1376
1333 1377
1334 1335
1334 1376
1334 1377
1334 1378
1335 1336
1335 1377
1335 1378
1336 1337
1336 1378
1336 1379
1337 1338
1337 1379
1337 1380
1338 1339
1338 1379
1338 1380
1339 1340
1339 1380
1339 1381
1340 1341
1340 1381
1340 1382
1341 1342
1341 1381
1341 1382
1341 1383
1342 1343
1342 1382
1342 1383
1343 1383
1344 1345
1344 1384
1344 1385
1345 1346
1345 1384
1345 1385
1346 1347
1346 1385
1346 1386
1347 1348
1347 1386
1347 1387
1348 1349
1348 1386
1348 1387
1348 1388
1349 1350
1349 1387
1349 1388
1350 1351
1350 1388
1350 1389
1351 1352
1351 1389
1351 1390
1352 1389
1352 1390
1352 1391
1353 1391
1353 1392
1353 1393
1354 1355
1354 1393
1354 1394
1354 1395
1355 1394
1355 1395
1356 1357
1356 1396
1357 1396
1357 1397
1358 1397
1358 1398
1359 1360
1359 1399
1359 1400
1360 1361
1360 1399
1360 1400
1361 1362
1361 1400
1361 1401
1362 1401
1362 1402
1363 1403
1363 1404
1364 1365
1364 1404
1364 1405
1364 1406
1365 1366
1365 1405
1365 1406
1365 1407
1366 1367
1366 1406
1366 1407
1366 1408
1367 1368
1367 1407
1367 1408
1367 1409
1368 1408
1368 1409
1369 1410
1370 1371
1370 1411
1370 1412
1371 1411
1371 1412
1371 1413
1372 1413
1372 1414
1373 1415
1373 1416
1374 1416
1374 1417
1374 1418
1375 1376
1375 1419
1375 1420
1375 1421
1376 1377
1376 1420
1376 1421
1376 1422
1377 1378
1377 1421
1377 1422
1378 1422
1378 1423
1379 1380
1379 1423
1379 1424
1380 1424
1380 1425
1381 1382
1381 1425
1381 1426
1382 1383
1382 1426
1382 1427
1383 1427
1383 1428
1384 1385
1384 1429
1384 1430
1385 1430
1385 1431
1386 1387
1386 1431
1386 1432
1386 1433
1387 1388
1387 1432
1387 1433
1387 1434
1388 1433
1388 1434
1388 1435
1389 1390
1389 1435
1389 1436
1390 1391
1390 1436
1390 1437
1391 1392
1391 1436
1391 1437
1392 1393
1392 1437
1392 1438
1393 1394
1393 1438
1394 1395
1394 1438
1394 1439
1395 1439
1395 1440
1396 1440
1396 1441
1396 1442
1397 1398
1397 1442
1397 1443
1397 1444
1398 1443
1398 1444
1398 1445
1399 1400
1399 1445
1399 1446
1399 1447
1400 1446
1400 1447
1400 1448
1401 1402
1401 1448
1401 1449
1402 1449
1403 1404
1403 1450
1403 1451
1404 1405
1404 1450
1404 1451
1404 1452
1405 1406
1405 1451
1405 1452
1405 1453
1406 1407
1406 1452
1406 1453
1406 1454
1407 1408
1407 1453
1407 1454
1407 1455
1408 1409
1408 1454
1408 1455
1408 1456
1409 1455
1409 1456
1410 1457
1410 1458
1411 1412
1411 1459
1411 1460
1412 1413
1412 1459
1412 1460
1412 1461
1413 1414
1413 1460
1413 1461
1414 1461
1414 1462
1415 1462
1415 1463
1416 1417
1416 1464
1416 1465
1417 1418
1417 1464
1417 1465
1418 1419
1418 1465
1418 1466
1419 1420
1419 1466
1419 1467
1420 1421
1420 1466
1420 1467
1421 1422
1421 1467
1421 1468
1422 1468
1422 1469
1423 1424
1423 1469
1423 1470
1423 1471
1424 1470
1424 1471
1424 1472
1425 1426
1425 1472
1425 1473
1426 1473
1426 1474
1427 1428
1427 1474
1427 1475
1427 1476
1428 1429
1428 1475
1428 1476
1428 1477
1429 1430
1429 1476
1429 1477
1429 1478
1430 1477
1430 1478
1430 1479
1431 1432
1431 1479
1431 1480
1431 1481
1432 1433
1432 1480
1432 1481
1432 1482
1433 1434
1433 1481
1433 1482
1434 1435
1434 1482
1434 1483
1435 1483
1435 1484
1436 1437
1436 1484
1436 1485
1436 1486
1437 1485
1437 1486
1437 1487
1438 1487
1439 1440
1439 1488
1439 1489
1440 1441
1440 1488
1440 1489
1440 1490
1441 1442
1441 1489
1441 1490
1441 1491
1442 1443
1442 1490
1442 1491
1443 1444
1443 1491
1443 1492
1444 1445
1444 1492
1444 1493
1445 1446
1445 1492
1445 1493
1446 1447
1446 1493
1446 1494
1447 1448
1447 1494
1448 1494
1448 1495
1449 1495
1449 1496
1450 1451
1450 1496
1450 1497
1451 1452
1451 1497
1452 1453
1452 1497
1452 1498
1453 1454
1453 1498
1453 1499
1454 1455
1454 1498
1454 1499
1454 1500
1455 1456
1455 1499
1455 1500
1455 1501
1456 1500
1456 1501
1457 1458
1457 1502
1457 1503
1458 1502
1458 1503
1459 1460
1459 1504
1459 1505
1460 1461
1460 1504
1460 1505
1460 1506
1461 1505
1461 1506
1462 1463
1462 1507
1462 1508
1463 1507
1463 1508
1464 1465
1464 1509
1464 1510
1465 1509
1465 1510
1465 1511
1466 1467
1466 1511
1466 1512
1467 1512
1467 1513
1468 1469
1468 1513
1468 1514
1468 1515
1469 1470
1469 1514
1469 1515
1469 1516
1470 1471
1470 1515
1470 1516
1470 1517
1471 1472
1471 1516
1471 1517
1471 1518
1472 1473
1472 1517
1472 1518
1472 1519
1473 1518
1473 1519
1473 1520
1474 1475
1474 1520
1474 1521
1475 1476
1475 1521
1476 1477
1476 1522
1477 1478
1477 1522
1477 1523
1478 1479
1478 1522
1478 1523
1478 1524
1479 1480
1479 1523
1479 1524
1479 1525
1480 1481
1480 1524
1480 1525
1481 1482
1481 1525
1481 1526
1482 1526
1483 1484
1483 1527
1484 1485
1484 1527
1485 1486
1485 1527
1485 1528
1486 1487
1486 1528
1486 1529
1487 1528
1487 1529
1487 1530
1488 1489
1488 1531
1488 1532
1488 1533
1489 1490
1489 1532
1489 1533
1489 1534
1490 1491
1490 1533
1490 1534
1491 1534
1491 1535
1492 1493
1492 1535
1492 1536
1492 1537
1493 1536
1493 1537
1493 1538
1494 1538
1494 1539
1494 1540
1495 1540
1495 1541
1495 1542
1496 1542
1496 1543
1496 1544
1497 1544
1497 1545
1497 1546
1498 1499
1498 1546
1498 1547
1499 1500
1499 1547
1499 1548
1500 1501
1500 1547
1500 1548
1500 1549
1501 1548
1501 1549
1502 1503
1502 1550
1502 1551
1503 1550
1503 1551
1503 1552
1504 1505
1504 1552
1504 1553
1505 1506
1505 1553
1505 1554
1506 1554
1506 1555
1507 1508
1507 1555
1507 1556
1507 1557
1508 1556
1508 1557
1508 1558
1509 1510
1509 1558
1509 1559
1509 1560
1510 1511
1510 1559
1510 1560
1510 1561
1511 1560
1511 1561
1511 1562
1512 1513
1512 1562
1512 1563
1512 1564
1513 1514
1513 1563
1513 1564
1514 1515
1514 1564
1515 1516
1515 1565
1516 1517
1516 1565
1517 1518
1517 1565
1517 1566
1518 1519
1518 1566
1518 1567
1519 1520
1519 1566
1519 1567
1519 1568
1520 1521
1520 1567
1520 1568
1520 1569
1521 1568
1521 1569
1521 1570
1522 1523
1522 1571
1522 1572
1523 1524
1523 1571
1523 1572
1523 1573
1524 1525
1524 1572
1524 1573
1524 1574
1525 1573
1525 1574
1525 1575
1526 1575
1526 1576
1526 1577
1527 1578
1527 1579
1528 1529
1528 1579
1528 1580
1529 1530
1529 1580
1529 1581
1530 1531
1530 1580
1530 1581
1530 1582
1531 1532
1531 1581
1531 1582
1531 1583
1532 1533
1532 1582
1532 1583
1532 1584
1533 1534
1533 1583
1533 1584
1533 1585
1534 1584
1534 1585
1535 1536
1535 1586
1535 1587
1536 1537
1536 1586
1536 1587
1536 1588
1537 1538
1537 1587
1537 1588
1537 1589
1538 1539
1538 1588
1538 1589
1539 1540
1539 1589
1539 1590
1540 1541
1540 1590
1540 1591
1541 1542
1541 1590
1541 1591
1541 1592
1542 1543
1542 1591
1542 1592
1542 1593
1543 1544
1543 1592
1543 1593
1543 1594
1544 1545
1544 1593
1544 1594
1545 1546
1545 1594
1545 1595
1546 1595
1546 1596
1547 1548
1547 1596
1547 1597
1548 1549
1548 1597
1548 1598
1549 1597
1549 1598
1550 1551
1550 1599
1550 1600
1551 1552
1551 1599
1551 1600
1552 1553
1552 1600
1552 1601
1553 1601
1553 1602
1554 1555
1554 1602
1554 1603
1554 1604
1555 1556
1555 1603
1555 1604
1555 1605
1556 1557
1556 1604
1556 1605
1556 1606
1557 1558
1557 1605
1557 1606
1557 1607
1558 1559
1558 1606
1558 1607
1558 1608
1559 1560
1559 1607
1559 1608
1560 1561
1560 1608
1560 1609
1561 1562
1561 1609
1561 1610
1562 1563
1562 1609
1562 1610
1562 1611
1563 1564
1563 1610
1563 1611
1563 1612
1564 1611
1564 1612
1564 1613
1565 1614
1565 1615
1565 1616
1566 1567
1566 1616
1566 1617
1567 1568
1567 1617
1567 1618
1568 1569
1568 1618
1568 1619
1569 1570
1569 1618
1569 1619
1569 1620
1570 1619
1570 1620
1570 1621
1571 1572
1571 1621
1571 1622
1572 1573
1572 1622
1572 1623
1573 1574
1573 1622
1573 1623
1573 1624
1574 1575
1574 1623
1574 1624
1574 1625
1575 1576
1575 1624
1575 1625
1575 1626
1576 1577
1576 1625
1576 1626
1576 1627
1577 1626
1577 1627
1578 1579
1578 1628
1578 1629
1579 1628
1579 1629
1579 1630
1580 1581
1580 1630
1580 1631
1580 1632
1581 1582
1581 1631
1581 1632
1582 1583
1582 1632
1583 1584
1583 1633
1584 1585
1584 1633
1584 1634
1585 1633
1585 1634
1586 1587
1586 1635
1587 1588
1587 1635
1587 1636
1588 1589
1588 1636
1588 1637
1589 1636
1589 1637
1589 1638
1590 1591
1590 1638
1590 1639
1590 1640
1591 1592
1591 1639
1591 1640
1592 1593
1592 1640
1593 1594
1593 1641
1594 1641
1594 1642
1595 1596
1595 1642
1595 1643
1595 1644
1596 1643
1596 1644
1597 1598
1597 1645
1597 1646
1598 1645
1598 1646
1599 1600
1599 1647
1600 1647
1600 1648
1601 1602
1601 1648
1601 1649
1601 1650
1602 1603
1602 1649
1602 1650
1602 1651
1603 1604
1603 1650
1603 1651
1603 1652
1604 1605
1604 1651
1604 1652
1604 1653
1605 1606
1605 1652
1605 1653
1605 1654
1606 1607
1606 1653
1606 1654
1606 1655
1607 1608
1607 1654
1607 1655
1608 1655
1608 1656
1609 1610
1609 1656
1609 1657
1610 1611
1610 1657
1611 1612
1611 1658
1612 1613
1612 1658
1612 1659
1613 1614
1613 1658
1613 1659
1613 1660
1614 1615
1614 1659
1614 1660
1614 1661
1615 1616
1615 1660
1615 1661
1615 1662
1616 1617
1616 1661
1616 1662
1616 1663
1617 1662
1617 1663
1617 1664
1618 1619
1618 1664
1618 1665
1619 1620
1619 1665
1619 1666
1620 1621
1620 1666
1620 1667
1621 1666
1621 1667
1622 1623
1622 1668
1622 1669
1623 1624
1623 1668
1623 1669
1623 1670
1624 1625
1624 1669
1624 1670
1624 1671
1625 1626
1625 1670
1625 1671
1625 1672
1626 1627
1626 1671
1626 1672
1626 1673
1627 1672
1627 1673
1627 1674
1628 1629
1628 1674
1628 1675
1628 1676
1629 1630
1629 1675
1629 1676
1629 1677
1630 1631
1630 1676
1630 1677
1630 1678
1631 1632
1631 1677
1631 1678
1631 1679
1632 1678
1632 1679
1632 1680
1633 1634
1633 1681
1633 1682
1633 1683
1634 1682
1634 1683
1634 1684
1635 1684
1635 1685
1635 1686
1636 1637
1636 1686
1636 1687
1636 1688
1637 1638
1637 1687
1637 1688
1637 1689
1638 1639
1638 1688
1638 1689
1638 1690
1639 1640
1639 1689
1639 1690
1639 1691
1640 1690
1640 1691
1640 1692
1641 1642
1641 1693
1641 1694
1641 1695
1642 1643
1642 1694
1642 1695
1642 1696
1643 1644
1643 1695
1643 1696
1643 1697
1644 1696
1644 1697
1644 1698
1645 1646
1645 1698
1645 1699
1646 1699
1647 1700
1647 1701
1648 1649
1648 1701
1648 1702
1648 1703
1649 1650
1649 1702
1649 1703
1649 1704
1650 1651
1650 1703
1650 1704
1650 1705
1651 1652
1651 1704
1651 1705
1651 1706
1652 1653
1652 1705
1652 1706
1652 1707
1653 1654
1653 1706
1653 1707
1653 1708
1654 1655
1654 1707
1654 1708
1654 1709
1655 1708
1655 1709
1655 1710
1656 1657
1656 1710
1656 1711
1656 1712
1657 1711
1657 1712
1657 1713
1658 1659
1658 1714
1658 1715
1658 1716
1659 1660
1659 1715
1659 1716
1660 1661
1660 1716
1660 1717
1661 1662
1661 1717
1661 1718
1662 1663
1662 1717
1662 1718
1662 1719
1663 1664
1663 1718
1663 1719
1664 1665
1664 1719
1664 1720
1665 1720
1665 1721
1666 1667
1666 1721
1666 1722
1667 1722
1668 1669
1668 1723
1668 1724
1669 1670
1669 1723
1669 1724
1669 1725
1670 1671
1670 1724
1670 1725
1670 1726
1671 1672
1671 1725
1671 1726
1671 1727
1672 1673
1672 1726
1672 1727
1672 1728
1673 1674
1673 1727
1673 1728
1673 1729
1674 1675
1674 1728
1674 1729
1674 1730
1675 1676
1675 1729
1675 1730
1675 1731
1676 1677
1676 1730
1676 1731
1676 1732
1677 1678
1677 1731
1677 1732
1678 1679
1678 1732
1678 1733
1679 1680
1679 1733
1679 1734
1680 1681
1680 1733
1680 1734
1680 1735
1681 1682
1681 1734
1681 1735
1682 1683
1682 1735
1682 1736
1683 1684
1683 1736
1683 1737
1684 1685
1684 1736
1684 1737
1685 1686
1685 1737
1685 1738
1686 1687
1686 1738
1686 1739
1687 1688
1687 1738
1687 1739
1687 1740
1688 1689
1688 1739
1688 1740
1688 1741
1689 1690
1689 1740
1689 1741
1689 1742
1690 1691
1690 1741
1690 1742
1690 1743
1691 1692
1691 1742
1691 1743
1691 1744
1692 1693
1692 1743
1692 1744
1692 1745
1693 1694
1693 1744
1693 1745
1693 1746
1694 1695
1694 1745
1694 1746
1694 1747
1695 1696
1695 1746
1695 1747
1696 1697
1696 1747
1696 1748
1697 1698
1697 1748
1697 1749
1698 1699
1698 1748
1698 1749
1698 1750
1699 1749
1699 1750
1699 1751
1700 1701
1700 1752
1700 1753
1701 1702
1701 1752
1701 1753
1701 1754
1702 1703
1702 1753
1702 1754
1702 1755
1703 1704
1703 1754
1703 1755
1703 1756
1704 1705
1704 1755
1704 1756
1704 1757
1705 1706
1705 1756
1705 1757
1705 1758
1706 1707
1706 1757
1706 1758
1706 1759
1707 1708
1707 1758
1707 1759
1707 1760
1708 1709
1708 1759
1708 1760
1709 1710
1709 1760
1709 1761
1710 1711
1710 1761
1711 1712
1711 1761
1711 1762
1712 1713
1712 1762
1712 1763
1713 1714
1713 1762
1713 1763
1713 1764
1714 1715
1714 1763
1714 1764
1714 1765
1715 1716
1715 1764
1715 1765
1715 1766
1716 1765
1716 1766
1716 1767
1717 1718
1717 1767
1717 1768
1717 1769
1718 1719
1718 1768
1718 1769
1718 1770
1719 1769
1719 1770
1719 1771
1720 1721
1720 1771
1720 1772
1720 1773
1721 1722
1721 1772
1721 1773
1721 1774
1722 1773
1722 1774
1722 1775
1723 1724
1723 1776
1723 1777
1724 1725
1724 1776
1724 1777
1724 1778
1725 1726
1725 1777
1725 1778
1725 1779
1726 1727
1726 1778
1726 1779
1727 1728
1727 1779
1727 1780
1728 1729
1728 1780
1728 1781
1729 1730
1729 1780
1729 1781
1729 1782
1730 1731
1730 1781
1730 1782
1730 1783
1731 1732
1731 1782
1731 1783
1731 1784
1732 1783
1732 1784
1733 1734
1733 1785
1734 1735
1734 1785
1734 1786
1735 1786
1735 1787
1736 1737
1736 1787
1736 1788
1736 1789
1737 1788
1737 1789
1737 1790
1738 1739
1738 1790
1738 1791
1739 1740
1739 1791
1739 1792
1740 1741
1740 1792
1740 1793
1741 1742
1741 1792
1741 1793
1741 1794
1742 1743
1742 1793
1742 1794
1742 1795
1743 1744
1743 1794
1743 1795
1743 1796
1744 1745
1744 1795
1744 1796
1744 1797
1745 1746
1745 1796
1745 1797
1745 1798
1746 1747
1746 1797
1746 1798
1746 1799
1747 1798
1747 1799
1747 1800
1748 1749
1748 1800
1748 1801
1748 1802
1749 1750
1749 1801
1749 1802
1749 1803
1750 1751
1750 1802
1750 1803
1750 1804
1751 1803
1751 1804
1752 1753
1752 1805
1752 1806
1753 1754
1753 1805
1753 1806
1753 1807
1754 1755
1754 1806
1754 1807
1754 1808
1755 1756
1755 1807
1755 1808
1755 1809
1756 1757
1756 1808
1756 1809
1757 1758
1757 1809
1757 1810
1758 1759
1758 1810
1759 1760
1759 1810
1759 1811
1760 1811
1760 1812
1761 1812
1761 1813
1761 1814
1762 1763
1762 1814
1762 1815
1763 1764
1763 1815
1763 1816
1764 1765
1764 1815
1764 1816
1764 1817
1765 1766
1765 1816
1765 1817
1765 1818
1766 1767
1766 1817
1766 1818
1766 1819
1767 1768
1767 1818
1767 1819
1767 1820
1768 1769
1768 1819
1768 1820
1768 1821
1769 1770
1769 1820
1769 1821
1770 1771
1770 1821
1770 1822
1771 1772
1771 1822
1771 1823
1772 1773
1772 1822
1772 1823
1772 1824
1773 1774
1773 1823
1773 1824
1773 1825
1774 1775
1774 1824
1774 1825
1774 1826
1775 1825
1775 1826
1775 1827
1776 1777
1776 1827
1776 1828
1776 1829
1777 1778
1777 1828
1777 1829
1777 1830
1778 1779
1778 1829
1778 1830
1778 1831
1779 1830
1779 1831
1779 1832
1780 1781
1780 1832
1780 1833
1781 1782
1781 1833
1781 1834
1782 1783
1782 1834
1782 1835
1783 1784
1783 1834
1783 1835
1783 1836
1784 1835
1784 1836
1785 1837
1785 1838
1786 1787
1786 1838
1786 1839
1786 1840
1787 1788
1787 1839
1787 1840
1787 1841
1788 1789
1788 1840
1788 1841
1789 1790
1789 1841
1790 1791
1790 1842
1791 1842
1791 1843
1792 1793
1792 1843
1792 1844
1792 1845
1793 1794
1793 1844
1793 1845
1793 1846
1794 1795
1794 1845
1794 1846
1794 1847
1795 1796
1795 1846
1795 1847
1796 1797
1796 1847
1797 1798
1797 1848
1798 1799
1798 1848
1798 1849
1799 1800
1799 1848
1799 1849
1800 1801
1800 1849
1800 1850
1801 1802
1801 1850
1801 1851
1802 1803
1802 1850
1802 1851
1802 1852
1803 1804
1803 1851
1803 1852
1804 1852
1805 1806
1805 1853
1805 1854
1806 1807
1806 1853
1806 1854
1807 1808
1807 1854
1808 1809
1808 1855
1809 1855
1809 1856
1810 1856
1810 1857
1810 1858
1811 1812
1811 1858
1811 1859
1812 1813
1812 1859
1813 1814
1813 1859
1813 1860
1814 1860
1814 1861
1815 1816
1815 1861
1815 1862
1815 1863
1816 1817
1816 1862
1816 1863
1816 1864
1817 1818
1817 1863
1817 1864
1817 1865
1818 1819
1818 1864
1818 1865
1818 1866
1819 1820
1819 1865
1819 1866
1819 1867
1820 1821
1820 1866
1820 1867
1820 1868
1821 1867
1821 1868
1822 1823
1822 1869
1822 1870
1823 1824
1823 1869
1823 1870
1823 1871
1824 1825
1824 1870
1824 1871
1825 1826
1825 1871
1826 1827
1826 1872
1827 1828
1827 1872
1827 1873
1828 1829
1828 1872
1828 1873
1828 1874
1829 1830
1829 1873
1829 1874
1830 1831
1830 1874
1830 1875
1831 1832
1831 1875
1831 1876
1832 1833
1832 1875
1832 1876
1832 1877
1833 1876
1833 1877
1833 1878
1834 1835
1834 1878
1834 1879
1834 1880
1835 1836
1835 1879
1835 1880
1835 1881
1836 1880
1836 1881
1836 1882
1837 1838
1837 1882
1837 1883
1838 1839
1838 1883
1838 1884
1839 1840
1839 1883
1839 1884
1839 1885
1840 1841
1840 1884
1840 1885
1840 1886
1841 1885
1841 1886
1842 1843
1842 1887
1842 1888
1842 1889
1843 1844
1843 1888
1843 1889
1843 1890
1844 1845
1844 1889
1844 1890
1844 1891
1845 1846
1845 1890
1845 1891
1846 1847
1846 1891
1846 1892
1847 1892
1847 1893
1848 1849
1848 1894
1848 1895
1848 1896
1849 1895
1849 1896
1849 1897
1850 1851
1850 1897
1851 1852
1852 1898
1853 1854
1853 1899
1853 1900
1854 1899
1854 1900
1855 1856
1855 1901
1855 1902
1855 1903
1856 1857
1856 1902
1856 1903
1856 1904
1857 1858
1857 1903
1857 1904
1857 1905
1858 1904
1858 1905
1858 1906
1859 1906
1859 1907
1859 1908
1860 1861
1860 1908
1860 1909
1861 1862
1861 1909
1861 1910
1862 1863
1862 1909
1862 1910
1862 1911
1863 1864
1863 1910
1863 1911
1863 1912
1864 1865
1864 1911
1864 1912
1864 1913
1865 1866
1865 1912
1865 1913
1865 1914
1866 1867
1866 1913
1866 1914
1866 1915
1867 1868
1867 1914
1867 1915
1867 1916
1868 1915
1868 1916
1868 1917
1869 1870
1869 1917
1869 1918
1869 1919
1870 1871
1870 1918
1870 1919
1870 1920
1871 1919
1871 1920
1871 1921
1872 1873
1872 1922
1872 1923
1872 1924
1873 1874
1873 1923
1873 1924
1873 1925
1874 1924
1874 1925
1874 1926
1875 1876
1875 1926
1875 1927
1875 1928
1876 1877
1876 1927
1876 1928
1876 1929
1877 1878
1877 1928
1877 1929
1877 1930
1878 1879
1878 1929
1878 1930
1878 1931
1879 1880
1879 1930
1879 1931
1880 1881
1880 1931
1880 1932
1881 1882
1881 1932
1881 1933
1882 1932
1882 1933
1883 1884
1883 1934
1883 1935
1884 1885
1884 1934
1884 1935
1885 1886
1885 1935
1886 1936
1887 1888
1887 1936
1887 1937
1887 1938
1888 1889
1888 1937
1888 1938
1889 1890
1889 1938
1889 1939
1890 1891
1890 1939
1890 1940
1891 1939
1891 1940
1891 1941
1892 1893
1892 1941
1892 1942
1892 1943
1893 1894
1893 1942
1893 1943
1893 1944
1894 1895
1894 1943
1894 1944
1894 1945
1895 1896
1895 1944
1895 1945
1895 1946
1896 1897
1896 1945
1896 1946
1896 1947
1897 1946
1897 1947
1897 1948
1898 1950
1899 1900
1899 1951
1899 1952
1900 1951
1900 1952
1900 1953
1901 1902
1901 1953
1901 1954
1902 1903
1902 1954
1902 1955
1903 1904
1903 1954
1903 1955
1903 1956
1904 1905
1904 1955
1904 1956
1904 1957
1905 1906
1905 1956
1905 1957
1906 1907
1906 1957
1906 1958
1907 1908
1907 1958
1907 1959
1908 1958
1908 1959
1909 1910
1909 1960
1910 1911
1910 1960
1910 1961
1911 1912
1911 1961
1911 1962
1912 1913
1912 1961
1912 1962
1912 1963
1913 1914
1913 1962
1913 1963
1913 1964
1914 1915
1914 1963
1914 1964
1914 1965
1915 1916
1915 1964
1915 1965
1915 1966
1916 1917
1916 1965
1916 1966
1916 1967
1917 1918
1917 1966
1917 1967
1918 1919
1918 1967
1919 1920
1920 1921
1920 1968
1921 1922
1921 1968
1921 1969
1922 1923
1922 1968
1922 1969
1922 1970
1923 1924
1923 1969
1923 1970
1924 1925
1924 1970
1925 1926
1925 1971
1926 1927
1926 1971
1927 1928
1927 1971
1927 1972
1928 1929
1928 1972
1928 1973
1929 1930
1929 1972
1929 1973
1929 1974
1930 1931
1930 1973
1930 1974
1930 1975
1931 1974
1931 1975
1932 1933
1932 1976
1933 1976
1934 1935
1934 1977
1935 1977
1935 1978
1936 1937
1936 1979
1936 1980
1937 1938
1937 1980
1937 1981
1938 1981
1939 1940
1939 1982
1939 1983
1940 1941
1940 1982
1940 1983
1940 1984
1941 1942
1941 1983
1941 1984
1941 1985
1942 1943
1942 1984
1942 1985
1942 1986
1943 1944
1943 1985
1943 1986
1944 1945
1944 1986
1944 1987
1945 1946
1945 1987
1946 1947
1946 1987
1946 1988
1947 1948
1947 1988
1947 1989
1948 1949
1948 1988
1948 1989
1948 1990
1949 1950
1949 1989
1949 1990
1950 1990
1951 1952
1951 1991
1951 1992
1952 1953
1952 1991
1952 1992
1952 1993
1953 1992
1953 1993
1953 1994
1954 1955
1954 1994
1954 1995
1954 1996
1955 1956
1955 1995
1955 1996
1955 1997
1956 1957
1956 1996
1956 1997
1956 1998
1957 1997
1957 1998
1957 1999
1958 1959
1958 1999
1958 2000
1959 2000
1959 2001
1960 2001
1960 2002
1961 1962
1961 2002
1961 2003
1961 2004
1962 1963
1962 2003
1962 2004
1962 2005
1963 1964
1963 2004
1963 2005
1963 2006
1964 1965
1964 2005
1964 2006
1964 2007
1965 1966
1965 2006
1965 2007
1966 1967
1966 2007
1966 2008
1967 2008
1968 1969
1968 2009
1969 1970
1970 2010
1971 2011
1971 2012
1972 1973
1972 2012
1972 2013
1973 1974
1973 2013
1973 2014
1974 1975
1974 2014
1974 2015
1975 2014
1975 2015
1975 2016
1976 2017
1976 2018
1976 2019
1977 2019
1977 2020
1977 2021
1978 1979
1978 2021
1978 2022
1978 2023
1979 1980
1979 2022
1979 2023
1979 2024
1980 2023
1980 2024
1980 2025
1981 2025
1981 2026
1981 2027
1982 1983
1982 2027
1982 2028
1983 1984
1983 2028
1983 2029
1984 1985
1984 2029
1984 2030
1985 1986
1985 2029
1985 2030
1985 2031
1986 2030
1986 2031
1987 2032
1988 1989
1988 2032
1988 2033
1988 2034
1989 1990
1989 2033
1989 2034
1989 2035
1990 2034
1990 2035
1990 2036
1991 1992
1991 2038
1992 1993
1992 2038
1992 2039
1993 1994
1993 2038
1993 2039
1993 2040
1994 1995
1994 2039
1994 2040
1994 2041
1995 1996
1995 2040
1995 2041
1995 2042
1996 1997
1996 2041
1996 2042
1997 1998
1997 2042
1997 2043
1998 1999
1998 2043
1998 2044
1999 2000
1999 2043
1999 2044
1999 2045
2000 2044
2000 2045
2000 2046
2001 2046
2001 2047
2001 2048
2002 2003
2002 2048
2002 2049
2003 2004
2003 2049
2003 2050
2004 2005
2004 2050
2004 2051
2005 2006
2005 2050
2005 2051
2006 2007
2006 2051
2006 2052
2007 2052
2007 2053
2008 2053
2008 2054
2008 2055
2009 2056
2009 2057
2009 2058
2010 2011
2010 2060
2010 2061
2010 2062
2011 2061
2011 2062
2012 2013
2012 2063
2012 2064
2013 2063
2013 2064
2013 2065
2014 2015
2014 2065
2014 2066
2014 2067
2015 2016
2015 2066
2015 2067
2015 2068
2016 2017
2016 2067
2016 2068
2016 2069
2017 2018
2017 2068
2017 2069
2017 2070
2018 2019
2018 2069
2018 2070
2018 2071
2019 2020
2019 2070
2019 2071
2019 2072
2020 2021
2020 2071
2020 2072
2020 2073
2021 2022
2021 2072
2021 2073
2021 2074
2022 2023
2022 2073
2022 2074
2023 2024
2023 2074
2023 2075
2024 2025
2024 2075
2025 2026
2025 2075
2025 2076
2026 2027
2026 2076
2027 2028
2027 2076
2027 2077
2028 2077
2028 2078
2029 2030
2029 2078
2029 2079
2029 2080
2030 2031
2030 2079
2030 2080
2030 2081
2031 2080
2031 2081
2031 2082
2032 2033
2032 2083
2032 2084
2032 2085
2033 2034
2033 2084
2033 2085
2033 2086
2034 2035
2034 2085
2034 2086
2034 2087
2035 2036
2035 2086
2035 2087
2035 2088
2036 2037
2036 2087
2036 2088
2036 2089
2037 2088
2037 2089
2038 2039
2038 2090
2038 2091
2039 2040
2039 2090
2039 2091
2040 2041
2040 2091
2040 2092
2041 2042
2041 2092
2041 2093
2042 2092
2042 2093
2042 2094
2043 2044
2043 2094
2043 2095
2043 2096
2044 2045
2044 2095
2044 2096
2044 2097
2045 2046
2045 2096
2045 2097
2046 2047
2046 2097
2047 2048
2047 2098
2048 2049
2048 2098
2048 2099
2049 2098
2049 2099
2050 2051
2050 2100
2050 2101
2051 2100
2051 2101
2051 2102
2052 2053
2052 2102
2053 2054
2053 2103
2054 2055
2054 2103
2054 2104
2055 2056
2055 2103
2055 2104
2056 2057
2056 2104
2057 2058
2057 2105
2058 2059
2058 2105
2058 2106
2059 2060
2059 2105
2059 2106
2059 2107
2060 2061
2060 2106
2060 2107
2060 2108
2061 2062
2061 2107
2061 2108
2061 2109
2062 2108
2062 2109
2062 2110
2063 2064
2063 2110
2063 2111
2063 2112
2064 2065
2064 2111
2064 2112
2065 2066
2065 2112
2065 2113
2066 2067
2066 2113
2066 2114
2067 2068
2067 2113
2067 2114
2067 2115
2068 2069
2068 2114
2068 2115
2068 2116
2069 2070
2069 2115
2069 2116
2069 2117
2070 2071
2070 2116
2070 2117
2070 2118
2071 2072
2071 2117
2071 2118
2071 2119
2072 2073
2072 2118
2072 2119
2072 2120
2073 2074
2073 2119
2073 2120
2074 2120
2074 2121
2075 2121
2075 2122
2075 2123
2076 2123
2076 2124
2076 2125
2077 2078
2077 2125
2077 2126
2078 2079
2078 2126
2079 2080
2079 2126
2079 2127
2080 2081
2080 2127
2080 2128
2081 2082
2081 2127
2081 2128
2081 2129
2082 2083
2082 2128
2082 2129
2082 2130
2083 2084
2083 2129
2083 2130
2084 2085
2084 2130
2084 2131
2085 2086
2085 2131
2085 2132
2086 2087
2086 2131
2086 2132
2086 2133
2087 2088
2087 2132
2087 2133
2088 2089
2088 2133
2088 2134
2089 2134
2090 2091
2090 2135
2090 2136
2091 2136
2091 2137
2092 2093
2092 2137
2092 2138
2092 2139
2093 2094
2093 2138
2093 2139
2093 2140
2094 2095
2094 2139
2094 2140
2094 2141
2095 2096
2095 2140
2095 2141
2095 2142
2096 2097
2096 2141
2096 2142
2096 2143
2097 2142
2097 2143
2097 2144
2098 2099
2098 2145
2098 2146
2098 2147
2099 2146
2099 2147
2099 2148
2100 2101
2100 2148
2100 2149
2101 2102
2101 2149
2101 2150
2102 2150
2102 2151
2103 2104
2103 2152
2103 2153
2104 2153
2104 2154
2105 2106
2105 2155
2105 2156
2105 2157
2106 2107
2106 2156
2106 2157
2106 2158
2107 2108
2107 2157
2107 2158
2107 2159
2108 2109
2108 2158
2108 2159
2108 2160
2109 2110
2109 2159
2109 2160
2109 2161
2110 2111
2110 2160
2110 2161
2110 2162
2111 2112
2111 2161
2111 2162
2111 2163
2112 2162
2112 2163
2112 2164
2113 2114
2113 2164
2113 2165
2113 2166
2114 2115
2114 2165
2114 2166
2114 2167
2115 2116
2115 2166
2115 2167
2115 2168
2116 2117
2116 2167
2116 2168
2116 2169
2117 2118
2117 2168
2117 2169
2117 2170
2118 2119
2118 2169
2118 2170
2118 2171
2119 2120
2119 2170
2119 2171
2119 2172
2120 2171
2120 2172
2120 2173
2121 2122
2121 2173
2121 2174
2122 2123
2122 2174
2123 2124
2123 2174
2124 2125
2124 2175
2125 2175
2126 2176
2126 2177
2127 2128
2127 2177
2127 2178
2128 2129
2128 2178
2128 2179
2129 2130
2129 2178
2129 2179
2129 2180
2130 2179
2130 2180
2130 2181
2131 2132
2131 2181
2131 2182
2132 2133
2132 2182
2132 2183
2133 2182
2133 2183
2133 2184
2134 2184
2135 2185
2136 2137
2136 2186
2136 2187
2137 2138
2137 2186
2137 2187
2137 2188
2138 2139
2138 2187
2138 2188
2138 2189
2139 2140
2139 2188
2139 2189
2139 2190
2140 2141
2140 2189
2140 2190
2140 2191
2141 2142
2141 2190
2141 2191
2142 2143
2142 2191
2142 2192
2143 2144
2143 2192
2143 2193
2144 2145
2144 2192
2144 2193
2145 2146
2145 2193
2146 2147
2146 2194
2147 2148
2147 2194
2148 2149
2148 2194
2149 2195
2150 2151
2150 2195
2150 2196
2150 2197
2151 2152
2151 2196
2151 2197
2151 2198
2152 2197
2152 2198
2152 2199
2153 2154
2153 2199
2153 2200
2154 2155
2154 2200
2154 2201
2155 2156
2155 2200
2155 2201
2155 2202
2156 2157
2156 2201
2156 2202
2157 2158
2157 2202
2157 2203
2158 2159
2158 2203
2158 2204
2159 2160
2159 2203
2159 2204
2159 2205
2160 2161
2160 2204
2160 2205
2160 2206
2161 2162
2161 2205
2161 2206
2161 2207
2162 2163
2162 2206
2162 2207
2162 2208
2163 2164
2163 2207
2163 2208
2164 2165
2164 2208
2164 2209
2165 2166
2165 2209
2165 2210
2166 2167
2166 2209
2166 2210
2166 2211
2167 2168
2167 2210
2167 2211
2167 2212
2168 2169
2168 2211
2168 2212
2168 2213
2169 2170
2169 2212
2169 2213
2169 2214
2170 2171
2170 2213
2170 2214
2170 2215
2171 2172
2171 2214
2171 2215
2172 2173
2172 2215
2173 2216
2174 2216
2174 2217
2175 2218
2175 2219
2175 2220
2176 2177
2176 2220
2176 2221
2177 2221
2177 2222
2178 2179
2178 2222
2178 2223
2179 2180
2179 2223
2179 2224
2180 2181
2180 2223
2180 2224
2180 2225
2181 2224
2181 2225
2181 2226
2182 2183
2182 2226
2182 2227
2182 2228
2183 2184
2183 2227
2183 2228
2183 2229
2184 2228
2184 2229
2184 2230
2185 2231
2185 2232
2186 2187
2186 2232
2186 2233
2186 2234
2187 2188
2187 2233
2187 2234
2187 2235
2188 2189
2188 2234
2188 2235
2188 2236
2189 2190
2189 2235
2189 2236
2190 2191
2190 2236
2190 2237
2191 2237
2191 2238
2192 2193
2192 2238
2192 2239
2193 2239
2193 2240
2194 2241
2194 2242
2195 2196
2195 2243
2195 2244
2195 2245
2196 2197
2196 2244
2196 2245
2197 2198
2197 2245
2197 2246
2198 2199
2198 2246
2198 2247
2199 2246
2199 2247
2199 2248
2200 2201
2200 2248
2200 2249
2200 2250
2201 2202
2201 2249
2201 2250
2201 2251
2202 2250
2202 2251
2202 2252
2203 2204
2203 2252
2203 2253
2203 2254
2204 2205
2204 2253
2204 2254
2205 2206
2205 2254
2206 2207
2207 2208
2207 2255
2208 2255
2208 2256
2209 2210
2209 2256
2209 2257
2209 2258
2210 2211
2210 2257
2210 2258
2210 2259
2211 2212
2211 2258
2211 2259
2211 2260
2212 2213
2212 2259
2212 2260
2212 2261
2213 2214
2213 2260
2213 2261
2213 2262
2214 2215
2214 2261
2214 2262
2214 2263
2215 2262
2215 2263
2215 2264
2216 2265
2216 2266
2217 2218
2217 2266
2217 2267
2218 2219
2218 2267
2219 2220
2219 2267
2219 2268
2220 2268
2220 2269
2221 2222
2221 2269
2221 2270
2221 2271
2222 2270
2222 2271
2222 2272
2223 2224
2223 2272
2223 2273
2223 2274
2224 2225
2224 2273
2224 2274
2224 2275
2225 2226
2225 2274
2225 2275
2225 2276
2226 2227
2226 2275
2226 2276
2227 2228
2227 2276
2227 2277
2228 2229
2228 2277
2228 2278
2229 2230
2229 2277
2229 2278
2229 2279
2230 2278
2230 2279
2231 2232
2231 2280
2231 2281
2232 2233
2232 2280
2232 2281
2232 2282
2233 2234
2233 2281
2233 2282
2233 2283
2234 2235
2234 2282
2234 2283
2235 2236
2235 2283
2235 2284
2236 2284
2236 2285
2237 2238
2237 2285
2237 2286
2238 2239
2238 2286
2239 2286
2239 2287
2240 2287
2240 2288
2240 2289
2241 2242
2241 2289
2241 2290
2242 2243
2242 2290
2242 2291
2243 2244
2243 2290
2243 2291
2243 2292
2244 2245
2244 2291
2244 2292
2244 2293
2245 2292
2245 2293
2246 2247
2246 2294
2247 2248
2247 2294
2247 2295
2248 2249
2248 2294
2248 2295
2248 2296
2249 2250
2249 2295
2249 2296
2250 2251
2250 2296
2251 2252
2251 2297
2252 2253
2252 2297
2252 2298
2253 2254
2253 2297
2253 2298
2253 2299
2254 2298
2254 2299
2255 2256
2255 2301
2255 2302
2256 2257
2256 2302
2256 2303
2257 2258
2257 2302
2257 2303
2257 2304
2258 2259
2258 2303
2258 2304
2258 2305
2259 2260
2259 2304
2259 2305
2259 2306
2260 2261
2260 2305
2260 2306
2260 2307
2261 2262
2261 2306
2261 2307
2262 2263
2262 2307
2263 2264
2264 2308
2265 2266
2265 2308
2265 2309
2265 2310
2266 2309
2266 2310
2266 2311
2267 2311
2267 2312
2267 2313
2268 2269
2268 2313
2268 2314
2268 2315
2269 2270
2269 2314
2269 2315
2269 2316
2270 2271
2270 2315
2270 2316
2271 2272
2271 2316
2271 2317
2272 2273
2272 2317
2272 2318
2273 2274
2273 2317
2273 2318
2273 2319
2274 2275
2274 2318
2274 2319
2274 2320
2275 2276
2275 2319
2275 2320
2275 2321
2276 2320
2276 2321
2276 2322
2277 2278
2277 2322
2277 2323
2277 2324
2278 2279
2278 2323
2278 2324
2278 2325
2279 2324
2279 2325
2280 2281
2280 2326
2280 2327
2281 2282
2281 2326
2281 2327
2281 2328
2282 2283
2282 2327
2282 2328
2282 2329
2283 2328
2283 2329
2284 2285
2284 2330
2284 2331
2285 2330
2285 2331
2285 2332
2286 2332
2286 2333
2287 2288
2287 2333
2287 2334
2287 2335
2288 2289
2288 2334
2288 2335
2289 2335
2289 2336
2290 2291
2290 2336
2290 2337
2290 2338
2291 2292
2291 2337
2291 2338
2292 2293
2292 2338
2292 2339
2293 2339
2293 2340
2294 2295
2294 2341
2294 2342
2295 2296
2295 2342
2295 2343
2296 2342
2296 2343
2296 2344
2297 2298
2297 2345
2297 2346
2297 2347
2298 2299
2298 2346
2298 2347
2298 2348
2299 2347
2299 2348
2299 2349
2300 2301
2300 2349
2300 2350
2300 2351
2301 2350
2301 2351
2301 2352
2302 2303
2302 2352
2302 2353
2302 2354
2303 2304
2303 2353
2303 2354
2303 2355
2304 2305
2304 2354
2304 2355
2305 2306
2305 2355
2306 2307
2306 2356
2307 2356
2307 2357
2308 2309
2308 2359
2308 2360
2308 2361
2309 2310
2309 2360
2309 2361
2309 2362
2310 2311
2310 2361
2310 2362
2310 2363
2311 2312
2311 2362
2311 2363
2311 2364
2312 2313
2312 2363
2312 2364
2312 2365
2313 2314
2313 2364
2313 2365
2313 2366
2314 2315
2314 2365
2314 2366
2314 2367
2315 2316
2315 2366
2315 2367
2316 2367
2317 2318
2318 2319
2318 2368
2319 2320
2319 2368
2320 2321
2320 2368
2321 2322
2321 2369
2322 2323
2322 2369
2322 2370
2323 2324
2323 2369
2323 2370
2323 2371
2324 2325
2324 2370
2324 2371
2324 2372
2325 2371
2325 2372
2326 2327
2326 2373
2326 2374
2327 2328
2327 2373
2327 2374
2327 2375
2328 2329
2328 2374
2328 2375
2328 2376
2329 2375
2329 2376
2330 2331
2331 2332
2331 2377
2332 2377
2332 2378
2333 2334
2333 2378
2333 2379
2333 2380
2334 2335
2334 2379
2334 2380
2334 2381
2335 2380
2335 2381
2336 2337
2336 2382
2336 2383
2337 2338
2337 2382
2337 2383
2337 2384
2338 2383
2338 2384
2338 2385
2339 2340
2339 2385
2339 2386
2340 2341
2340 2386
2340 2387
2341 2386
2341 2387
2341 2388
2342 2343
2342 2388
2342 2389
2343 2344
2343 2389
2343 2390
2344 2345
2344 2389
2344 2390
2344 2391
2345 2346
2345 2390
2345 2391
2346 2347
2346 2391
2347 2348
2347 2392
2348 2349
2348 2392
2348 2393
2349 2350
2349 2392
2349 2393
2349 2394
2350 2351
2350 2393
2350 2394
2351 2352
2351 2394
2351 2395
2352 2353
2352 2395
2352 2396
2353 2354
2353 2395
2353 2396
2353 2397
2354 2355
2354 2396
2354 2397
2354 2398
2355 2397
2355 2398
2355 2399
2356 2357
2356 2400
2356 2401
2357 2358
2357 2401
2357 2402
2358 2359
2358 2401
2358 2402
2359 2360
2359 2402
2360 2361
2360 2403
2361 2362
2361 2403
2361 2404
2362 2363
2362 2403
2362 2404
2362 2405
2363 2364
2363 2404
2363 2405
2364 2365
2364 2405
2364 2406
2365 2366
2365 2406
2365 2407
2366 2367
2366 2406
2366 2407
2367 2407
2367 2408
2368 2411
2369 2370
2369 2412
2369 2413
2370 2371
2370 2412
2370 2413
2370 2414
2371 2372
2371 2413
2371 2414
2371 2415
2372 2414
2372 2415
2373 2374
2373 2416
2373 2417
2374 2375
2374 2416
2374 2417
2374 2418
2375 2376
2375 2417
2375 2418
2375 2419
2376 2418
2376 2419
2376 2420
2377 2378
2377 2421
2377 2422
2378 2379
2378 2422
2378 2423
2379 2380
2379 2423
2379 2424
2380 2381
2380 2423
2380 2424
2380 2425
2381 2424
2381 2425
2381 2426
2382 2383
2382 2426
2382 2427
2382 2428
2383 2384
2383 2427
2383 2428
2383 2429
2384 2385
2384 2428
2384 2429
2384 2430
2385 2429
2385 2430
2385 2431
2386 2387
2386 2431
2386 2432
2387 2388
2387 2432
2387 2433
2388 2433
2388 2434
2389 2390
2389 2434
2389 2435
2389 2436
2390 2391
2390 2435
2390 2436
2391 2436
2391 2437
2392 2393
2392 2438
2392 2439
2392 2440
2393 2394
2393 2439
2393 2440
2393 2441
2394 2440
2394 2441
2394 2442
2395 2396
2395 2442
2395 2443
2396 2397
2396 2443
2397 2398
2398 2399
2398 2444
2399 2400
2399 2444
2399 2445
2400 2444
2400 2445
2400 2446
2401 2402
2401 2446
2402 2447
2403 2404
2403 2448
2403 2449
2403 2450
2404 2405
2404 2449
2404 2450
2404 2451
2405 2450
2405 2451
2405 2452
2406 2407
2406 2452
2406 2453
2407 2453
2407 2454
2408 2409
2408 2454
2408 2455
2409 2410
2409 2455
2409 2456
2410 2456
2410 2457
2411 2457
2411 2458
2412 2413
2412 2459
2413 2414
2414 2415
2414 2460
2415 2460
2416 2417
2416 2461
2416 2462
2417 2418
2417 2461
2417 2462
2417 2463
2418 2419
2418 2462
2418 2463
2419 2420
2419 2463
2419 2464
2420 2464
2420 2465
2421 2422
2421 2465
2421 2466
2421 2467
2422 2466
2422 2467
2422 2468
2423 2424
2423 2468
2424 2425
2424 2469
2425 2426
2425 2469
2425 2470
2426 2427
2426 2469
2426 2470
2426 2471
2427 2428
2427 2470
2427 2471
2427 2472
2428 2429
2428 2471
2428 2472
2428 2473
2429 2430
2429 2472
2429 2473
2429 2474
2430 2431
2430 2473
2430 2474
2430 2475
2431 2432
2431 2474
2431 2475
2431 2476
2432 2475
2432 2476
2432 2477
2433 2434
2433 2477
2433 2478
2434 2435
2434 2478
2434 2479
2435 2436
2435 2479
2435 2480
2436 2479
2436 2480
2437 2438
2437 2481
2438 2439
2438 2481
2439 2440
2439 2481
2439 2482
2440 2441
2440 2482
2440 2483
2441 2442
2441 2482
2441 2483
2442 2443
2442 2483
2442 2484
2443 2484
2443 2485
2444 2445
2444 2487
2444 2488
2444 2489
2445 2446
2445 2488
2445 2489
2445 2490
2446 2489
2446 2490
2446 2491
2447 2448
2447 2492
2447 2493
2448 2449
2448 2493
2448 2494
2449 2450
2449 2493
2449 2494
2449 2495
2450 2451
2450 2494
2450 2495
2450 2496
2451 2452
2451 2495
2451 2496
2451 2497
2452 2453
2452 2496
2452 2497
2452 2498
2453 2497
2453 2498
2453 2499
2454 2455
2454 2499
2455 2500
2456 2457
2456 2500
2456 2501
2456 2502
2457 2501
2457 2502
2457 2503
2458 2459
2458 2503
2459 2504
2460 2506
2460 2507
2461 2462
2461 2508
2461 2509
2462 2463
2462 2508
2462 2509
2463 2509
2463 2510
2464 2465
2464 2510
2464 2511
2464 2512
2465 2466
2465 2511
2465 2512
2465 2513
2466 2467
2466 2512
2466 2513
2466 2514
2467 2468
2467 2513
2467 2514
2467 2515
2468 2514
2468 2515
2469 2470
2469 2516
2469 2517
2470 2471
2470 2517
2470 2518
2471 2472
2471 2517
2471 2518
2472 2473
2472 2518
2472 2519
2473 2474
2473 2519
2473 2520
2474 2475
2474 2519
2474 2520
2474 2521
2475 2476
2475 2520
2475 2521
2475 2522
2476 2477
2476 2521
2476 2522
2476 2523
2477 2478
2477 2522
2477 2523
2478 2523
2478 2524
2479 2480
2479 2524
2479 2525
2479 2526
2480 2525
2480 2526
2481 2527
2481 2528
2481 2529
2482 2483
2482 2529
2482 2530
2483 2530
2483 2531
2484 2485
2484 2531
2484 2532
2484 2533
2485 2486
2485 2532
2485 2533
2485 2534
2486 2487
2486 2533
2486 2534
2486 2535
2487 2488
2487 2534
2487 2535
2487 2536
2488 2489
2488 2535
2488 2536
2488 2537
2489 2490
2489 2536
2489 2537
2490 2491
2490 2537
2490 2538
2491 2492
2491 2538
2492 2538
2492 2539
2493 2494
2493 2539
2493 2540
2493 2541
2494 2495
2494 2540
2494 2541
2494 2542
2495 2496
2495 2541
2495 2542
2496 2497
2496 2542
2496 2543
2497 2498
2497 2543
2497 2544
2498 2499
2498 2543
2498 2544
2498 2545
2499 2544
2499 2545
2499 2546
2500 2501
2500 2547
2500 2548
2501 2502
2501 2548
2502 2503
2502 2549
2503 2549
2503 2550
2504 2505
2504 2551
2504 2552
2505 2506
2505 2551
2505 2552
2505 2553
2506 2507
2506 2552
2506 2553
2507 2553
2508 2509
2508 2554
2508 2555
2509 2554
2509 2555
2509 2556
2510 2511
2510 2556
2510 2557
2510 2558
2511 2512
2511 2557
2511 2558
2511 2559
2512 2513
2512 2558
2512 2559
2512 2560
2513 2514
2513 2559
2513 2560
2513 2561
2514 2515
2514 2560
2514 2561
2514 2562
2515 2561
2515 2562
2515 2563
2516 2563
2516 2564
2517 2518
2517 2565
2517 2566
2518 2565
2518 2566
2518 2567
2519 2520
2519 2567
2519 2568
2519 2569
2520 2521
2520 2568
2520 2569
2520 2570
2521 2522
2521 2569
2521 2570
2521 2571
2522 2523
2522 2570
2522 2571
2522 2572
2523 2571
2523 2572
2523 2573
2524 2525
2524 2573
2524 2574
2524 2575
2525 2526
2525 2574
2525 2575
2525 2576
2526 2575
2526 2576
2527 2528
2528 2529
2528 2577
2529 2530
2529 2577
2529 2578
2530 2577
2530 2578
2530 2579
2531 2532
2531 2579
2531 2580
2532 2533
2532 2580
2532 2581
2533 2534
2533 2580
2533 2581
2533 2582
2534 2535
2534 2581
2534 2582
2534 2583
2535 2536
2535 2582
2535 2583
2535 2584
2536 2537
2536 2583
2536 2584
2536 2585
2537 2584
2537 2585
2537 2586
2538 2586
2538 2587
2539 2540
2539 2587
2539 2588
2540 2541
2540 2588
2541 2542
2541 2588
2541 2589
2542 2589
2542 2590
2543 2544
2543 2590
2543 2591
2543 2592
2544 2545
2544 2591
2544 2592
2545 2546
2545 2592
2546 2547
2546 2593
2547 2548
2547 2593
2547 2594
2548 2593
2548 2594
2549 2550
2549 2595
2549 2596
2549 2597
2550 2596
2550 2597
2550 2598
2551 2552
2551 2598
2551 2599
2551 2600
2552 2553
2552 2599
2552 2600
2552 2601
2553 2600
2553 2601
2553 2602
2554 2555
2554 2603
2554 2604
2555 2556
2555 2603
2555 2604
2555 2605
2556 2557
2556 2604
2556 2605
2556 2606
2557 2558
2557 2605
2557 2606
2557 2607
2558 2559
2558 2606
2558 2607
2558 2608
2559 2560
2559 2607
2559 2608
2559 2609
2560 2561
2560 2608
2560 2609
2561 2562
2561 2609
2561 2610
2562 2563
2562 2610
2563 2564
2563 2610
2563 2611
2564 2611
2564 2612
2565 2566
2565 2612
2565 2613
2565 2614
2566 2567
2566 2613
2566 2614
2566 2615
2567 2568
2567 2614
2567 2615
2567 2616
2568 2569
2568 2615
2568 2616
2569 2570
2569 2616
2569 2617
2570 2571
2570 2617
2570 2618
2571 2572
2571 2617
2571 2618
2572 2573
2572 2618
2572 2619
2573 2574
2573 2619
2573 2620
2574 2575
2574 2619
2574 2620
2574 2621
2575 2576
2575 2620
2575 2621
2575 2622
2576 2621
2576 2622
2576 2623
2577 2578
2577 2625
2577 2626
2578 2579
2578 2626
2578 2627
2579 2627
2579 2628
2580 2581
2580 2628
2580 2629
2581 2582
2581 2629
2581 2630
2582 2583
2582 2629
2582 2630
2582 2631
2583 2584
2583 2630
2583 2631
2583 2632
2584 2585
2584 2631
2584 2632
2584 2633
2585 2586
2585 2632
2585 2633
2586 2633
2586 2634
2587 2634
2587 2635
2588 2635
2588 2636
2588 2637
2589 2590
2589 2637
2589 2638
2590 2591
2590 2638
2590 2639
2591 2592
2591 2638
2591 2639
2591 2640
2592 2639
2592 2640
2592 2641
2593 2594
2593 2642
2594 2642
2594 2643
2595 2596
2595 2643
2595 2644
2596 2597
2596 2644
2596 2645
2597 2598
2597 2644
2597 2645
2597 2646
2598 2599
2598 2645
2598 2646
2598 2647
2599 2600
2599 2646
2599 2647
2600 2601
2600 2647
2600 2648
2601 2602
2601 2648
2601 2649
2602 2648
2602 2649
2603 2604
2603 2650
2603 2651
2604 2605
2604 2650
2604 2651
2604 2652
2605 2606
2605 2651
2605 2652
2605 2653
2606 2607
2606 2652
2606 2653
2606 2654
2607 2608
2607 2653
2607 2654
2607 2655
2608 2609
2608 2654
2608 2655
2608 2656
2609 2655
2609 2656
2609 2657
2610 2657
2610 2658
2611 2612
2611 2659
2612 2613
2612 2659
2612 2660
2613 2614
2613 2660
2613 2661
2614 2615
2614 2660
2614 2661
2614 2662
2615 2616
2615 2661
2615 2662
2615 2663
2616 2662
2616 2663
2616 2664
2617 2618
2617 2664
2617 2665
2617 2666
2618 2665
2618 2666
2618 2667
2619 2620
2619 2667
2619 2668
2620 2621
2620 2668
2620 2669
2621 2622
2621 2669
2621 2670
2622 2623
2622 2669
2622 2670
2622 2671
2623 2624
2623 2670
2623 2671
2623 2672
2624 2625
2624 2671
2624 2672
2625 2626
2625 2672
2626 2673
2627 2628
2627 2673
2627 2674
2628 2674
2628 2675
2629 2630
2629 2675
2629 2676
2630 2631
2630 2676
2630 2677
2631 2632
2631 2677
2631 2678
2632 2633
2632 2677
2632 2678
2632 2679
2633 2678
2633 2679
2634 2680
2634 2681
2635 2636
2635 2681
2635 2682
2636 2637
2636 2682
2637 2682
2637 2683
2638 2639
2638 2683
2638 2684
2639 2640
2639 2684
2640 2641
2640 2685
2641 2685
2642 2643
2642 2686
2642 2687
2643 2687
2644 2645
2645 2646
2645 2688
2646 2647
2646 2688
2646 2689
2647 2688
2647 2689
2647 2690
2648 2649
2648 2690
2648 2691
2648 2692
2649 2691
2649 2692
2650 2651
2650 2693
2650 2694
2651 2652
2651 2693
2651 2694
2652 2653
2652 2694
2652 2695
2653 2654
2653 2695
2653 2696
2654 2655
2654 2695
2654 2696
2654 2697
2655 2656
2655 2696
2655 2697
2655 2698
2656 2657
2656 2697
2656 2698
2657 2658
2657 2698
2657 2699
2658 2699
2659 2700
2659 2701
2660 2661
2660 2701
2660 2702
2660 2703
2661 2662
2661 2702
2661 2703
2661 2704
2662 2663
2662 2703
2662 2704
2662 2705
2663 2664
2663 2704
2663 2705
2663 2706
2664 2665
2664 2705
2664 2706
2664 2707
2665 2666
2665 2706
2665 2707
2666 2667
2666 2707
2666 2708
2667 2668
2667 2708
2667 2709
2668 2708
2668 2709
2668 2710
2669 2670
2669 2710
2669 2711
2670 2671
2670 2711
2670 2712
2671 2672
2671 2712
2672 2712
2672 2713
2673 2674
2673 2714
2673 2715
2674 2715
2675 2676
2675 2716
2675 2717
2676 2716
2676 2717
2677 2678
2677 2718
2677 2719
2678 2679
2678 2718
2678 2719
2678 2720
2679 2719
2679 2720
2679 2721
2680 2681
2680 2721
2680 2722
2681 2722
2681 2723
2682 2723
2682 2724
2682 2725
2683 2684
2683 2725
2683 2726
2683 2727
2684 2726
2684 2727
2684 2728
2685 2729
2685 2730
2686 2730
2686 2731
2686 2732
2687 2732
2687 2733
2688 2689
2688 2735
2688 2736
2689 2690
2689 2735
2689 2736
2689 2737
2690 2691
2690 2736
2690 2737
2691 2692
2691 2737
2691 2738
2692 2738
2693 2694
2695 2696
2695 2739
2696 2697
2696 2739
2696 2740
2697 2698
2697 2739
2697 2740
2697 2741
2698 2740
2698 2741
2698 2742
2699 2742
2699 2743
2699 2744
2700 2701
2700 2744
2700 2745
2700 2746
2701 2702
2701 2745
2701 2746
2702 2703
2702 2746
2702 2747
2703 2704
2703 2747
2703 2748
2704 2705
2704 2747
2704 2748
2704 2749
2705 2706
2705 2748
2705 2749
2706 2707
2706 2749
2706 2750
2707 2750
2707 2751
2708 2709
2708 2751
2708 2752
2708 2753
2709 2710
2709 2752
2709 2753
2709 2754
2710 2711
2710 2753
2710 2754
2710 2755
2711 2754
2711 2755
2711 2756
2712 2756
2712 2757
2713 2714
2713 2757
2713 2758
2713 2759
2714 2715
2714 2758
2714 2759
2715 2759
2715 2760
2716 2717
2716 2761
2717 2761
2717 2762
2718 2719
2718 2762
2718 2763
2718 2764
2719 2720
2719 2763
2719 2764
2719 2765
2720 2721
2720 2764
2720 2765
2720 2766
2721 2765
2721 2766
2721 2767
2722 2723
2722 2767
2722 2768
2722 2769
2723 2724
2723 2768
2723 2769
2723 2770
2724 2725
2724 2769
2724 2770
2724 2771
2725 2726
2725 2770
2725 2771
2725 2772
2726 2727
2726 2771
2726 2772
2726 2773
2727 2728
2727 2772
2727 2773
2727 2774
2728 2773
2728 2774
2728 2775
2729 2730
2729 2775
2729 2776
2729 2777
2730 2731
2730 2776
2730 2777
2730 2778
2731 2732
2731 2777
2731 2778
2731 2779
2732 2778
2732 2779
2732 2780
2733 2734
2733 2780
2733 2781
2733 2782
2734 2781
2734 2782
2734 2783
2735 2736
2735 2783
2735 2784
2735 2785
2736 2737
2736 2784
2736 2785
2736 2786
2737 2785
2737 2786
2737 2787
2738 2787
2738 2788
2739 2740
2739 2790
2739 2791
2739 2792
2740 2741
2740 2791
2740 2792
2740 2793
2741 2742
2741 2792
2741 2793
2742 2743
2742 2793
2742 2794
2743 2744
2743 2794
2743 2795
2744 2745
2744 2794
2744 2795
2744 2796
2745 2746
2745 2795
2745 2796
2745 2797
2746 2796
2746 2797
2746 2798
2747 2748
2747 2798
2747 2799
2747 2800
2748 2749
2748 2799
2748 2800
2748 2801
2749 2800
2749 2801
2749 2802
2750 2751
2750 2802
2750 2803
2751 2752
2751 2803
2752 2753
2752 2803
2752 2804
2753 2754
2753 2804
2753 2805
2754 2755
2754 2804
2754 2805
2754 2806
2755 2756
2755 2805
2755 2806
2755 2807
2756 2806
2756 2807
2756 2808
2757 2758
2757 2808
2757 2809
2758 2759
2758 2809
2759 2809
2759 2810
2760 2810
2760 2811
2760 2812
2761 2762
2761 2813
2761 2814
2762 2763
2762 2814
2762 2815
2763 2764
2763 2815
2763 2816
2764 2765
2764 2815
2764 2816
2764 2817
2765 2766
2765 2816
2765 2817
2765 2818
2766 2767
2766 2817
2766 2818
2766 2819
2767 2768
2767 2818
2767 2819
2767 2820
2768 2769
2768 2819
2768 2820
2768 2821
2769 2770
2769 2820
2769 2821
2769 2822
2770 2771
2770 2821
2770 2822
2770 2823
2771 2772
2771 2822
2771 2823
2771 2824
2772 2773
2772 2823
2772 2824
2772 2825
2773 2774
2773 2824
2773 2825
2773 2826
2774 2775
2774 2825
2774 2826
2774 2827
2775 2776
2775 2826
2775 2827
2775 2828
2776 2777
2776 2827
2776 2828
2776 2829
2777 2778
2777 2828
2777 2829
2777 2830
2778 2779
2778 2829
2778 2830
2778 2831
2779 2780
2779 2830
2779 2831
2780 2781
2780 2831
2780 2832
2781 2782
2781 2832
2781 2833
2782 2783
2782 2832
2782 2833
2782 2834
2783 2784
2783 2833
2783 2834
2783 2835
2784 2785
2784 2834
2784 2835
2785 2786
2785 2835
2786 2787
2786 2836
2787 2788
2787 2836
2787 2837
2788 2836
2788 2837
2789 2838
2790 2791
2790 2839
2791 2792
2791 2839
2791 2840
2792 2793
2792 2839
2792 2840
2792 2841
2793 2840
2793 2841
2793 2842
2794 2795
2794 2842
2795 2796
2796 2797
2797 2798
2798 2799
2798 2843
2799 2800
2799 2843
2799 2844
2800 2801
2800 2843
2800 2844
2800 2845
2801 2802
2801 2844
2801 2845
2801 2846
2802 2845
2802 2846
2802 2847
2803 2847
2803 2848
2804 2805
2804 2849
2804 2850
2805 2806
2805 2849
2805 2850
2805 2851
2806 2807
2806 2850
2806 2851
2806 2852
2807 2808
2807 2851
2807 2852
2808 2852
2808 2853
2809 2853
2809 2854
2809 2855
2810 2811
2810 2855
2810 2856
2810 2857
2811 2812
2811 2856
2811 2857
2812 2813
2812 2857
2813 2814
2814 2858
2815 2816
2815 2858
2815 2859
2816 2817
2816 2859
2816 2860
2817 2818
2817 2860
2817 2861
2818 2819
2818 2860
2818 2861
2818 2862
2819 2820
2819 2861
2819 2862
2819 2863
2820 2821
2820 2862
2820 2863
2820 2864
2821 2822
2821 2863
2821 2864
2822 2823
2822 2864
2822 2865
2823 2824
2823 2865
2823 2866
2824 2825
2824 2865
2824 2866
2824 2867
2825 2826
2825 2866
2825 2867
2826 2827
2826 2867
2827 2828
2828 2829
2828 2868
2829 2830
2829 2868
2829 2869
2830 2831
2830 2868
2830 2869
2830 2870
2831 2869
2831 2870
2831 2871
2832 2833
2832 2871
2832 2872
2832 2873
2833 2834
2833 2872
2833 2873
2833 2874
2834 2835
2834 2873
2834 2874
2834 2875
2835 2874
2835 2875
2835 2876
2836 2837
2836 2877
2836 2878
2836 2879
2837 2878
2837 2879
2839 2840
2840 2841
2841 2842
2843 2844
2844 2845
2845 2846
2846 2847
2847 2848
2849 2850
2850 2851
2851 2852
2853 2854
2854 2855
2855 2856
2856 2857
2858 2859
2860 2861
2861 2862
2862 2863
2863 2864
2865 2866
2866 2867
2868 2869
2869 2870
2870 2871
2871 2872
2872 2873
2873 2874
2874 2875
2875 2876
2876 2877
2877 2878
2878 2879
