# FromNodeId	ToNodeId
0 1
0 22
0 23
0 24
1 2
1 23
1 24
1 25
2 3
2 24
2 25
2 26
3 4
3 25
3 26
3 27
4 5
4 26
4 27
4 28
5 27
5 28
5 29
6 7
6 30
6 31
6 32
7 8
7 31
7 32
7 33
8 9
8 32
8 33
8 34
9 10
9 33
9 34
9 35
10 11
10 34
10 35
11 12
11 35
12 13
12 36
13 36
13 37
14 15
14 38
14 39
14 40
15 16
15 39
15 40
15 41
16 40
16 41
16 42
17 18
17 43
17 44
17 45
18 19
18 44
18 45
18 46
19 45
19 46
19 47
20 21
20 47
20 48
20 49
21 48
21 49
22 23
22 50
23 24
23 50
23 51
24 25
24 51
25 26
25 51
25 52
26 27
26 52
26 53
27 28
27 52
27 53
27 54
28 29
28 53
28 54
28 55
29 30
29 54
29 55
30 31
30 55
30 56
31 32
31 56
31 57
32 33
32 56
32 57
32 58
33 34
33 57
33 58
34 35
34 58
35 59
36 37
36 60
36 61
37 38
37 61
38 39
38 61
39 40
39 62
40 41
40 62
40 63
41 42
41 62
41 63
41 64
42 43
42 63
42 64
42 65
43 44
43 64
43 65
43 66
44 45
44 65
44 66
44 67
45 46
45 66
45 67
45 68
46 47
46 67
46 68
46 69
47 48
47 68
47 69
47 70
48 49
48 69
48 70
49 70
50 71
50 72
51 72
51 73
52 53
52 74
52 75
53 54
53 74
53 75
53 76
54 55
54 75
54 76
55 76
55 77
56 57
56 77
56 78
56 79
57 58
57 78
57 79
57 80
58 79
58 80
58 81
59 60
59 82
59 83
59 84
60 83
60 84
61 85
62 63
62 86
62 87
62 88
63 64
63 87
63 88
63 89
64 65
64 88
64 89
64 90
65 66
65 89
65 90
65 91
66 67
66 90
66 91
66 92
67 68
67 91
67 92
67 93
68 69
68 92
68 93
68 94
69 70
69 93
69 94
69 95
70 94
70 95
70 96
71 72
71 97
71 98
72 73
72 97
72 98
72 99
73 98
73 99
73 100
74 75
74 100
74 101
74 102
75 76
75 101
75 102
75 103
76 102
76 103
77 78
77 104
78 79
78 104
78 105
79 80
79 104
79 105
79 106
80 81
80 105
80 106
80 107
81 82
81 106
81 107
81 108
82 83
82 107
82 108
82 109
83 84
83 108
83 109
83 110
84 109
84 110
84 111
85 111
85 112
85 113
86 87
86 113
86 114
87 88
87 114
87 115
88 89
88 114
88 115
88 116
89 90
89 115
89 116
90 91
90 116
90 117
91 92
91 117
91 118
92 93
92 117
92 118
93 94
93 118
93 119
94 95
94 119
94 120
95 96
95 119
95 120
95 121
96 120
96 121
97 98
97 122
97 123
98 99
98 122
98 123
98 124
99 100
99 123
99 124
99 125
100 101
100 124
100 125
101 102
101 125
101 126
102 103
102 126
102 127
103 126
103 127
104 105
104 128
104 129
105 106
105 129
106 107
106 129
106 130
107 108
107 130
107 131
108 109
108 130
108 131
108 132
109 110
109 131
109 132
109 133
110 111
110 132
110 133
110 134
111 112
111 133
111 134
111 135
112 113
112 134
112 135
112 136
113 135
113 136
114 115
114 137
114 138
115 116
115 137
115 138
115 139
116 138
116 139
116 140
117 118
117 140
117 141
117 142
118 141
118 142
118 143
119 120
119 143
119 144
120 121
120 144
120 145
121 145
122 123
122 146
123 124
123 146
123 147
124 125
124 147
124 148
125 147
125 148
125 149
126 127
126 149
126 150
127 150
127 151
128 151
128 152
129 153
129 154
130 131
130 154
130 155
131 132
131 155
131 156
132 133
132 155
132 156
132 157
133 134
133 156
133 157
134 135
134 157
135 136
135 158
136 158
136 159
137 138
137 159
137 160
137 161
138 139
138 160
138 161
138 162
139 140
139 161
139 162
139 163
140 141
140 162
140 163
140 164
141 142
141 163
141 164
141 165
142 143
142 164
142 165
142 166
143 144
143 165
143 166
143 167
144 166
144 167
144 168
145 168
145 169
146 170
146 171
147 148
147 171
147 172
147 173
148 149
148 172
148 173
148 174
149 173
149 174
150 151
150 175
150 176
151 152
151 175
151 176
151 177
152 176
152 177
152 178
153 154
153 178
153 179
153 180
154 179
154 180
155 156
155 181
156 157
156 181
156 182
157 181
157 182
157 183
158 159
158 184
158 185
159 160
159 184
159 185
159 186
160 161
160 185
160 186
161 162
161 186
161 187
162 163
162 187
162 188
163 164
163 187
163 188
163 189
164 165
164 188
164 189
164 190
165 166
165 189
165 190
165 191
166 167
166 190
166 191
166 192
167 168
167 191
167 192
168 169
168 192
168 193
169 193
170 171
170 194
170 195
171 172
171 194
171 195
171 196
172 173
172 195
172 196
172 197
173 174
173 196
173 197
173 198
174 197
174 198
175 176
175 199
176 177
176 199
176 200
177 178
177 200
177 201
178 179
178 200
178 201
179 180
179 201
179 202
180 202
181 182
181 203
181 204
181 205
182 183
182 204
182 205
182 206
183 205
183 206
184 185
184 207
185 186
185 207
186 207
186 208
187 188
187 208
187 209
187 210
188 189
188 209
188 210
188 211
189 190
189 210
189 211
189 212
190 191
190 211
190 212
190 213
191 192
191 212
191 213
192 213
192 214
193 214
193 215
194 195
194 216
194 217
195 196
195 216
195 217
195 218
196 197
196 217
196 218
196 219
197 198
197 218
197 219
197 220
198 219
198 220
198 221
199 221
199 222
199 223
200 201
200 223
200 224
201 224
203 204
203 225
203 226
204 205
204 225
204 226
205 206
205 226
205 227
206 227
207 228
207 229
207 230
208 209
208 230
208 231
209 210
209 231
209 232
210 211
210 232
210 233
211 212
211 232
211 233
211 234
212 213
212 233
212 234
212 235
213 234
213 235
213 236
214 215
214 236
214 237
215 237
216 217
216 238
216 239
217 218
217 238
217 239
217 240
218 219
218 239
218 240
218 241
219 220
219 240
219 241
219 242
220 221
220 241
220 242
220 243
221 222
221 242
221 243
221 244
222 223
222 243
222 244
222 245
223 224
223 244
223 245
223 246
224 245
224 246
224 247
225 226
225 249
225 250
226 250
226 251
227 251
227 252
227 253
228 229
228 253
228 254
228 255
229 230
229 254
229 255
230 231
230 255
231 256
232 233
232 256
232 257
232 258
233 234
233 257
233 258
234 235
234 258
234 259
235 236
235 259
235 260
236 237
236 259
236 260
236 261
237 260
237 261
237 262
238 239
238 263
238 264
239 240
239 263
239 264
239 265
240 241
240 264
240 265
240 266
241 242
241 265
241 266
241 267
242 243
242 266
242 267
242 268
243 244
243 267
243 268
243 269
244 245
244 268
244 269
244 270
245 246
245 269
245 270
245 271
246 247
246 270
246 271
246 272
247 248
247 271
247 272
247 273
248 272
248 273
248 274
249 250
249 274
249 275
250 275
250 276
251 252
251 276
251 277
251 278
252 253
252 277
252 278
252 279
253 254
253 278
253 279
253 280
254 255
254 279
254 280
254 281
255 280
255 281
256 257
256 282
256 283
256 284
257 258
257 283
257 284
257 285
258 284
258 285
258 286
259 260
259 286
259 287
259 288
260 261
260 287
260 288
261 262
261 288
261 289
262 289
263 264
263 290
263 291
264 265
264 290
264 291
264 292
265 266
265 291
265 292
265 293
266 267
266 292
266 293
266 294
267 268
267 293
267 294
267 295
268 269
268 294
268 295
268 296
269 270
269 295
269 296
269 297
270 271
270 296
270 297
270 298
271 272
271 297
271 298
271 299
272 273
272 298
272 299
273 274
273 299
273 300
274 275
274 300
274 301
275 300
275 301
275 302
276 277
276 302
276 303
277 278
277 303
277 304
278 279
278 303
278 304
278 305
279 280
279 304
279 305
279 306
280 281
280 305
280 306
280 307
281 306
281 307
281 308
282 283
282 308
282 309
282 310
283 284
283 309
283 310
284 285
284 310
284 311
285 286
285 311
286 287
286 311
287 288
287 312
288 312
288 313
289 313
289 314
290 291
290 315
290 316
291 292
291 315
291 316
291 317
292 293
292 316
292 317
292 318
293 294
293 317
293 318
293 319
294 295
294 318
294 319
294 320
295 296
295 319
295 320
295 321
296 297
296 320
296 321
296 322
297 298
297 321
297 322
298 299
298 322
298 323
299 323
299 324
300 301
300 324
300 325
301 302
301 325
301 326
302 326
302 327
303 304
303 327
303 328
303 329
304 305
304 328
304 329
304 330
305 306
305 329
305 330
305 331
306 307
306 330
306 331
307 308
307 331
307 332
308 309
308 332
308 333
309 310
309 332
309 333
309 334
310 333
310 334
310 335
311 335
311 336
312 313
312 337
312 338
313 314
313 338
313 339
314 339
315 316
315 340
315 341
316 317
316 340
316 341
317 318
317 341
317 342
318 319
318 342
318 343
319 320
319 342
319 343
319 344
320 321
320 343
320 344
320 345
321 322
321 344
321 345
321 346
322 345
322 346
322 347
323 324
323 347
324 325
324 348
325 348
326 327
326 349
326 350
327 328
327 349
327 350
328 329
328 350
328 351
329 330
329 351
329 352
330 331
330 351
330 352
330 353
331 352
331 353
332 333
332 354
332 355
333 334
333 354
333 355
333 356
334 335
334 355
334 356
334 357
335 356
335 357
335 358
336 337
336 358
336 359
336 360
337 338
337 359
337 360
337 361
338 360
338 361
338 362
339 362
339 363
340 341
340 364
341 364
341 365
342 343
342 365
342 366
342 367
343 344
343 366
343 367
343 368
344 345
344 367
344 368
344 369
345 346
345 368
345 369
345 370
346 347
346 369
346 370
346 371
347 370
347 371
347 372
348 373
348 374
348 375
349 350
349 375
349 376
350 376
350 377
351 352
351 377
351 378
351 379
352 353
352 378
352 379
352 380
353 379
353 380
353 381
354 355
354 381
354 382
354 383
355 356
355 382
355 383
355 384
356 357
356 383
356 384
357 358
357 384
357 385
358 359
358 385
358 386
359 360
359 385
359 386
359 387
360 361
360 386
360 387
360 388
361 362
361 387
361 388
361 389
362 363
362 388
362 389
362 390
363 389
363 390
365 366
365 391
365 392
366 367
366 391
366 392
366 393
367 368
367 392
367 393
367 394
368 369
368 393
368 394
368 395
369 370
369 394
369 395
369 396
370 371
370 395
370 396
370 397
371 372
371 396
371 397
371 398
372 373
372 397
372 398
372 399
373 374
373 398
373 399
373 400
374 375
374 399
374 400
374 401
375 376
375 400
375 401
375 402
376 401
376 402
376 403
377 378
377 403
377 404
377 405
378 379
378 404
378 405
379 380
379 405
379 406
380 381
380 406
380 407
381 382
381 406
381 407
381 408
382 383
382 407
382 408
382 409
383 384
383 408
383 409
383 410
384 409
384 410
385 386
385 411
385 412
386 387
386 411
386 412
386 413
387 388
387 412
387 413
387 414
388 389
388 413
388 414
388 415
389 390
389 414
389 415
389 416
390 415
390 416
391 392
391 418
391 419
392 393
392 419
393 394
393 420
394 395
394 420
394 421
395 396
395 420
395 421
395 422
396 397
396 421
396 422
397 398
397 422
397 423
398 399
398 423
398 424
399 400
399 423
399 424
399 425
400 401
400 424
400 425
400 426
401 402
401 425
401 426
401 427
402 403
402 426
402 427
402 428
403 404
403 427
403 428
403 429
404 405
404 428
404 429
404 430
405 429
405 430
405 431
406 407
406 431
406 432
407 408
407 432
407 433
408 409
408 432
408 433
408 434
409 410
409 433
409 434
409 435
410 434
410 435
410 436
411 412
411 436
411 437
412 413
412 437
412 438
413 414
413 438
413 439
414 415
414 438
414 439
415 416
415 439
415 440
416 440
417 418
417 441
418 419
418 441
419 441
419 442
420 421
420 443
420 444
420 445
421 422
421 444
421 445
421 446
422 445
422 446
422 447
423 424
423 447
423 448
423 449
424 425
424 448
424 449
424 450
425 426
425 449
425 450
425 451
426 427
426 450
426 451
426 452
427 428
427 451
427 452
427 453
428 429
428 452
428 453
428 454
429 430
429 453
429 454
429 455
430 431
430 454
430 455
430 456
431 455
431 456
431 457
432 433
432 457
432 458
433 434
433 458
433 459
434 435
434 458
434 459
434 460
435 436
435 459
435 460
435 461
436 437
436 460
436 461
436 462
437 461
437 462
437 463
438 439
438 463
438 464
439 464
440 465
441 466
441 467
441 468
442 443
442 468
442 469
443 444
443 469
444 445
444 470
445 446
445 470
446 447
446 470
447 448
447 471
448 449
448 471
449 450
449 471
449 472
450 451
450 472
450 473
451 452
451 472
451 473
451 474
452 453
452 473
452 474
452 475
453 454
453 474
453 475
453 476
454 455
454 475
454 476
454 477
455 456
455 476
455 477
455 478
456 457
456 477
456 478
456 479
457 478
457 479
457 480
458 459
458 480
458 481
458 482
459 460
459 481
459 482
459 483
460 461
460 482
460 483
460 484
461 462
461 483
461 484
461 485
462 463
462 484
462 485
463 485
463 486
464 486
464 487
464 488
465 488
466 467
467 468
468 469
469 489
470 490
470 491
470 492
471 493
471 494
472 473
472 494
472 495
472 496
473 474
473 495
473 496
474 475
474 496
474 497
475 476
475 497
475 498
476 477
476 497
476 498
476 499
477 478
477 498
477 499
477 500
478 479
478 499
478 500
478 501
479 480
479 500
479 501
479 502
480 481
480 501
480 502
480 503
481 482
481 502
481 503
481 504
482 483
482 503
482 504
482 505
483 484
483 504
483 505
483 506
484 485
484 505
484 506
485 506
485 507
486 487
486 507
486 508
487 488
487 508
487 509
488 509
488 510
489 490
489 514
489 515
489 516
490 491
490 515
490 516
490 517
491 492
491 516
491 517
491 518
492 493
492 517
492 518
492 519
493 518
493 519
494 495
494 520
494 521
495 496
495 520
495 521
496 521
496 522
497 498
497 522
497 523
498 499
498 523
499 500
499 523
499 524
500 501
500 524
500 525
501 502
501 524
501 525
501 526
502 503
502 525
502 526
502 527
503 504
503 526
503 527
503 528
504 505
504 527
504 528
504 529
505 506
505 528
505 529
505 530
506 529
506 530
506 531
507 508
507 531
507 532
508 532
509 510
509 533
509 534
510 533
510 534
511 512
511 535
511 536
512 513
512 535
512 536
513 514
513 536
514 515
514 537
515 516
515 537
515 538
516 517
516 537
516 538
516 539
517 518
517 538
517 539
517 540
518 519
518 539
518 540
518 541
519 540
519 541
519 542
520 521
520 542
520 543
520 544
521 543
521 544
521 545
522 545
522 546
522 547
523 547
523 548
524 525
524 548
524 549
525 526
525 549
525 550
526 527
526 550
526 551
527 528
527 550
527 551
527 552
528 529
528 551
528 552
528 553
529 530
529 552
529 553
529 554
530 531
530 553
530 554
530 555
531 532
531 554
531 555
531 556
532 555
532 556
532 557
533 534
533 558
533 559
534 559
535 536
535 560
535 561
536 560
536 561
536 562
537 538
537 563
537 564
537 565
538 539
538 564
538 565
538 566
539 540
539 565
539 566
539 567
540 541
540 566
540 567
541 542
541 567
541 568
542 543
542 568
543 544
543 568
543 569
544 545
544 569
545 546
545 569
545 570
546 547
546 570
546 571
547 570
547 571
547 572
548 549
548 572
549 573
550 551
550 573
550 574
550 575
551 552
551 574
551 575
551 576
552 553
552 575
552 576
552 577
553 554
553 576
553 577
553 578
554 555
554 577
554 578
554 579
555 556
555 578
555 579
555 580
556 557
556 579
556 580
556 581
557 558
557 580
557 581
557 582
558 581
558 582
558 583
559 583
559 584
560 561
560 585
560 586
561 562
561 585
561 586
561 587
562 563
562 586
562 587
562 588
563 564
563 587
563 588
564 565
564 588
564 589
565 566
565 589
565 590
566 567
566 589
566 590
566 591
567 590
567 591
567 592
568 592
568 593
568 594
569 594
569 595
570 571
570 595
570 596
570 597
571 572
571 596
571 597
571 598
572 597
572 598
572 599
573 574
573 600
573 601
574 575
574 600
574 601
574 602
575 576
575 601
575 602
575 603
576 577
576 602
576 603
577 578
577 603
577 604
578 579
578 604
578 605
579 580
579 604
579 605
580 581
580 605
580 606
581 582
581 606
582 583
582 606
582 607
583 584
583 607
584 607
585 586
585 608
586 587
586 608
586 609
587 588
587 609
587 610
588 609
588 610
588 611
589 590
589 611
589 612
590 591
590 612
590 613
591 592
591 612
591 613
591 614
592 593
592 613
592 614
593 594
593 614
593 615
594 615
594 616
595 596
595 616
595 617
595 618
596 597
596 617
596 618
596 619
597 598
597 618
597 619
597 620
598 599
598 619
598 620
598 621
599 620
599 621
599 622
600 601
600 622
600 623
600 624
601 602
601 623
601 624
601 625
602 603
602 624
602 625
602 626
603 625
603 626
603 627
604 605
604 627
604 628
605 628
605 629
606 629
606 630
607 631
608 632
608 633
609 610
609 633
610 611
611 634
612 613
612 634
613 614
613 635
614 635
614 636
615 616
615 636
615 637
615 638
616 617
616 637
616 638
616 639
617 618
617 638
617 639
617 640
618 619
618 639
618 640
618 641
619 620
619 640
619 641
620 621
620 641
620 642
621 622
621 642
621 643
622 623
622 642
622 643
622 644
623 624
623 643
623 644
623 645
624 625
624 644
624 645
624 646
625 626
625 645
625 646
626 627
626 646
627 628
627 647
628 647
629 630
629 648
630 648
630 649
631 649
631 650
631 651
632 633
632 652
632 653
633 652
633 653
633 654
634 656
634 657
635 636
635 658
636 637
636 658
636 659
637 638
637 659
637 660
638 639
638 659
638 660
639 640
639 660
639 661
640 641
640 661
640 662
641 661
641 662
641 663
642 643
642 663
642 664
642 665
643 644
643 664
643 665
643 666
644 645
644 665
644 666
644 667
645 646
645 666
645 667
645 668
646 667
646 668
646 669
647 670
648 649
648 671
648 672
649 650
649 671
649 672
649 673
650 651
650 672
650 673
651 673
652 653
653 654
653 674
654 655
654 674
654 675
655 656
655 674
655 675
656 675
656 676
657 676
657 677
658 678
658 679
659 660
659 679
659 680
659 681
660 680
660 681
660 682
661 662
661 682
661 683
662 663
662 683
662 684
663 664
663 683
663 684
663 685
664 665
664 684
664 685
664 686
665 666
665 685
665 686
665 687
666 667
666 686
666 687
666 688
667 668
667 687
667 688
667 689
668 669
668 688
668 689
669 670
669 689
669 690
670 690
670 691
671 672
671 693
671 694
671 695
672 673
672 694
672 695
672 696
673 695
673 696
674 675
674 698
674 699
675 698
675 699
675 700
676 677
676 700
676 701
676 702
677 701
677 702
677 703
678 679
678 703
678 704
678 705
679 680
679 704
679 705
679 706
680 681
680 705
680 706
680 707
681 682
681 706
681 707
682 707
682 708
683 684
683 708
684 685
684 709
685 686
685 709
685 710
686 687
686 709
686 710
687 688
687 710
687 711
688 689
688 711
688 712
689 711
689 712
689 713
690 691
690 713
690 714
690 715
691 692
691 714
691 715
691 716
692 693
692 715
692 716
693 694
693 716
694 695
694 717
695 696
695 717
695 718
696 717
696 718
696 719
698 699
699 700
700 701
701 702
702 703
703 704
704 705
705 706
706 707
709 710
711 712
712 713
713 714
714 715
715 716
717 718
718 719
