# FromNodeId	ToNodeId
0 1
0 37
0 38
0 39
1 2
1 38
1 39
2 3
2 39
2 40
3 40
3 41
4 5
4 42
4 43
4 44
5 6
5 43
5 44
5 45
6 7
6 44
6 45
6 46
7 45
7 46
7 47
8 9
8 47
8 48
8 49
9 10
9 48
9 49
10 11
10 49
10 50
11 12
11 50
11 51
12 50
12 51
13 14
13 52
13 53
14 15
14 52
14 53
14 54
15 16
15 53
15 54
15 55
16 17
16 54
16 55
16 56
17 18
17 55
17 56
17 57
18 19
18 56
18 57
18 58
19 20
19 57
19 58
19 59
20 21
20 58
20 59
20 60
21 22
21 59
21 60
22 23
22 60
23 24
24 61
25 26
25 61
25 62
25 63
26 27
26 62
26 63
26 64
27 28
27 63
27 64
27 65
28 29
28 64
28 65
28 66
29 30
29 65
29 66
29 67
30 66
30 67
30 68
31 69
31 70
32 33
32 70
32 71
32 72
33 34
33 71
33 72
33 73
34 35
34 72
34 73
34 74
35 36
35 73
35 74
35 75
36 74
36 75
36 76
37 38
37 79
37 80
38 39
38 79
38 80
38 81
39 80
39 81
39 82
40 41
40 82
40 83
41 42
41 83
41 84
42 43
42 84
42 85
43 44
43 84
43 85
43 86
44 45
44 85
44 86
44 87
45 46
45 86
45 87
45 88
46 47
46 87
46 88
46 89
47 48
47 88
47 89
47 90
48 49
48 89
48 90
48 91
49 90
49 91
50 51
50 92
50 93
51 92
51 93
51 94
52 53
52 94
52 95
52 96
53 54
53 95
53 96
53 97
54 55
54 96
54 97
54 98
55 56
55 97
55 98
56 57
56 98
56 99
57 58
57 99
57 100
58 59
58 99
58 100
58 101
59 60
59 100
59 101
59 102
60 101
60 102
60 103
61 62
61 105
62 63
62 105
63 64
64 65
64 106
65 66
65 106
66 67
66 106
66 107
67 68
67 107
67 108
68 107
68 108
69 70
69 109
69 110
70 71
70 109
70 110
71 72
71 110
71 111
72 73
72 111
73 74
73 111
73 112
74 75
74 112
74 113
75 76
75 112
75 113
75 114
76 113
76 114
76 115
77 78
77 115
77 116
77 117
78 116
78 117
79 80
79 118
79 119
80 81
80 118
80 119
80 120
81 82
81 119
81 120
81 121
82 83
82 120
82 121
82 122
83 121
83 122
83 123
84 85
84 123
84 124
84 125
85 86
85 124
85 125
85 126
86 87
86 125
86 126
87 88
87 126
87 127
88 89
88 127
88 128
89 90
89 127
89 128
89 129
90 91
90 128
90 129
90 130
91 129
91 130
91 131
92 93
92 131
92 132
92 133
93 94
93 132
93 133
94 95
94 133
94 134
95 96
95 134
95 135
96 97
96 134
96 135
96 136
97 98
97 135
97 136
98 136
99 100
99 137
99 138
100 101
100 137
100 138
101 102
101 138
101 139
102 103
102 139
102 140
103 104
103 139
103 140
104 140
104 141
105 141
106 143
106 144
106 145
107 108
107 145
107 146
108 146
108 147
109 110
109 147
110 148
111 148
111 149
112 113
112 150
112 151
113 114
113 150
113 151
114 115
114 151
114 152
115 116
115 152
115 153
116 117
116 152
116 153
116 154
117 153
117 154
118 119
118 155
118 156
119 120
119 155
119 156
119 157
120 121
120 156
120 157
120 158
121 122
121 157
121 158
121 159
122 123
122 158
122 159
122 160
123 124
123 159
123 160
123 161
124 125
124 160
124 161
124 162
125 126
125 161
125 162
126 162
126 163
127 128
127 163
127 164
127 165
128 129
128 164
128 165
128 166
129 130
129 165
129 166
130 131
130 166
130 167
131 132
131 167
131 168
132 133
132 167
132 168
132 169
133 168
133 169
133 170
134 135
134 170
134 171
134 172
135 136
135 171
135 172
135 173
136 172
136 173
137 138
137 174
137 175
138 174
138 175
138 176
139 140
139 176
139 177
139 178
140 177
140 178
141 179
141 180
142 143
142 181
142 182
143 144
143 182
143 183
144 145
144 182
144 183
145 146
145 183
145 184
146 184
146 185
147 185
147 186
147 187
148 149
148 188
148 189
149 188
149 189
149 190
150 151
150 190
150 191
151 191
151 192
152 153
152 192
152 193
153 154
153 193
155 156
155 194
155 195
156 157
156 194
156 195
157 158
157 195
157 196
158 159
158 196
158 197
159 160
159 196
159 197
159 198
160 161
160 197
160 198
160 199
161 162
161 198
161 199
162 199
162 200
163 164
163 200
163 201
163 202
164 165
164 201
164 202
164 203
165 166
165 202
165 203
165 204
166 203
166 204
166 205
167 168
167 205
167 206
167 207
168 169
168 206
168 207
168 208
169 170
169 207
169 208
169 209
170 171
170 208
170 209
170 210
171 172
171 209
171 210
171 211
172 173
172 210
172 211
172 212
173 211
173 212
173 213
174 175
174 214
175 176
175 214
175 215
176 177
176 214
176 215
177 178
177 215
177 216
178 216
179 180
179 217
180 181
180 217
180 218
181 218
181 219
182 183
182 219
182 220
182 221
183 220
183 221
183 222
184 185
184 222
184 223
184 224
185 186
185 223
185 224
185 225
186 187
186 224
186 225
187 225
187 226
188 189
188 226
188 227
188 228
189 190
189 227
189 228
189 229
190 191
190 228
190 229
190 230
191 229
191 230
191 231
192 193
192 231
192 232
192 233
193 232
193 233
193 234
194 195
194 235
194 236
195 235
195 236
196 197
196 237
196 238
197 198
197 237
197 238
197 239
198 199
198 238
198 239
198 240
199 239
199 240
200 201
200 241
201 202
201 241
201 242
202 203
202 241
202 242
203 204
203 242
203 243
204 205
204 243
205 206
205 243
205 244
206 207
206 244
206 245
207 208
207 244
207 245
208 209
208 245
208 246
209 210
209 246
209 247
210 211
210 246
210 247
210 248
211 212
211 247
211 248
211 249
212 213
212 248
212 249
212 250
213 249
213 250
213 251
214 215
214 252
214 253
215 252
215 253
215 254
216 254
216 255
216 256
217 256
217 257
217 258
218 219
218 258
218 259
218 260
219 220
219 259
219 260
219 261
220 221
220 260
220 261
220 262
221 222
221 261
221 262
221 263
222 223
222 262
222 263
222 264
223 224
223 263
223 264
223 265
224 225
224 264
224 265
225 265
226 227
226 266
226 267
227 228
227 266
227 267
227 268
228 229
228 267
228 268
228 269
229 230
229 268
229 269
230 231
230 269
231 232
231 270
232 233
232 270
232 271
233 234
233 270
233 271
233 272
234 271
234 272
234 273
235 236
235 274
235 275
236 274
236 275
237 238
237 276
238 239
238 276
238 277
239 240
239 277
239 278
240 277
240 278
240 279
241 242
241 280
241 281
241 282
242 281
242 282
242 283
243 283
243 284
243 285
244 245
244 285
244 286
244 287
245 286
245 287
245 288
246 247
246 288
246 289
246 290
247 248
247 289
247 290
247 291
248 249
248 290
248 291
248 292
249 250
249 291
249 292
249 293
250 251
250 292
250 293
250 294
251 293
251 294
251 295
252 253
252 295
252 296
253 254
253 296
253 297
254 255
254 297
254 298
255 256
255 297
255 298
256 257
256 298
256 299
257 258
257 299
257 300
258 259
258 299
258 300
259 260
259 300
259 301
260 261
260 301
260 302
261 262
261 301
261 302
262 263
262 302
262 303
263 264
263 303
263 304
264 265
264 303
264 304
265 304
265 305
266 267
266 306
266 307
267 268
267 306
267 307
267 308
268 269
268 307
268 308
268 309
269 308
269 309
269 310
270 271
270 311
270 312
271 272
271 312
271 313
272 273
272 312
272 313
272 314
273 313
273 314
274 275
274 315
275 315
275 316
276 316
276 317
276 318
277 278
277 318
277 319
277 320
278 279
278 319
278 320
278 321
279 280
279 320
279 321
279 322
280 281
280 321
280 322
281 282
281 322
281 323
282 283
282 323
282 324
283 284
283 323
283 324
284 285
284 324
285 286
285 325
286 287
286 325
286 326
287 288
287 325
287 326
287 327
288 289
288 326
288 327
288 328
289 290
289 327
289 328
289 329
290 291
290 328
290 329
290 330
291 292
291 329
291 330
291 331
292 293
292 330
292 331
292 332
293 294
293 331
293 332
293 333
294 295
294 332
294 333
295 296
295 333
295 334
296 334
296 335
297 298
297 335
297 336
297 337
298 336
298 337
298 338
299 300
299 338
299 339
299 340
300 339
300 340
300 341
301 302
301 341
301 342
302 342
302 343
303 304
303 343
303 344
303 345
304 344
304 345
305 346
305 347
306 307
306 347
306 348
307 308
307 348
308 309
308 348
308 349
309 310
309 349
309 350
310 311
310 349
310 350
311 350
312 313
312 351
312 352
313 314
313 351
313 352
313 353
314 352
314 353
315 354
315 355
316 317
316 355
316 356
316 357
317 318
317 356
317 357
317 358
318 319
318 357
318 358
318 359
319 320
319 358
319 359
319 360
320 321
320 359
320 360
320 361
321 322
321 360
321 361
321 362
322 361
322 362
322 363
323 324
323 363
323 364
323 365
324 364
324 365
324 366
325 326
325 367
325 368
325 369
326 327
326 368
326 369
327 328
327 369
327 370
328 329
328 370
328 371
329 330
329 370
329 371
330 331
330 371
331 332
332 333
332 372
333 372
334 335
334 373
335 336
335 373
335 374
336 337
336 374
336 375
337 338
337 374
337 375
337 376
338 339
338 375
338 376
338 377
339 340
339 376
339 377
339 378
340 341
340 377
340 378
340 379
341 342
341 378
341 379
341 380
342 379
342 380
342 381
343 344
343 381
343 382
343 383
344 345
344 382
344 383
344 384
345 383
345 384
345 385
346 347
346 385
346 386
346 387
347 386
347 387
348 388
348 389
349 350
349 389
349 390
350 390
351 352
351 391
351 392
351 393
352 353
352 392
352 393
352 394
353 393
353 394
354 355
354 395
355 356
355 395
356 357
356 395
357 358
357 396
358 359
358 396
359 360
359 396
359 397
360 361
360 397
360 398
361 362
361 397
361 398
362 363
362 398
363 364
364 365
364 399
365 366
365 399
366 367
366 399
366 400
367 368
367 400
367 401
368 369
368 400
368 401
368 402
369 401
369 402
369 403
370 371
370 403
370 404
370 405
371 404
371 405
371 406
372 407
372 408
372 409
373 409
373 410
374 375
374 410
374 411
374 412
375 376
375 411
375 412
375 413
376 377
376 412
376 413
376 414
377 378
377 413
377 414
377 415
378 379
378 414
378 415
379 380
379 415
379 416
380 381
380 416
380 417
381 382
381 416
381 417
381 418
382 383
382 417
382 418
382 419
383 384
383 418
383 419
383 420
384 385
384 419
384 420
384 421
385 386
385 420
385 421
385 422
386 387
386 421
386 422
386 423
387 422
387 423
387 424
388 389
388 424
388 425
388 426
389 425
389 426
389 427
390 427
390 428
390 429
391 392
391 429
391 430
391 431
392 393
392 430
392 431
392 432
393 394
393 431
393 432
394 432
395 433
395 434
395 435
396 436
397 398
397 436
397 437
398 437
398 438
399 440
399 441
400 401
401 402
402 403
402 442
403 404
403 442
404 405
404 442
405 406
405 443
406 443
406 444
407 408
407 444
407 445
407 446
408 409
408 445
408 446
409 446
410 411
410 447
410 448
411 412
411 447
411 448
411 449
412 413
412 448
412 449
412 450
413 414
413 449
413 450
413 451
414 415
414 450
414 451
414 452
415 451
415 452
416 417
416 453
416 454
417 418
417 453
417 454
418 419
418 454
418 455
419 420
419 455
420 421
420 455
421 422
422 423
422 456
423 424
423 456
423 457
424 425
424 456
424 457
425 426
425 457
425 458
426 427
426 458
426 459
427 428
427 458
427 459
427 460
428 429
428 459
428 460
428 461
429 430
429 460
429 461
429 462
430 431
430 461
430 462
430 463
431 432
431 462
431 463
431 464
432 463
432 464
432 465
433 434
433 466
434 435
434 466
434 467
435 467
436 468
437 438
437 469
438 439
438 469
438 470
439 440
439 469
439 470
440 441
440 470
440 471
441 471
441 472
442 474
442 475
442 476
443 444
443 477
443 478
444 445
444 478
444 479
445 446
445 479
445 480
446 479
446 480
446 481
447 448
447 482
447 483
447 484
448 449
448 483
448 484
448 485
449 450
449 484
449 485
449 486
450 451
450 485
450 486
450 487
451 452
451 486
451 487
451 488
452 487
452 488
452 489
453 454
453 489
453 490
453 491
454 490
454 491
454 492
455 492
455 493
455 494
456 457
456 495
456 496
456 497
457 496
457 497
457 498
458 459
458 498
458 499
459 460
459 499
459 500
460 461
460 499
460 500
460 501
461 462
461 500
461 501
462 463
462 501
462 502
463 464
463 502
463 503
464 465
464 502
464 503
464 504
465 503
465 504
466 505
466 506
467 506
467 507
467 508
468 508
468 509
469 470
469 510
469 511
469 512
470 511
470 512
470 513
471 472
471 513
471 514
472 514
472 515
473 474
473 515
473 516
473 517
474 475
474 516
474 517
474 518
475 476
475 517
475 518
476 477
476 518
476 519
477 478
477 519
477 520
478 519
478 520
478 521
479 480
479 521
479 522
479 523
480 481
480 522
480 523
480 524
481 482
481 523
481 524
481 525
482 483
482 524
482 525
482 526
483 484
483 525
483 526
483 527
484 485
484 526
484 527
485 486
485 527
485 528
486 487
486 528
486 529
487 488
487 528
487 529
487 530
488 489
488 529
488 530
488 531
489 490
489 530
489 531
489 532
490 491
490 531
490 532
491 492
491 532
491 533
492 493
492 533
493 494
493 533
494 534
495 496
495 534
495 535
495 536
496 497
496 535
496 536
496 537
497 498
497 536
497 537
497 538
498 537
498 538
498 539
499 500
499 539
499 540
500 501
500 540
500 541
501 541
501 542
502 503
502 542
502 543
502 544
503 504
503 543
503 544
503 545
504 544
504 545
505 506
505 546
505 547
506 507
506 546
506 547
506 548
507 508
507 547
507 548
507 549
508 548
508 549
508 550
509 550
509 551
509 552
510 511
510 552
510 553
510 554
511 512
511 553
511 554
511 555
512 513
512 554
512 555
512 556
513 514
513 555
513 556
513 557
514 556
514 557
514 558
515 516
515 558
515 559
515 560
516 517
516 559
516 560
516 561
517 518
517 560
517 561
517 562
518 561
518 562
518 563
519 520
519 563
519 564
519 565
520 521
520 564
520 565
520 566
521 522
521 565
521 566
521 567
522 523
522 566
522 567
522 568
523 524
523 567
523 568
524 525
524 568
524 569
525 526
525 569
525 570
526 527
526 569
526 570
526 571
527 570
527 571
527 572
528 529
528 572
528 573
528 574
529 530
529 573
529 574
530 531
530 574
530 575
531 532
531 575
531 576
532 575
532 576
532 577
533 577
533 578
533 579
534 535
534 580
534 581
534 582
535 536
535 581
535 582
535 583
536 537
536 582
536 583
537 538
537 583
537 584
538 539
538 584
538 585
539 540
539 584
539 585
540 585
540 586
541 542
541 586
541 587
541 588
542 543
542 587
542 588
542 589
543 544
543 588
543 589
543 590
544 545
544 589
544 590
544 591
545 590
545 591
546 547
546 592
546 593
547 548
547 592
547 593
547 594
548 549
548 593
548 594
549 550
549 594
549 595
550 551
550 595
550 596
551 552
551 595
551 596
551 597
552 553
552 596
552 597
553 554
553 597
553 598
554 555
554 598
554 599
555 556
555 598
555 599
556 557
556 599
557 558
557 600
558 559
558 600
559 560
559 600
559 601
560 561
560 601
560 602
561 562
561 601
561 602
561 603
562 563
562 602
562 603
562 604
563 564
563 603
563 604
563 605
564 565
564 604
564 605
564 606
565 566
565 605
565 606
565 607
566 567
566 606
566 607
567 568
567 607
567 608
568 608
568 609
569 570
569 609
569 610
569 611
570 571
570 610
570 611
571 572
571 611
571 612
572 573
572 612
573 574
573 612
574 613
575 576
575 613
575 614
575 615
576 577
576 614
576 615
576 616
577 578
577 615
577 616
577 617
578 579
578 616
578 617
578 618
579 580
579 617
579 618
579 619
580 581
580 618
580 619
580 620
581 582
581 619
581 620
582 583
582 620
582 621
583 621
584 585
584 622
584 623
585 622
585 623
585 624
586 587
586 624
586 625
586 626
587 588
587 625
587 626
587 627
588 589
588 626
588 627
588 628
589 590
589 627
589 628
590 591
590 628
590 629
591 629
592 593
593 594
594 630
595 596
595 630
595 631
596 597
596 631
596 632
597 632
597 633
598 599
598 633
598 634
598 635
599 634
599 635
600 636
600 637
600 638
601 602
601 638
601 639
601 640
602 603
602 639
602 640
602 641
603 604
603 640
603 641
603 642
604 605
604 641
604 642
604 643
605 606
605 642
605 643
605 644
606 607
606 643
606 644
606 645
607 644
607 645
607 646
608 609
608 646
608 647
608 648
609 610
609 647
609 648
609 649
610 611
610 648
610 649
610 650
611 649
611 650
611 651
612 651
612 652
612 653
613 614
613 654
613 655
613 656
614 615
614 655
614 656
614 657
615 616
615 656
615 657
616 617
616 657
616 658
617 618
617 658
617 659
618 619
618 658
618 659
618 660
619 620
619 659
619 660
619 661
620 660
620 661
620 662
621 662
621 663
622 623
622 664
622 665
623 624
623 664
623 665
623 666
624 625
624 665
624 666
624 667
625 626
625 666
625 667
625 668
626 627
626 667
626 668
627 628
627 668
627 669
628 669
628 670
629 670
629 671
630 631
630 673
631 673
631 674
632 633
632 674
632 675
632 676
633 634
633 675
633 676
633 677
634 635
634 676
634 677
634 678
635 677
635 678
635 679
636 637
636 679
636 680
636 681
637 638
637 680
637 681
637 682
638 639
638 681
638 682
638 683
639 640
639 682
639 683
640 641
640 683
640 684
641 642
641 684
641 685
642 643
642 684
642 685
642 686
643 644
643 685
643 686
643 687
644 645
644 686
644 687
644 688
645 646
645 687
645 688
645 689
646 647
646 688
646 689
646 690
647 648
647 689
647 690
647 691
648 649
648 690
648 691
648 692
649 650
649 691
649 692
649 693
650 651
650 692
650 693
651 652
651 693
651 694
652 653
652 694
652 695
653 654
653 694
653 695
653 696
654 655
654 695
654 696
654 697
655 656
655 696
655 697
655 698
656 657
656 697
656 698
656 699
657 698
657 699
657 700
658 659
658 700
658 701
658 702
659 660
659 701
659 702
659 703
660 661
660 702
660 703
660 704
661 662
661 703
661 704
661 705
662 663
662 704
662 705
663 705
663 706
664 665
664 706
664 707
665 666
665 707
665 708
666 667
666 708
666 709
667 668
667 708
667 709
668 709
668 710
669 670
669 710
669 711
669 712
670 671
670 711
670 712
670 713
671 712
671 713
672 714
672 715
673 674
673 717
673 718
674 675
674 717
674 718
674 719
675 676
675 718
675 719
676 677
676 719
676 720
677 678
677 720
677 721
678 679
678 720
678 721
679 680
679 721
679 722
680 681
680 722
680 723
681 682
681 722
681 723
682 683
682 723
682 724
683 724
684 685
685 686
686 687
686 725
687 688
687 725
688 689
688 725
688 726
689 690
689 726
689 727
690 691
690 726
690 727
691 692
691 727
691 728
692 693
692 728
692 729
693 728
693 729
693 730
694 695
694 730
694 731
694 732
695 696
695 731
695 732
696 697
696 732
696 733
697 698
697 733
697 734
698 699
698 733
698 734
698 735
699 700
699 734
699 735
699 736
700 701
700 735
700 736
700 737
701 702
701 736
701 737
701 738
702 703
702 737
702 738
702 739
703 704
703 738
703 739
704 705
704 739
705 740
706 707
706 740
706 741
707 741
707 742
708 709
708 742
708 743
708 744
709 743
709 744
709 745
710 711
710 745
710 746
710 747
711 712
711 746
711 747
711 748
712 713
712 747
712 748
712 749
713 748
713 749
714 715
714 750
715 716
715 750
715 751
716 751
716 752
717 718
717 752
717 753
717 754
718 719
718 753
718 754
718 755
719 754
719 755
720 721
720 756
720 757
721 756
721 757
721 758
722 723
722 758
722 759
722 760
723 759
723 760
723 761
724 761
724 762
725 764
725 765
725 766
726 727
726 766
727 767
728 729
728 767
728 768
728 769
729 730
729 768
729 769
729 770
730 731
730 769
730 770
730 771
731 732
731 770
731 771
731 772
732 771
732 772
732 773
733 734
733 773
733 774
734 735
734 774
734 775
735 736
735 775
736 737
736 775
736 776
737 738
737 776
737 777
738 739
738 776
738 777
738 778
739 777
739 778
739 779
740 780
740 781
741 742
741 781
741 782
741 783
742 743
742 782
742 783
742 784
743 744
743 783
743 784
743 785
744 745
744 784
744 785
744 786
745 746
745 785
745 786
746 747
746 786
746 787
747 748
747 787
747 788
748 749
748 787
748 788
749 788
750 789
750 790
751 752
751 790
751 791
752 753
752 791
752 792
753 754
753 791
753 792
753 793
754 755
754 792
754 793
754 794
755 793
755 794
756 757
756 795
756 796
757 758
757 795
757 796
757 797
758 759
758 796
758 797
758 798
759 760
759 797
759 798
759 799
760 761
760 798
760 799
760 800
761 762
761 799
761 800
762 800
762 801
763 801
763 802
764 765
764 802
764 803
765 766
765 803
765 804
766 803
766 804
766 805
767 768
767 806
767 807
767 808
768 769
768 807
768 808
768 809
769 770
769 808
769 809
769 810
770 771
770 809
770 810
770 811
771 772
771 810
771 811
771 812
772 773
772 811
772 812
772 813
773 774
773 812
773 813
773 814
774 813
774 814
774 815
775 815
775 816
775 817
776 777
776 817
776 818
777 778
777 818
778 779
778 818
778 819
779 780
779 819
779 820
780 819
780 820
780 821
781 782
781 821
781 822
782 783
782 822
782 823
783 784
783 822
783 823
783 824
784 785
784 823
784 824
785 786
785 824
786 825
787 788
787 825
787 826
788 826
788 827
789 790
789 828
789 829
790 828
790 829
790 830
791 792
791 830
791 831
791 832
792 793
792 831
792 832
792 833
793 794
793 832
793 833
794 833
794 834
795 796
795 834
795 835
796 797
796 835
796 836
797 798
797 835
797 836
797 837
798 799
798 836
798 837
798 838
799 800
799 837
799 838
799 839
800 838
800 839
800 840
801 840
801 841
801 842
802 842
802 843
803 804
804 805
804 844
805 806
805 844
805 845
806 807
806 844
806 845
806 846
807 808
807 845
807 846
808 809
808 846
808 847
809 810
809 847
810 811
810 847
811 812
811 848
812 813
812 848
812 849
813 814
813 848
813 849
813 850
814 815
814 849
814 850
814 851
815 816
815 850
815 851
815 852
816 817
816 851
816 852
816 853
817 852
817 853
817 854
818 854
818 855
818 856
819 820
819 856
819 857
819 858
820 821
820 857
820 858
820 859
821 858
821 859
821 860
822 823
822 860
822 861
822 862
823 824
823 861
823 862
823 863
824 862
824 863
824 864
825 826
825 865
825 866
825 867
826 866
826 867
826 868
827 868
827 869
828 829
828 870
828 871
829 830
829 870
829 871
829 872
830 831
830 871
830 872
831 832
831 872
831 873
832 833
832 873
832 874
833 873
833 874
833 875
834 875
834 876
835 836
835 877
835 878
836 837
836 877
836 878
836 879
837 838
837 878
837 879
838 839
838 879
839 840
839 880
840 841
840 880
841 842
841 880
841 881
842 843
842 881
842 882
843 881
843 882
843 883
844 845
844 885
844 886
844 887
845 846
845 886
845 887
845 888
846 887
846 888
846 889
847 889
847 890
847 891
848 849
848 892
848 893
848 894
849 850
849 893
849 894
849 895
850 851
850 894
850 895
850 896
851 852
851 895
851 896
852 853
852 896
853 854
853 897
854 855
854 897
854 898
855 856
855 897
855 898
855 899
856 857
856 898
856 899
857 858
857 899
857 900
858 859
858 900
858 901
859 860
859 900
859 901
859 902
860 861
860 901
860 902
860 903
861 862
861 902
861 903
861 904
862 863
862 903
862 904
862 905
863 864
863 904
863 905
863 906
864 865
864 905
864 906
864 907
865 866
865 906
865 907
865 908
866 867
866 907
866 908
866 909
867 868
867 908
867 909
867 910
868 869
868 909
868 910
868 911
869 910
869 911
870 871
871 872
871 912
872 912
872 913
873 874
873 913
873 914
873 915
874 875
874 914
874 915
874 916
875 876
875 915
875 916
876 916
876 917
877 878
877 917
877 918
877 919
878 879
878 918
878 919
878 920
879 919
879 920
880 921
880 922
880 923
881 882
881 923
881 924
881 925
882 883
882 924
882 925
882 926
883 884
883 925
883 926
884 885
884 926
884 927
885 886
885 927
885 928
886 887
886 927
886 928
887 888
887 928
887 929
888 889
888 929
888 930
889 890
889 929
889 930
889 931
890 891
890 930
890 931
891 892
891 931
891 932
892 893
892 932
892 933
893 894
893 932
893 933
893 934
894 895
894 933
894 934
894 935
895 896
895 934
895 935
895 936
896 935
896 936
896 937
897 898
897 938
897 939
897 940
898 899
898 939
898 940
898 941
899 940
899 941
899 942
900 901
900 942
900 943
900 944
901 902
901 943
901 944
901 945
902 903
902 944
902 945
902 946
903 904
903 945
903 946
903 947
904 905
904 946
904 947
904 948
905 906
905 947
905 948
905 949
906 907
906 948
906 949
906 950
907 908
907 949
907 950
908 909
908 950
908 951
909 910
909 951
910 911
910 951
910 952
911 952
912 913
912 953
912 954
912 955
913 914
913 954
913 955
913 956
914 915
914 955
914 956
914 957
915 916
915 956
915 957
915 958
916 957
916 958
917 918
917 959
917 960
918 919
918 959
918 960
919 920
919 960
921 922
921 961
921 962
922 923
922 961
922 962
922 963
923 924
923 962
923 963
923 964
924 925
924 963
924 964
924 965
925 926
925 964
925 965
925 966
926 965
926 966
926 967
927 928
927 967
927 968
927 969
928 968
928 969
928 970
929 930
929 970
929 971
929 972
930 931
930 971
930 972
930 973
931 972
931 973
931 974
932 933
932 974
932 975
933 934
933 975
934 935
934 975
934 976
935 936
935 976
935 977
936 937
936 976
936 977
936 978
937 938
937 977
937 978
938 939
938 978
938 979
939 940
939 979
939 980
940 941
940 979
940 980
941 942
941 980
941 981
942 943
942 981
942 982
943 944
943 981
943 982
943 983
944 945
944 982
944 983
945 946
945 983
945 984
946 947
946 984
946 985
947 948
947 984
947 985
947 986
948 949
948 985
948 986
948 987
949 950
949 986
949 987
949 988
950 987
950 988
950 989
951 989
951 990
952 991
953 954
953 992
953 993
953 994
954 955
954 993
954 994
954 995
955 956
955 994
955 995
955 996
956 957
956 995
956 996
956 997
957 958
957 996
957 997
957 998
958 997
958 998
958 999
959 960
959 999
959 1000
959 1001
960 1000
960 1001
961 962
961 1003
961 1004
961 1005
962 963
962 1004
962 1005
963 964
963 1005
964 965
964 1006
965 966
965 1006
965 1007
966 967
966 1006
966 1007
966 1008
967 968
967 1007
967 1008
967 1009
968 969
968 1008
968 1009
968 1010
969 970
969 1009
969 1010
969 1011
970 971
970 1010
970 1011
970 1012
971 972
971 1011
971 1012
971 1013
972 973
972 1012
972 1013
972 1014
973 974
973 1013
973 1014
974 1014
974 1015
975 1015
975 1016
976 977
976 1017
976 1018
977 978
977 1017
977 1018
977 1019
978 1018
978 1019
979 980
979 1020
980 1020
980 1021
981 982
981 1021
981 1022
981 1023
982 983
982 1022
982 1023
982 1024
983 1023
983 1024
984 985
984 1025
985 986
985 1025
985 1026
986 987
986 1026
986 1027
987 988
987 1026
987 1027
987 1028
988 989
988 1027
988 1028
988 1029
989 990
989 1028
989 1029
990 1029
990 1030
991 1030
991 1031
992 993
992 1032
992 1033
993 994
993 1032
993 1033
993 1034
994 995
994 1033
994 1034
995 996
995 1034
995 1035
996 997
996 1035
997 998
997 1035
998 999
998 1036
999 1000
999 1036
999 1037
1000 1001
1000 1036
1000 1037
1000 1038
1001 1037
1001 1038
1001 1039
1002 1003
1002 1039
1002 1040
1002 1041
1003 1004
1003 1040
1003 1041
1003 1042
1004 1005
1004 1041
1004 1042
1005 1042
1005 1043
1006 1007
1006 1044
1006 1045
1006 1046
1007 1008
1007 1045
1007 1046
1007 1047
1008 1009
1008 1046
1008 1047
1009 1010
1009 1047
1009 1048
1010 1011
1010 1048
1010 1049
1011 1012
1011 1048
1011 1049
1011 1050
1012 1013
1012 1049
1012 1050
1012 1051
1013 1014
1013 1050
1013 1051
1014 1051
1014 1052
1015 1016
1015 1052
1015 1053
1015 1054
1016 1053
1016 1054
1016 1055
1017 1018
1017 1055
1017 1056
1018 1019
1018 1056
1018 1057
1019 1057
1020 1058
1020 1059
1021 1022
1021 1059
1021 1060
1021 1061
1022 1023
1022 1060
1022 1061
1022 1062
1023 1024
1023 1061
1023 1062
1023 1063
1024 1062
1024 1063
1024 1064
1025 1064
1025 1065
1025 1066
1026 1027
1026 1066
1026 1067
1026 1068
1027 1028
1027 1067
1027 1068
1027 1069
1028 1029
1028 1068
1028 1069
1029 1069
1029 1070
1030 1031
1030 1070
1030 1071
1031 1071
1032 1033
1032 1072
1032 1073
1033 1034
1033 1072
1033 1073
1033 1074
1034 1073
1034 1074
1034 1075
1035 1075
1035 1076
1036 1037
1036 1077
1036 1078
1036 1079
1037 1038
1037 1078
1037 1079
1037 1080
1038 1039
1038 1079
1038 1080
1038 1081
1039 1040
1039 1080
1039 1081
1039 1082
1040 1041
1040 1081
1040 1082
1041 1042
1041 1082
1041 1083
1042 1083
1042 1084
1043 1044
1043 1084
1043 1085
1043 1086
1044 1045
1044 1085
1044 1086
1044 1087
1045 1046
1045 1086
1045 1087
1046 1047
1046 1087
1046 1088
1047 1088
1047 1089
1048 1049
1048 1089
1048 1090
1048 1091
1049 1050
1049 1090
1049 1091
1049 1092
1050 1051
1050 1091
1050 1092
1051 1092
1051 1093
1052 1053
1052 1093
1052 1094
1052 1095
1053 1054
1053 1094
1053 1095
1053 1096
1054 1055
1054 1095
1054 1096
1054 1097
1055 1056
1055 1096
1055 1097
1055 1098
1056 1097
1056 1098
1058 1059
1058 1099
1059 1060
1059 1099
1059 1100
1060 1061
1060 1100
1061 1062
1061 1100
1061 1101
1062 1063
1062 1101
1062 1102
1063 1064
1063 1101
1063 1102
1063 1103
1064 1065
1064 1102
1064 1103
1064 1104
1065 1066
1065 1103
1065 1104
1065 1105
1066 1067
1066 1104
1066 1105
1066 1106
1067 1068
1067 1105
1067 1106
1067 1107
1068 1069
1068 1106
1068 1107
1069 1107
1069 1108
1070 1071
1070 1108
1070 1109
1070 1110
1071 1109
1071 1110
1071 1111
1072 1073
1072 1112
1072 1113
1073 1074
1073 1112
1073 1113
1073 1114
1074 1075
1074 1113
1074 1114
1075 1076
1075 1114
1075 1115
1076 1115
1076 1116
1077 1078
1077 1116
1077 1117
1078 1079
1078 1117
1078 1118
1079 1080
1079 1117
1079 1118
1079 1119
1080 1081
1080 1118
1080 1119
1081 1082
1081 1119
1081 1120
1082 1120
1082 1121
1083 1084
1083 1121
1083 1122
1083 1123
1084 1085
1084 1122
1084 1123
1084 1124
1085 1086
1085 1123
1085 1124
1085 1125
1086 1087
1086 1124
1086 1125
1086 1126
1087 1125
1087 1126
1087 1127
1088 1089
1088 1127
1088 1128
1089 1090
1089 1128
1089 1129
1090 1091
1090 1129
1091 1092
1091 1129
1091 1130
1092 1130
1092 1131
1093 1094
1093 1131
1093 1132
1094 1095
1094 1132
1094 1133
1095 1096
1095 1132
1095 1133
1095 1134
1096 1097
1096 1133
1096 1134
1096 1135
1097 1098
1097 1134
1097 1135
1097 1136
1098 1135
1098 1136
1098 1137
1099 1138
1099 1139
1100 1140
1100 1141
1101 1102
1101 1141
1101 1142
1102 1103
1102 1142
1102 1143
1103 1104
1103 1143
1103 1144
1104 1105
1104 1143
1104 1144
1104 1145
1105 1106
1105 1144
1105 1145
1105 1146
1106 1107
1106 1145
1106 1146
1106 1147
1107 1146
1107 1147
1108 1109
1108 1148
1108 1149
1109 1110
1109 1148
1109 1149
1109 1150
1110 1111
1110 1149
1110 1150
1110 1151
1111 1150
1111 1151
1112 1113
1112 1152
1113 1114
1113 1152
1113 1153
1114 1152
1114 1153
1114 1154
1115 1116
1115 1154
1115 1155
1116 1155
1116 1156
1117 1118
1117 1156
1117 1157
1117 1158
1118 1119
1118 1157
1118 1158
1118 1159
1119 1158
1119 1159
1119 1160
1120 1121
1120 1160
1120 1161
1121 1122
1121 1161
1122 1123
1122 1161
1122 1162
1123 1124
1123 1162
1123 1163
1124 1125
1124 1162
1124 1163
1125 1126
1125 1163
1126 1127
1126 1164
1127 1128
1127 1164
1127 1165
1128 1164
1128 1165
1128 1166
1129 1166
1129 1167
1129 1168
1130 1131
1130 1168
1130 1169
1130 1170
1131 1169
1131 1170
1131 1171
1132 1133
1132 1171
1132 1172
1132 1173
1133 1134
1133 1172
1133 1173
1133 1174
1134 1135
1134 1173
1134 1174
1134 1175
1135 1136
1135 1174
1135 1175
1135 1176
1136 1137
1136 1175
1136 1176
1136 1177
1137 1176
1137 1177
1137 1178
1138 1139
1138 1178
1138 1179
1138 1180
1139 1179
1139 1180
1139 1181
1140 1141
1140 1181
1140 1182
1140 1183
1141 1142
1141 1182
1141 1183
1141 1184
1142 1183
1142 1184
1143 1144
1143 1185
1143 1186
1144 1145
1144 1185
1144 1186
1144 1187
1145 1146
1145 1186
1145 1187
1145 1188
1146 1147
1146 1187
1146 1188
1146 1189
1147 1188
1147 1189
1147 1190
1148 1149
1148 1190
1148 1191
1148 1192
1149 1150
1149 1191
1149 1192
1149 1193
1150 1151
1150 1192
1150 1193
1150 1194
1151 1193
1151 1194
1152 1153
1152 1195
1152 1196
1152 1197
1153 1154
1153 1196
1153 1197
1153 1198
1154 1197
1154 1198
1154 1199
1155 1156
1155 1199
1155 1200
1156 1157
1156 1200
1156 1201
1157 1158
1157 1200
1157 1201
1158 1159
1158 1201
1158 1202
1159 1160
1159 1202
1160 1202
1160 1203
1161 1203
1161 1204
1161 1205
1162 1163
1162 1205
1162 1206
1163 1206
1163 1207
1164 1165
1164 1208
1164 1209
1164 1210
1165 1166
1165 1209
1165 1210
1165 1211
1166 1167
1166 1210
1166 1211
1166 1212
1167 1168
1167 1211
1167 1212
1167 1213
1168 1169
1168 1212
1168 1213
1168 1214
1169 1170
1169 1213
1169 1214
1169 1215
1170 1171
1170 1214
1170 1215
1170 1216
1171 1172
1171 1215
1171 1216
1171 1217
1172 1173
1172 1216
1172 1217
1172 1218
1173 1174
1173 1217
1173 1218
1173 1219
1174 1175
1174 1218
1174 1219
1174 1220
1175 1176
1175 1219
1175 1220
1176 1177
1176 1220
1176 1221
1177 1178
1177 1221
1178 1179
1178 1221
1178 1222
1179 1180
1179 1222
1179 1223
1180 1181
1180 1222
1180 1223
1180 1224
1181 1182
1181 1223
1181 1224
1181 1225
1182 1183
1182 1224
1182 1225
1182 1226
1183 1184
1183 1225
1183 1226
1183 1227
1184 1226
1184 1227
1184 1228
1185 1186
1185 1228
1185 1229
1185 1230
1186 1187
1186 1229
1186 1230
1187 1188
1187 1230
1187 1231
1188 1189
1188 1231
1188 1232
1189 1190
1189 1231
1189 1232
1190 1191
1190 1232
1191 1192
1192 1193
1192 1233
1193 1194
1193 1233
1193 1234
1194 1233
1194 1234
1195 1196
1195 1235
1196 1197
1196 1235
1196 1236
1197 1198
1197 1236
1197 1237
1198 1199
1198 1236
1198 1237
1198 1238
1199 1237
1199 1238
1199 1239
1200 1201
1200 1239
1200 1240
1200 1241
1201 1240
1201 1241
1201 1242
1202 1242
1202 1243
1202 1244
1203 1204
1203 1244
1203 1245
1204 1205
1204 1245
1204 1246
1205 1246
1206 1207
1206 1247
1207 1208
1207 1247
1207 1248
1208 1209
1208 1248
1208 1249
1209 1210
1209 1248
1209 1249
1210 1211
1210 1249
1210 1250
1211 1212
1211 1250
1211 1251
1212 1213
1212 1250
1212 1251
1212 1252
1213 1214
1213 1251
1213 1252
1213 1253
1214 1215
1214 1252
1214 1253
1214 1254
1215 1216
1215 1253
1215 1254
1215 1255
1216 1217
1216 1254
1216 1255
1216 1256
1217 1218
1217 1255
1217 1256
1217 1257
1218 1219
1218 1256
1218 1257
1218 1258
1219 1220
1219 1257
1219 1258
1220 1258
1220 1259
1221 1259
1221 1260
1221 1261
1222 1223
1222 1261
1222 1262
1223 1224
1223 1262
1223 1263
1224 1225
1224 1262
1224 1263
1225 1226
1225 1263
1225 1264
1226 1227
1226 1264
1226 1265
1227 1228
1227 1264
1227 1265
1227 1266
1228 1229
1228 1265
1228 1266
1228 1267
1229 1230
1229 1266
1229 1267
1229 1268
1230 1267
1230 1268
1230 1269
1231 1232
1231 1269
1231 1270
1232 1270
1232 1271
1233 1234
1233 1273
1233 1274
1234 1274
1235 1275
1236 1237
1236 1276
1237 1238
1237 1276
1237 1277
1238 1239
1238 1277
1238 1278
1239 1240
1239 1277
1239 1278
1239 1279
1240 1241
1240 1278
1240 1279
1240 1280
1241 1242
1241 1279
1241 1280
1241 1281
1242 1243
1242 1280
1242 1281
1242 1282
1243 1244
1243 1281
1243 1282
1243 1283
1244 1245
1244 1282
1244 1283
1244 1284
1245 1283
1245 1284
1245 1285
1246 1285
1246 1286
1247 1286
1247 1287
1247 1288
1248 1249
1248 1288
1248 1289
1248 1290
1249 1289
1249 1290
1249 1291
1250 1251
1250 1291
1250 1292
1251 1252
1251 1292
1251 1293
1252 1253
1252 1293
1252 1294
1253 1254
1253 1293
1253 1294
1253 1295
1254 1255
1254 1294
1254 1295
1254 1296
1255 1256
1255 1295
1255 1296
1255 1297
1256 1257
1256 1296
1256 1297
1256 1298
1257 1258
1257 1297
1257 1298
1257 1299
1258 1298
1258 1299
1258 1300
1259 1260
1259 1300
1259 1301
1259 1302
1260 1261
1260 1301
1260 1302
1260 1303
1261 1302
1261 1303
1261 1304
1262 1263
1262 1304
1262 1305
1262 1306
1263 1305
1263 1306
1263 1307
1264 1265
1264 1307
1264 1308
1264 1309
1265 1266
1265 1308
1265 1309
1265 1310
1266 1267
1266 1309
1266 1310
1266 1311
1267 1268
1267 1310
1267 1311
1267 1312
1268 1269
1268 1311
1268 1312
1268 1313
1269 1312
1269 1313
1270 1271
1270 1314
1270 1315
1271 1272
1271 1314
1271 1315
1271 1316
1272 1273
1272 1315
1272 1316
1272 1317
1273 1274
1273 1316
1273 1317
1273 1318
1274 1317
1274 1318
1275 1319
1277 1278
1277 1320
1278 1279
1278 1320
1278 1321
1279 1280
1279 1321
1279 1322
1280 1281
1280 1321
1280 1322
1280 1323
1281 1282
1281 1322
1281 1323
1281 1324
1282 1283
1282 1323
1282 1324
1282 1325
1283 1284
1283 1324
1283 1325
1283 1326
1284 1285
1284 1325
1284 1326
1284 1327
1285 1326
1285 1327
1285 1328
1286 1287
1286 1328
1286 1329
1286 1330
1287 1288
1287 1329
1287 1330
1287 1331
1288 1289
1288 1330
1288 1331
1288 1332
1289 1290
1289 1331
1289 1332
1289 1333
1290 1291
1290 1332
1290 1333
1291 1292
1291 1333
1291 1334
1292 1334
1292 1335
1293 1294
1293 1335
1293 1336
1293 1337
1294 1295
1294 1336
1294 1337
1294 1338
1295 1296
1295 1337
1295 1338
1295 1339
1296 1297
1296 1338
1296 1339
1296 1340
1297 1298
1297 1339
1297 1340
1298 1299
1298 1340
1298 1341
1299 1300
1299 1341
1299 1342
1300 1301
1300 1341
1300 1342
1300 1343
1301 1302
1301 1342
1301 1343
1302 1303
1302 1343
1302 1344
1303 1304
1303 1344
1303 1345
1304 1305
1304 1344
1304 1345
1304 1346
1305 1306
1305 1345
1305 1346
1305 1347
1306 1307
1306 1346
1306 1347
1307 1308
1307 1347
1307 1348
1308 1309
1308 1348
1309 1310
1309 1348
1309 1349
1310 1311
1310 1349
1310 1350
1311 1312
1311 1349
1311 1350
1311 1351
1312 1313
1312 1350
1312 1351
1313 1351
1313 1352
1314 1315
1314 1352
1314 1353
1315 1316
1315 1353
1315 1354
1316 1317
1316 1353
1316 1354
1316 1355
1317 1318
1317 1354
1317 1355
1318 1355
1318 1356
1319 1357
1320 1359
1320 1360
1321 1322
1321 1360
1321 1361
1321 1362
1322 1323
1322 1361
1322 1362
1323 1324
1323 1362
1323 1363
1324 1325
1324 1363
1324 1364
1325 1326
1325 1363
1325 1364
1325 1365
1326 1327
1326 1364
1326 1365
1326 1366
1327 1328
1327 1365
1327 1366
1327 1367
1328 1329
1328 1366
1328 1367
1328 1368
1329 1330
1329 1367
1329 1368
1329 1369
1330 1331
1330 1368
1330 1369
1330 1370
1331 1332
1331 1369
1331 1370
1332 1333
1332 1370
1332 1371
1333 1371
1333 1372
1334 1335
1334 1372
1334 1373
1335 1336
1335 1373
1335 1374
1336 1337
1336 1374
1336 1375
1337 1338
1337 1374
1337 1375
1338 1339
1338 1375
1338 1376
1339 1340
1339 1376
1340 1376
1340 1377
1341 1342
1341 1377
1341 1378
1342 1343
1342 1378
1342 1379
1343 1378
1343 1379
1343 1380
1344 1345
1344 1380
1344 1381
1344 1382
1345 1346
1345 1381
1345 1382
1346 1347
1346 1382
1348 1383
1348 1384
1349 1350
1349 1384
1349 1385
1349 1386
1350 1351
1350 1385
1350 1386
1350 1387
1351 1386
1351 1387
1351 1388
1352 1388
1352 1389
1353 1354
1353 1389
1353 1390
1353 1391
1354 1355
1354 1390
1354 1391
1354 1392
1355 1391
1355 1392
1355 1393
1356 1393
1356 1394
1357 1358
1357 1395
1357 1396
1358 1396
1358 1397
1359 1360
1359 1397
1359 1398
1360 1361
1360 1398
1360 1399
1361 1362
1361 1398
1361 1399
1361 1400
1362 1399
1362 1400
1362 1401
1363 1364
1363 1401
1363 1402
1363 1403
1364 1365
1364 1402
1364 1403
1364 1404
1365 1366
1365 1403
1365 1404
1365 1405
1366 1367
1366 1404
1366 1405
1366 1406
1367 1368
1367 1405
1367 1406
1367 1407
1368 1369
1368 1406
1368 1407
1368 1408
1369 1370
1369 1407
1369 1408
1369 1409
1370 1408
1370 1409
1370 1410
1371 1372
1371 1410
1371 1411
1372 1373
1372 1411
1372 1412
1373 1412
1374 1375
1374 1413
1375 1413
1375 1414
1376 1414
1376 1415
1377 1416
1377 1417
1378 1379
1378 1417
1378 1418
1378 1419
1379 1380
1379 1418
1379 1419
1379 1420
1380 1381
1380 1419
1380 1420
1380 1421
1381 1382
1381 1420
1381 1421
1381 1422
1382 1421
1382 1422
1382 1423
1383 1384
1383 1425
1383 1426
1383 1427
1384 1385
1384 1426
1384 1427
1385 1386
1385 1427
1385 1428
1386 1387
1386 1428
1386 1429
1387 1388
1387 1428
1387 1429
1387 1430
1388 1429
1388 1430
1388 1431
1389 1390
1389 1431
1389 1432
1389 1433
1390 1391
1390 1432
1390 1433
1390 1434
1391 1392
1391 1433
1391 1434
1391 1435
1392 1393
1392 1434
1392 1435
1393 1394
1393 1435
1395 1396
1395 1436
1395 1437
1396 1436
1396 1437
1397 1438
1398 1399
1398 1438
1398 1439
1399 1400
1399 1439
1399 1440
1400 1401
1400 1439
1400 1440
1400 1441
1401 1402
1401 1440
1401 1441
1402 1403
1402 1441
1403 1404
1404 1405
1404 1442
1405 1406
1405 1442
1406 1407
1406 1442
1406 1443
1407 1408
1407 1443
1407 1444
1408 1409
1408 1443
1408 1444
1408 1445
1409 1410
1409 1444
1409 1445
1410 1411
1410 1445
1410 1446
1411 1446
1411 1447
1412 1447
1412 1448
1412 1449
1413 1414
1413 1450
1413 1451
1413 1452
1414 1415
1414 1451
1414 1452
1414 1453
1415 1452
1415 1453
1415 1454
1416 1417
1416 1454
1416 1455
1417 1418
1417 1455
1417 1456
1418 1419
1418 1456
1418 1457
1419 1420
1419 1456
1419 1457
1419 1458
1420 1421
1420 1457
1420 1458
1420 1459
1421 1422
1421 1458
1421 1459
1421 1460
1422 1423
1422 1459
1422 1460
1422 1461
1423 1424
1423 1460
1423 1461
1423 1462
1424 1425
1424 1461
1424 1462
1424 1463
1425 1426
1425 1462
1425 1463
1426 1427
1426 1463
1427 1464
1428 1429
1428 1464
1429 1430
1429 1465
1430 1431
1430 1465
1430 1466
1431 1432
1431 1465
1431 1466
1432 1433
1432 1466
1432 1467
1433 1434
1433 1467
1433 1468
1434 1435
1434 1467
1434 1468
1434 1469
1435 1468
1435 1469
1435 1470
1436 1437
1436 1472
1436 1473
1437 1472
1437 1473
1437 1474
1438 1475
1438 1476
1439 1440
1439 1476
1439 1477
1439 1478
1440 1441
1440 1477
1440 1478
1440 1479
1441 1478
1441 1479
1441 1480
1442 1482
1442 1483
1442 1484
1443 1444
1443 1484
1443 1485
1443 1486
1444 1445
1444 1485
1444 1486
1444 1487
1445 1486
1445 1487
1445 1488
1446 1447
1446 1488
1446 1489
1446 1490
1447 1448
1447 1489
1447 1490
1447 1491
1448 1449
1448 1490
1448 1491
1449 1450
1449 1491
1449 1492
1450 1451
1450 1492
1450 1493
1451 1452
1451 1492
1451 1493
1451 1494
1452 1453
1452 1493
1452 1494
1452 1495
1453 1454
1453 1494
1453 1495
1453 1496
1454 1455
1454 1495
1454 1496
1455 1496
1455 1497
1456 1457
1456 1497
1456 1498
1456 1499
1457 1458
1457 1498
1457 1499
1457 1500
1458 1459
1458 1499
1458 1500
1458 1501
1459 1460
1459 1500
1459 1501
1459 1502
1460 1461
1460 1501
1460 1502
1460 1503
1461 1462
1461 1502
1461 1503
1461 1504
1462 1463
1462 1503
1462 1504
1462 1505
1463 1504
1463 1505
1463 1506
1464 1507
1464 1508
1465 1466
1465 1509
1465 1510
1465 1511
1466 1510
1466 1511
1466 1512
1467 1468
1467 1512
1467 1513
1467 1514
1468 1469
1468 1513
1468 1514
1468 1515
1469 1470
1469 1514
1469 1515
1469 1516
1470 1471
1470 1515
1470 1516
1471 1516
1472 1473
1472 1517
1473 1474
1473 1517
1473 1518
1474 1475
1474 1518
1475 1518
1475 1519
1476 1477
1476 1519
1476 1520
1477 1478
1477 1520
1477 1521
1478 1479
1478 1521
1478 1522
1479 1480
1479 1521
1479 1522
1479 1523
1480 1481
1480 1522
1480 1523
1481 1482
1481 1523
1481 1524
1482 1483
1482 1524
1482 1525
1483 1484
1483 1524
1483 1525
1483 1526
1484 1485
1484 1525
1484 1526
1484 1527
1485 1486
1485 1526
1485 1527
1485 1528
1486 1487
1486 1527
1486 1528
1486 1529
1487 1488
1487 1528
1487 1529
1488 1489
1488 1529
1488 1530
1489 1490
1489 1530
1489 1531
1490 1491
1490 1530
1490 1531
1490 1532
1491 1531
1491 1532
1491 1533
1492 1493
1492 1533
1492 1534
1492 1535
1493 1494
1493 1534
1493 1535
1493 1536
1494 1495
1494 1535
1494 1536
1495 1496
1495 1536
1495 1537
1496 1537
1496 1538
1497 1498
1497 1538
1497 1539
1497 1540
1498 1499
1498 1539
1498 1540
1499 1500
1499 1540
1499 1541
1500 1501
1500 1541
1500 1542
1501 1502
1501 1541
1501 1542
1501 1543
1502 1503
1502 1542
1502 1543
1503 1504
1503 1543
1503 1544
1504 1505
1504 1544
1505 1506
1505 1544
1505 1545
1506 1507
1506 1545
1506 1546
1507 1545
1507 1546
1507 1547
1508 1509
1508 1547
1508 1548
1509 1510
1509 1548
1509 1549
1510 1511
1510 1549
1511 1512
1511 1549
1511 1550
1512 1513
1512 1550
1512 1551
1513 1514
1513 1550
1513 1551
1513 1552
1514 1515
1514 1551
1514 1552
1514 1553
1515 1516
1515 1552
1515 1553
1515 1554
1516 1553
1516 1554
1517 1555
1517 1556
1518 1556
1518 1557
1518 1558
1519 1520
1519 1558
1519 1559
1520 1559
1520 1560
1521 1522
1521 1560
1521 1561
1521 1562
1522 1523
1522 1561
1522 1562
1522 1563
1523 1562
1523 1563
1523 1564
1524 1525
1524 1564
1524 1565
1524 1566
1525 1526
1525 1565
1525 1566
1526 1527
1526 1566
1526 1567
1527 1528
1527 1567
1527 1568
1528 1529
1528 1567
1528 1568
1528 1569
1529 1568
1529 1569
1529 1570
1530 1531
1530 1570
1530 1571
1530 1572
1531 1532
1531 1571
1531 1572
1531 1573
1532 1533
1532 1572
1532 1573
1532 1574
1533 1534
1533 1573
1533 1574
1533 1575
1534 1535
1534 1574
1534 1575
1534 1576
1535 1536
1535 1575
1535 1576
1535 1577
1536 1576
1536 1577
1537 1538
1537 1578
1538 1539
1538 1578
1538 1579
1539 1540
1539 1578
1539 1579
1540 1579
1541 1542
1541 1580
1541 1581
1542 1543
1542 1580
1542 1581
1542 1582
1543 1581
1543 1582
1543 1583
1544 1583
1544 1584
1545 1546
1545 1585
1545 1586
1546 1547
1546 1585
1546 1586
1546 1587
1547 1548
1547 1586
1547 1587
1547 1588
1548 1587
1548 1588
1549 1589
1550 1551
1550 1590
1550 1591
1551 1552
1551 1590
1551 1591
1551 1592
1552 1553
1552 1591
1552 1592
1552 1593
1553 1554
1553 1592
1553 1593
1553 1594
1554 1593
1554 1594
1554 1595
1555 1556
1555 1596
1555 1597
1556 1557
1556 1596
1556 1597
1556 1598
1557 1558
1557 1597
1557 1598
1557 1599
1558 1559
1558 1598
1558 1599
1559 1599
1559 1600
1560 1561
1560 1600
1560 1601
1560 1602
1561 1562
1561 1601
1561 1602
1561 1603
1562 1563
1562 1602
1562 1603
1562 1604
1563 1564
1563 1603
1563 1604
1564 1565
1564 1604
1564 1605
1565 1566
1565 1605
1565 1606
1566 1605
1566 1606
1567 1568
1567 1607
1567 1608
1568 1569
1568 1607
1568 1608
1568 1609
1569 1570
1569 1608
1569 1609
1569 1610
1570 1571
1570 1609
1570 1610
1570 1611
1571 1572
1571 1610
1571 1611
1571 1612
1572 1573
1572 1611
1572 1612
1572 1613
1573 1574
1573 1612
1573 1613
1573 1614
1574 1575
1574 1613
1574 1614
1574 1615
1575 1576
1575 1614
1575 1615
1575 1616
1576 1577
1576 1615
1576 1616
1577 1616
1577 1617
1578 1579
1578 1618
1579 1618
1580 1581
1580 1619
1580 1620
1581 1582
1581 1619
1581 1620
1581 1621
1582 1583
1582 1620
1582 1621
1583 1584
1583 1621
1583 1622
1584 1622
1584 1623
1585 1586
1585 1623
1585 1624
1585 1625
1586 1587
1586 1624
1586 1625
1586 1626
1587 1588
1587 1625
1587 1626
1587 1627
1588 1626
1588 1627
1588 1628
1589 1628
1589 1629
1589 1630
1590 1591
1590 1630
1590 1631
1590 1632
1591 1592
1591 1631
1591 1632
1591 1633
1592 1593
1592 1632
1592 1633
1592 1634
1593 1594
1593 1633
1593 1634
1593 1635
1594 1595
1594 1634
1594 1635
1595 1635
1596 1597
1596 1636
1596 1637
1597 1598
1597 1636
1597 1637
1597 1638
1598 1599
1598 1637
1598 1638
1598 1639
1599 1638
1599 1639
1599 1640
1600 1601
1600 1640
1600 1641
1600 1642
1601 1602
1601 1641
1601 1642
1602 1603
1602 1642
1602 1643
1603 1604
1603 1643
1603 1644
1604 1643
1604 1644
1604 1645
1605 1606
1605 1645
1605 1646
1605 1647
1606 1646
1606 1647
1607 1608
1607 1648
1608 1609
1608 1648
1608 1649
1609 1610
1609 1649
1609 1650
1610 1611
1610 1649
1610 1650
1610 1651
1611 1612
1611 1650
1611 1651
1611 1652
1612 1613
1612 1651
1612 1652
1612 1653
1613 1614
1613 1652
1613 1653
1613 1654
1614 1615
1614 1653
1614 1654
1614 1655
1615 1616
1615 1654
1615 1655
1616 1655
1616 1656
1617 1656
1617 1657
1617 1658
1618 1659
1619 1620
1619 1660
1619 1661
1619 1662
1620 1621
1620 1661
1620 1662
1620 1663
1621 1662
1621 1663
1621 1664
1622 1623
1622 1664
1622 1665
1622 1666
1623 1624
1623 1665
1623 1666
1623 1667
1624 1625
1624 1666
1624 1667
1624 1668
1625 1626
1625 1667
1625 1668
1625 1669
1626 1627
1626 1668
1626 1669
1626 1670
1627 1628
1627 1669
1627 1670
1627 1671
1628 1629
1628 1670
1628 1671
1628 1672
1629 1630
1629 1671
1629 1672
1629 1673
1630 1631
1630 1672
1630 1673
1631 1632
1631 1673
1631 1674
1632 1633
1632 1674
1632 1675
1633 1634
1633 1674
1633 1675
1634 1635
1634 1675
1634 1676
1635 1676
1635 1677
1636 1637
1636 1678
1636 1679
1637 1638
1637 1678
1637 1679
1638 1639
1638 1679
1638 1680
1639 1640
1639 1680
1640 1641
1640 1680
1640 1681
1641 1642
1641 1681
1641 1682
1642 1681
1642 1682
1642 1683
1643 1644
1643 1683
1643 1684
1644 1645
1644 1684
1645 1646
1645 1685
1646 1647
1646 1685
1646 1686
1647 1685
1647 1686
1647 1687
1648 1687
1648 1688
1649 1650
1649 1689
1649 1690
1650 1651
1650 1689
1650 1690
1650 1691
1651 1652
1651 1690
1651 1691
1651 1692
1652 1653
1652 1691
1652 1692
1652 1693
1653 1654
1653 1692
1653 1693
1653 1694
1654 1655
1654 1693
1654 1694
1655 1694
1655 1695
1656 1657
1656 1695
1656 1696
1657 1658
1657 1696
1657 1697
1658 1659
1658 1697
1659 1697
1659 1698
1660 1661
1660 1699
1660 1700
1660 1701
1661 1662
1661 1700
1661 1701
1662 1663
1662 1701
1662 1702
1663 1664
1663 1702
1664 1665
1664 1702
1664 1703
1665 1666
1665 1703
1665 1704
1666 1667
1666 1703
1666 1704
1666 1705
1667 1668
1667 1704
1667 1705
1667 1706
1668 1669
1668 1705
1668 1706
1668 1707
1669 1670
1669 1706
1669 1707
1669 1708
1670 1671
1670 1707
1670 1708
1670 1709
1671 1672
1671 1708
1671 1709
1671 1710
1672 1673
1672 1709
1672 1710
1673 1710
1673 1711
1674 1675
1674 1711
1674 1712
1675 1712
1675 1713
1676 1677
1676 1713
1676 1714
1676 1715
1677 1714
1677 1715
1678 1679
1678 1716
1678 1717
1679 1716
1679 1717
1679 1718
1680 1718
1680 1719
1680 1720
1681 1682
1681 1720
1681 1721
1682 1683
1682 1721
1682 1722
1683 1684
1683 1721
1683 1722
1683 1723
1684 1722
1684 1723
1684 1724
1685 1686
1685 1725
1685 1726
1686 1687
1686 1725
1686 1726
1686 1727
1687 1688
1687 1726
1687 1727
1687 1728
1688 1727
1688 1728
1689 1690
1689 1729
1690 1691
1690 1729
1690 1730
1691 1692
1691 1729
1691 1730
1691 1731
1692 1693
1692 1730
1692 1731
1692 1732
1693 1694
1693 1731
1693 1732
1694 1732
1695 1696
1695 1733
1695 1734
1696 1733
1696 1734
1697 1735
1698 1699
1698 1735
1698 1736
1698 1737
1699 1700
1699 1736
1699 1737
1699 1738
1700 1701
1700 1737
1700 1738
1700 1739
1701 1738
1701 1739
1701 1740
1702 1740
1702 1741
1702 1742
1703 1704
1703 1742
1703 1743
1703 1744
1704 1705
1704 1743
1704 1744
1704 1745
1705 1706
1705 1744
1705 1745
1705 1746
1706 1707
1706 1745
1706 1746
1706 1747
1707 1708
1707 1746
1707 1747
1707 1748
1708 1709
1708 1747
1708 1748
1708 1749
1709 1710
1709 1748
1709 1749
1709 1750
1710 1749
1710 1750
1710 1751
1711 1712
1711 1751
1711 1752
1711 1753
1712 1752
1712 1753
1712 1754
1713 1714
1713 1754
1713 1755
1714 1715
1714 1755
1714 1756
1715 1755
1715 1756
1716 1717
1716 1757
1717 1718
1717 1757
1717 1758
1718 1719
1718 1757
1718 1758
1718 1759
1719 1720
1719 1758
1719 1759
1719 1760
1720 1759
1720 1760
1721 1722
1721 1761
1721 1762
1722 1723
1722 1761
1722 1762
1722 1763
1723 1724
1723 1762
1723 1763
1724 1763
1724 1764
1725 1726
1725 1764
1725 1765
1726 1727
1726 1765
1726 1766
1727 1728
1727 1766
1727 1767
1728 1766
1728 1767
1728 1768
1729 1730
1729 1769
1730 1731
1730 1770
1731 1732
1731 1770
1731 1771
1732 1770
1732 1771
1732 1772
1733 1734
1733 1773
1733 1774
1734 1774
1734 1775
1735 1736
1735 1776
1735 1777
1736 1737
1736 1777
1736 1778
1737 1738
1737 1777
1737 1778
1738 1739
1738 1778
1738 1779
1739 1740
1739 1779
1739 1780
1740 1741
1740 1779
1740 1780
1740 1781
1741 1742
1741 1780
1741 1781
1741 1782
1742 1743
1742 1781
1742 1782
1742 1783
1743 1744
1743 1782
1743 1783
1743 1784
1744 1745
1744 1783
1744 1784
1744 1785
1745 1746
1745 1784
1745 1785
1745 1786
1746 1747
1746 1785
1746 1786
1746 1787
1747 1748
1747 1786
1747 1787
1747 1788
1748 1749
1748 1787
1748 1788
1748 1789
1749 1750
1749 1788
1749 1789
1749 1790
1750 1751
1750 1789
1750 1790
1750 1791
1751 1752
1751 1790
1751 1791
1751 1792
1752 1753
1752 1791
1752 1792
1752 1793
1753 1754
1753 1792
1753 1793
1753 1794
1754 1793
1754 1794
1755 1756
1755 1795
1755 1796
1756 1795
1756 1796
1757 1758
1757 1797
1757 1798
1758 1759
1758 1797
1758 1798
1758 1799
1759 1760
1759 1798
1759 1799
1759 1800
1760 1799
1760 1800
1760 1801
1761 1762
1761 1801
1761 1802
1761 1803
1762 1763
1762 1802
1762 1803
1762 1804
1763 1803
1763 1804
1763 1805
1764 1765
1764 1805
1764 1806
1764 1807
1765 1806
1765 1807
1765 1808
1766 1767
1766 1808
1766 1809
1766 1810
1767 1768
1767 1809
1767 1810
1768 1769
1768 1810
1768 1811
1769 1811
1769 1812
1770 1771
1770 1813
1770 1814
1771 1772
1771 1814
1771 1815
1772 1773
1772 1815
1773 1774
1773 1815
1773 1816
1774 1816
1774 1817
1775 1776
1775 1817
1775 1818
1775 1819
1776 1818
1776 1819
1776 1820
1777 1778
1777 1820
1777 1821
1777 1822
1778 1821
1778 1822
1778 1823
1779 1780
1779 1823
1779 1824
1779 1825
1780 1781
1780 1824
1780 1825
1780 1826
1781 1782
1781 1825
1781 1826
1782 1783
1782 1826
1783 1784
1783 1827
1784 1785
1784 1827
1784 1828
1785 1786
1785 1827
1785 1828
1785 1829
1786 1787
1786 1828
1786 1829
1786 1830
1787 1788
1787 1829
1787 1830
1787 1831
1788 1789
1788 1830
1788 1831
1789 1790
1789 1831
1789 1832
1790 1791
1790 1832
1790 1833
1791 1792
1791 1832
1791 1833
1791 1834
1792 1793
1792 1833
1792 1834
1792 1835
1793 1794
1793 1834
1793 1835
1793 1836
1794 1835
1794 1836
1794 1837
1795 1796
1795 1837
1795 1838
1795 1839
1796 1838
1796 1839
1797 1798
1797 1840
1797 1841
1798 1799
1798 1841
1798 1842
1799 1800
1799 1841
1799 1842
1800 1801
1800 1842
1800 1843
1801 1802
1801 1843
1802 1803
1802 1843
1802 1844
1803 1804
1803 1844
1803 1845
1804 1805
1804 1844
1804 1845
1804 1846
1805 1806
1805 1845
1805 1846
1805 1847
1806 1807
1806 1846
1806 1847
1806 1848
1807 1808
1807 1847
1807 1848
1807 1849
1808 1809
1808 1848
1808 1849
1808 1850
1809 1810
1809 1849
1809 1850
1810 1850
1810 1851
1811 1812
1811 1851
1811 1852
1812 1813
1812 1852
1812 1853
1813 1814
1813 1853
1813 1854
1814 1853
1814 1854
1814 1855
1815 1855
1815 1856
1815 1857
1816 1817
1816 1857
1816 1858
1816 1859
1817 1818
1817 1858
1817 1859
1817 1860
1818 1819
1818 1859
1818 1860
1818 1861
1819 1820
1819 1860
1819 1861
1819 1862
1820 1821
1820 1861
1820 1862
1820 1863
1821 1822
1821 1862
1821 1863
1821 1864
1822 1823
1822 1863
1822 1864
1822 1865
1823 1824
1823 1864
1823 1865
1823 1866
1824 1825
1824 1865
1824 1866
1824 1867
1825 1826
1825 1866
1825 1867
1825 1868
1826 1867
1826 1868
1826 1869
1827 1828
1827 1870
1827 1871
1827 1872
1828 1829
1828 1871
1828 1872
1828 1873
1829 1830
1829 1872
1829 1873
1829 1874
1830 1831
1830 1873
1830 1874
1830 1875
1831 1874
1831 1875
1832 1833
1832 1876
1833 1834
1833 1876
1834 1835
1834 1876
1834 1877
1835 1836
1835 1877
1835 1878
1836 1837
1836 1877
1836 1878
1836 1879
1837 1838
1837 1878
1837 1879
1837 1880
1838 1839
1838 1879
1838 1880
1839 1880
1840 1881
1840 1882
1841 1842
1841 1882
1841 1883
1841 1884
1842 1883
1842 1884
1842 1885
1843 1885
1843 1886
1844 1845
1844 1887
1844 1888
1845 1846
1845 1887
1845 1888
1845 1889
1846 1847
1846 1888
1846 1889
1846 1890
1847 1848
1847 1889
1847 1890
1847 1891
1848 1849
1848 1890
1848 1891
1849 1850
1849 1891
1849 1892
1850 1892
1850 1893
1851 1852
1851 1893
1851 1894
1852 1894
1852 1895
1853 1854
1853 1895
1853 1896
1854 1855
1854 1896
1854 1897
1855 1856
1855 1896
1855 1897
1856 1857
1856 1897
1856 1898
1857 1858
1857 1898
1857 1899
1858 1859
1858 1898
1858 1899
1858 1900
1859 1860
1859 1899
1859 1900
1860 1861
1860 1900
1860 1901
1861 1862
1861 1901
1861 1902
1862 1863
1862 1901
1862 1902
1863 1864
1863 1902
1864 1865
1864 1903
1865 1866
1865 1903
1865 1904
1866 1867
1866 1903
1866 1904
1867 1868
1867 1904
1867 1905
1868 1869
1868 1905
1868 1906
1869 1870
1869 1905
1869 1906
1869 1907
1870 1871
1870 1906
1870 1907
1870 1908
1871 1872
1871 1907
1871 1908
1871 1909
1872 1873
1872 1908
1872 1909
1873 1874
1873 1909
1873 1910
1874 1875
1874 1910
1874 1911
1875 1910
1875 1911
1875 1912
1876 1913
1876 1914
1876 1915
1877 1878
1877 1915
1877 1916
1878 1879
1878 1916
1878 1917
1879 1880
1879 1916
1879 1917
1879 1918
1880 1917
1880 1918
1880 1919
1881 1882
1881 1920
1881 1921
1882 1883
1882 1920
1882 1921
1882 1922
1883 1884
1883 1921
1883 1922
1883 1923
1884 1885
1884 1922
1884 1923
1885 1886
1885 1923
1885 1924
1886 1924
1887 1888
1887 1925
1888 1889
1888 1925
1888 1926
1889 1890
1889 1925
1889 1926
1889 1927
1890 1891
1890 1926
1890 1927
1890 1928
1891 1927
1891 1928
1891 1929
1892 1893
1892 1929
1892 1930
1893 1894
1893 1930
1893 1931
1894 1931
1894 1932
1895 1932
1895 1933
1896 1897
1896 1934
1897 1934
1898 1899
1898 1935
1898 1936
1899 1900
1899 1935
1899 1936
1899 1937
1900 1936
1900 1937
1900 1938
1901 1902
1901 1938
1901 1939
1901 1940
1902 1939
1902 1940
1902 1941
1903 1904
1903 1942
1903 1943
1904 1942
1904 1943
1904 1944
1905 1906
1905 1944
1905 1945
1905 1946
1906 1907
1906 1945
1906 1946
1906 1947
1907 1908
1907 1946
1907 1947
1907 1948
1908 1909
1908 1947
1908 1948
1909 1948
1909 1949
1910 1911
1910 1949
1910 1950
1911 1912
1911 1950
1912 1913
1912 1950
1913 1914
1913 1951
1914 1915
1914 1951
1914 1952
1915 1951
1915 1952
1915 1953
1916 1917
1916 1953
1916 1954
1916 1955
1917 1918
1917 1954
1917 1955
1917 1956
1918 1919
1918 1955
1918 1956
1918 1957
1919 1956
1919 1957
1920 1921
1920 1958
1920 1959
1921 1922
1921 1958
1921 1959
1921 1960
1922 1923
1922 1959
1922 1960
1923 1960
1924 1961
1924 1962
1925 1926
1925 1963
1925 1964
1925 1965
1926 1927
1926 1964
1926 1965
1926 1966
1927 1928
1927 1965
1927 1966
1927 1967
1928 1929
1928 1966
1928 1967
1928 1968
1929 1930
1929 1967
1929 1968
1929 1969
1930 1968
1930 1969
1930 1970
1931 1932
1931 1970
1931 1971
1932 1933
1932 1971
1932 1972
1933 1971
1933 1972
1933 1973
1934 1974
1934 1975
1934 1976
1935 1936
1935 1976
1935 1977
1936 1937
1936 1977
1936 1978
1937 1938
1937 1977
1937 1978
1937 1979
1938 1939
1938 1978
1938 1979
1938 1980
1939 1940
1939 1979
1939 1980
1940 1941
1940 1980
1940 1981
1941 1981
1941 1982
1942 1943
1942 1982
1942 1983
1942 1984
1943 1944
1943 1983
1943 1984
1943 1985
1944 1945
1944 1984
1944 1985
1944 1986
1945 1946
1945 1985
1945 1986
1945 1987
1946 1947
1946 1986
1946 1987
1946 1988
1947 1948
1947 1987
1947 1988
1947 1989
1948 1988
1948 1989
1949 1990
1949 1991
1950 1991
1950 1992
1950 1993
1951 1952
1951 1994
1951 1995
1951 1996
1952 1953
1952 1995
1952 1996
1952 1997
1953 1954
1953 1996
1953 1997
1953 1998
1954 1955
1954 1997
1954 1998
1955 1956
1955 1998
1955 1999
1956 1957
1956 1999
1957 1999
1958 1959
1959 1960
1961 1962
1962 1963
1963 1964
1964 1965
1965 1966
1966 1967
1967 1968
1968 1969
1969 1970
1971 1972
1972 1973
1973 1974
1974 1975
1975 1976
1977 1978
1978 1979
1979 1980
1981 1982
1982 1983
1983 1984
1984 1985
1985 1986
1986 1987
1987 1988
1988 1989
1990 1991
1991 1992
1992 1993
1993 1994
1994 1995
1995 1996
1996 1997
1997 1998
