# FromNodeId	ToNodeId
0 1
0 28
1 2
1 28
1 29
2 3
2 28
2 29
3 4
3 29
3 30
4 5
4 30
4 31
5 6
5 30
5 31
5 32
6 31
6 32
6 33
7 8
7 33
7 34
8 9
8 34
8 35
9 10
9 34
9 35
9 36
10 11
10 35
10 36
11 12
11 36
12 13
12 37
13 14
13 37
13 38
14 15
14 37
14 38
14 39
15 38
15 39
15 40
16 41
16 42
16 43
17 18
17 43
17 44
17 45
18 19
18 44
18 45
18 46
19 45
19 46
19 47
20 21
20 48
21 22
21 49
22 23
22 49
22 50
23 24
23 49
23 50
23 51
24 25
24 50
24 51
24 52
25 26
25 51
25 52
26 27
26 52
26 53
27 53
27 54
28 29
28 55
28 56
28 57
29 56
29 57
29 58
30 31
30 58
30 59
31 32
31 59
31 60
32 33
32 59
32 60
32 61
33 60
33 61
33 62
34 35
34 62
34 63
34 64
35 36
35 63
35 64
35 65
36 64
36 65
36 66
37 38
37 67
37 68
38 39
38 68
38 69
39 40
39 69
39 70
40 41
40 69
40 70
40 71
41 42
41 70
41 71
41 72
42 43
42 71
42 72
42 73
43 44
43 72
43 73
44 45
44 73
44 74
45 46
45 74
45 75
46 47
46 74
46 75
46 76
47 48
47 75
47 76
47 77
48 76
48 77
49 50
49 78
49 79
49 80
50 51
50 79
50 80
50 81
51 52
51 80
51 81
51 82
52 81
52 82
52 83
53 54
53 83
53 84
53 85
54 84
54 85
55 56
55 86
55 87
56 57
56 86
56 87
57 58
57 87
57 88
58 88
58 89
59 60
59 89
59 90
59 91
60 61
60 90
60 91
60 92
61 62
61 91
61 92
62 63
62 92
62 93
63 64
63 93
63 94
64 65
64 93
64 94
64 95
65 66
65 94
65 95
65 96
66 67
66 95
66 96
66 97
67 68
67 96
67 97
67 98
68 97
68 98
68 99
69 70
69 99
69 100
70 71
70 100
70 101
71 72
71 101
72 73
72 101
73 102
74 75
74 102
74 103
74 104
75 76
75 103
75 104
75 105
76 77
76 104
76 105
76 106
77 105
77 106
77 107
78 79
78 107
78 108
79 80
79 108
80 81
80 109
81 82
81 109
81 110
82 83
82 109
82 110
82 111
83 84
83 110
83 111
83 112
84 85
84 111
84 112
84 113
85 112
85 113
86 87
86 114
86 115
87 114
87 115
87 116
88 89
88 116
88 117
88 118
89 90
89 117
89 118
89 119
90 91
90 118
90 119
90 120
91 92
91 119
91 120
91 121
92 120
92 121
92 122
93 94
93 122
93 123
93 124
94 95
94 123
94 124
94 125
95 96
95 124
95 125
95 126
96 97
96 125
96 126
96 127
97 98
97 126
97 127
97 128
98 99
98 127
98 128
98 129
99 100
99 128
99 129
99 130
100 129
100 130
100 131
101 131
101 132
101 133
102 103
102 134
102 135
102 136
103 104
103 135
103 136
104 105
104 136
104 137
105 106
105 137
105 138
106 107
106 137
106 138
106 139
107 108
107 138
107 139
107 140
108 139
108 140
108 141
109 110
109 142
109 143
109 144
110 111
110 143
110 144
110 145
111 112
111 144
111 145
111 146
112 113
112 145
112 146
112 147
113 146
113 147
114 115
114 148
114 149
115 116
115 148
115 149
115 150
116 117
116 149
116 150
117 118
117 150
117 151
118 119
118 151
118 152
119 120
119 151
119 152
119 153
120 121
120 152
120 153
120 154
121 122
121 153
121 154
121 155
122 123
122 154
122 155
123 124
123 155
123 156
124 125
124 156
124 157
125 126
125 156
125 157
125 158
126 127
126 157
126 158
127 128
127 158
128 129
128 159
129 130
129 159
130 131
130 159
130 160
131 132
131 160
132 133
132 160
132 161
133 134
133 161
133 162
134 135
134 161
134 162
135 136
135 162
135 163
136 163
137 138
137 164
138 139
138 164
138 165
139 140
139 164
139 165
139 166
140 141
140 165
140 166
140 167
141 142
141 166
141 167
141 168
142 143
142 167
142 168
142 169
143 144
143 168
143 169
143 170
144 145
144 169
144 170
144 171
145 146
145 170
145 171
146 147
146 171
148 149
148 172
149 150
149 172
149 173
150 173
150 174
151 152
151 174
151 175
151 176
152 153
152 175
152 176
152 177
153 154
153 176
153 177
153 178
154 155
154 177
154 178
154 179
155 178
155 179
156 157
156 180
156 181
157 158
157 180
157 181
157 182
158 181
158 182
158 183
159 184
159 185
159 186
160 186
160 187
161 162
161 187
161 188
161 189
162 188
162 189
163 190
163 191
164 165
164 192
164 193
164 194
165 166
165 193
165 194
165 195
166 167
166 194
166 195
166 196
167 168
167 195
167 196
167 197
168 169
168 196
168 197
169 170
169 197
169 198
170 171
170 198
170 199
171 198
171 199
171 200
172 202
172 203
173 174
173 203
173 204
173 205
174 175
174 204
174 205
174 206
175 176
175 205
175 206
175 207
176 177
176 206
176 207
176 208
177 178
177 207
177 208
178 179
178 208
178 209
179 209
180 181
180 210
180 211
181 182
181 210
181 211
181 212
182 183
182 211
182 212
183 184
183 212
183 213
184 185
184 213
184 214
185 186
185 213
185 214
185 215
186 214
186 215
186 216
187 188
187 216
187 217
187 218
188 189
188 217
188 218
188 219
189 218
189 219
189 220
190 191
190 220
191 192
191 221
192 193
192 221
192 222
193 194
193 221
193 222
193 223
194 195
194 222
194 223
194 224
195 196
195 223
195 224
195 225
196 197
196 224
196 225
196 226
197 225
197 226
197 227
198 199
198 227
198 228
199 200
199 228
199 229
200 201
200 228
200 229
200 230
201 229
201 230
202 203
202 231
202 232
203 204
203 231
203 232
203 233
204 205
204 232
204 233
205 206
205 233
205 234
206 207
206 234
206 235
207 208
207 234
207 235
207 236
208 235
208 236
208 237
209 237
209 238
209 239
210 211
210 239
210 240
210 241
211 212
211 240
211 241
212 241
212 242
213 214
213 242
213 243
213 244
214 215
214 243
214 244
214 245
215 216
215 244
215 245
215 246
216 217
216 245
216 246
216 247
217 218
217 246
217 247
217 248
218 219
218 247
218 248
219 220
219 248
219 249
220 249
220 250
221 222
221 251
221 252
222 223
222 251
222 252
222 253
223 224
223 252
223 253
223 254
224 225
224 253
224 254
225 226
225 254
225 255
226 227
226 255
227 255
227 256
228 229
228 256
228 257
229 230
229 257
229 258
230 257
230 258
231 232
231 259
231 260
232 233
232 259
232 260
232 261
233 260
233 261
233 262
234 235
234 262
234 263
235 236
235 263
235 264
236 237
236 263
236 264
236 265
237 238
237 264
237 265
237 266
238 239
238 265
238 266
238 267
239 240
239 266
239 267
239 268
240 241
240 267
240 268
240 269
241 268
241 269
241 270
242 243
242 270
242 271
242 272
243 244
243 271
243 272
244 245
244 272
244 273
245 246
245 273
245 274
246 247
246 273
246 274
246 275
247 248
247 274
247 275
248 275
248 276
249 250
249 276
249 277
249 278
250 277
250 278
251 252
251 279
251 280
252 253
252 279
252 280
252 281
253 254
253 280
253 281
253 282
254 281
254 282
254 283
255 283
255 284
255 285
256 285
256 286
256 287
257 258
257 287
257 288
258 288
259 260
259 289
260 261
260 289
260 290
261 262
261 290
261 291
262 290
262 291
263 264
263 292
264 265
264 292
264 293
265 266
265 292
265 293
265 294
266 267
266 293
266 294
266 295
267 268
267 294
267 295
267 296
268 269
268 295
268 296
268 297
269 270
269 296
269 297
269 298
270 271
270 297
270 298
271 272
271 298
271 299
272 299
272 300
273 274
273 300
273 301
273 302
274 275
274 301
274 302
274 303
275 302
275 303
275 304
276 277
276 304
276 305
276 306
277 278
277 305
277 306
277 307
278 306
278 307
278 308
279 280
279 308
279 309
279 310
280 281
280 309
280 310
281 282
281 310
281 311
282 283
282 311
282 312
283 284
283 311
283 312
283 313
284 285
284 312
284 313
284 314
285 286
285 313
285 314
286 287
286 314
286 315
287 288
287 315
288 315
288 316
289 317
290 291
290 317
290 318
290 319
291 318
291 319
291 320
292 293
292 321
292 322
292 323
293 294
293 322
293 323
293 324
294 295
294 323
294 324
294 325
295 296
295 324
295 325
296 297
296 325
296 326
297 298
297 326
297 327
298 326
298 327
298 328
299 300
299 328
299 329
299 330
300 301
300 329
300 330
300 331
301 302
301 330
301 331
301 332
302 303
302 331
302 332
303 304
303 332
303 333
304 305
304 333
304 334
305 306
305 333
305 334
305 335
306 307
306 334
306 335
306 336
307 308
307 335
307 336
307 337
308 309
308 336
308 337
308 338
309 310
309 337
309 338
310 338
310 339
311 312
311 339
311 340
312 313
312 340
312 341
313 314
313 341
313 342
314 341
314 342
314 343
315 343
315 344
315 345
316 345
316 346
317 318
317 347
317 348
317 349
318 319
318 348
318 349
318 350
319 320
319 349
319 350
319 351
320 321
320 350
320 351
320 352
321 322
321 351
321 352
321 353
322 323
322 352
322 353
322 354
323 324
323 353
323 354
324 325
324 354
325 355
326 327
326 355
326 356
326 357
327 328
327 356
327 357
327 358
328 329
328 357
328 358
328 359
329 330
329 358
329 359
330 331
330 359
331 332
331 360
332 360
333 334
333 361
333 362
334 335
334 361
334 362
334 363
335 336
335 362
335 363
336 337
336 363
336 364
337 338
337 364
337 365
338 364
338 365
339 340
339 366
339 367
340 366
340 367
340 368
341 342
341 368
341 369
341 370
342 343
342 369
342 370
343 344
343 370
343 371
344 345
344 371
345 346
345 371
347 348
347 372
347 373
348 349
348 372
348 373
348 374
349 350
349 373
349 374
349 375
350 351
350 374
350 375
350 376
351 352
351 375
351 376
352 353
352 376
353 354
353 377
354 377
354 378
355 356
355 379
355 380
355 381
356 357
356 380
356 381
356 382
357 358
357 381
357 382
357 383
358 359
358 382
358 383
358 384
359 383
359 384
360 385
360 386
361 362
361 386
361 387
361 388
362 363
362 387
362 388
362 389
363 388
363 389
363 390
364 365
364 390
364 391
364 392
365 391
365 392
365 393
366 367
366 393
366 394
366 395
367 368
367 394
367 395
367 396
368 369
368 395
368 396
368 397
369 370
369 396
369 397
369 398
370 397
370 398
370 399
371 399
371 400
371 401
372 373
372 403
372 404
373 374
373 403
373 404
373 405
374 375
374 404
374 405
374 406
375 376
375 405
375 406
375 407
376 406
376 407
376 408
377 378
377 409
377 410
377 411
378 379
378 410
378 411
379 380
379 411
379 412
380 381
380 412
380 413
381 382
381 412
381 413
382 383
382 413
382 414
383 384
383 414
383 415
384 414
384 415
384 416
385 386
385 417
385 418
385 419
386 387
386 418
386 419
386 420
387 388
387 419
387 420
387 421
388 389
388 420
388 421
388 422
389 390
389 421
389 422
390 391
390 422
390 423
391 392
391 423
391 424
392 393
392 423
392 424
392 425
393 394
393 424
393 425
393 426
394 395
394 425
394 426
394 427
395 396
395 426
395 427
395 428
396 397
396 427
396 428
396 429
397 398
397 428
397 429
397 430
398 399
398 429
398 430
399 400
399 430
399 431
400 401
400 431
400 432
401 402
401 431
401 432
401 433
402 432
402 433
403 404
403 434
403 435
404 405
404 434
404 435
404 436
405 406
405 435
405 436
405 437
406 407
406 436
406 437
407 408
407 437
407 438
408 409
408 438
409 410
409 438
409 439
410 411
410 439
410 440
411 439
411 440
411 441
412 413
412 441
412 442
413 442
414 415
414 443
415 416
415 443
415 444
416 417
416 443
416 444
416 445
417 418
417 444
417 445
417 446
418 419
418 445
418 446
418 447
419 420
419 446
419 447
419 448
420 421
420 447
420 448
420 449
421 422
421 448
421 449
421 450
422 449
422 450
422 451
423 424
423 451
423 452
423 453
424 425
424 452
424 453
424 454
425 426
425 453
425 454
425 455
426 427
426 454
426 455
426 456
427 428
427 455
427 456
427 457
428 429
428 456
428 457
428 458
429 430
429 457
429 458
430 458
430 459
431 432
431 459
431 460
432 433
432 460
432 461
433 460
433 461
434 435
434 462
434 463
435 436
435 462
435 463
435 464
436 437
436 463
436 464
436 465
437 464
437 465
438 466
439 440
439 466
439 467
439 468
440 441
440 467
440 468
440 469
441 442
441 468
441 469
442 469
442 470
443 444
443 471
443 472
444 445
444 472
445 446
445 473
446 447
446 473
446 474
447 448
447 473
447 474
447 475
448 449
448 474
448 475
448 476
449 450
449 475
449 476
450 451
450 476
450 477
451 452
451 477
452 453
452 477
452 478
453 454
453 478
454 455
454 478
454 479
455 456
455 479
455 480
456 457
456 479
456 480
456 481
457 458
457 480
457 481
457 482
458 481
458 482
458 483
459 483
460 461
462 463
462 484
463 464
463 484
463 485
464 465
464 485
465 485
465 486
466 467
466 487
466 488
467 468
467 488
468 469
468 489
469 489
469 490
470 490
470 491
470 492
471 472
471 492
471 493
471 494
472 493
472 494
472 495
473 474
473 496
473 497
473 498
474 475
474 497
474 498
474 499
475 476
475 498
475 499
476 499
477 500
477 501
478 501
478 502
478 503
479 480
479 503
479 504
479 505
480 481
480 504
480 505
480 506
481 482
481 505
481 506
481 507
482 483
482 506
482 507
482 508
483 507
483 508
483 509
484 512
484 513
485 513
485 514
485 515
486 487
486 515
486 516
487 488
487 516
487 517
488 517
488 518
489 490
489 519
489 520
489 521
490 491
490 520
490 521
490 522
491 492
491 521
491 522
491 523
492 493
492 522
492 523
492 524
493 494
493 523
493 524
493 525
494 495
494 524
494 525
494 526
495 496
495 525
495 526
495 527
496 497
496 526
496 527
497 498
497 527
497 528
498 499
498 528
498 529
499 528
499 529
500 501
500 530
500 531
500 532
501 502
501 531
501 532
501 533
502 503
502 532
502 533
502 534
503 504
503 533
503 534
503 535
504 505
504 534
504 535
505 506
505 535
505 536
506 507
506 536
507 508
507 536
507 537
508 509
508 537
509 510
509 537
510 511
510 538
511 538
511 539
512 513
512 540
512 541
513 514
513 540
513 541
513 542
514 515
514 541
514 542
514 543
515 516
515 542
515 543
515 544
516 543
516 544
517 518
517 545
517 546
518 519
518 545
518 546
519 520
519 546
520 521
520 547
521 522
521 547
521 548
522 523
522 547
522 548
522 549
523 524
523 548
523 549
523 550
524 525
524 549
524 550
524 551
525 526
525 550
525 551
526 527
526 551
526 552
527 552
527 553
528 529
528 553
528 554
528 555
529 554
529 555
530 531
530 556
530 557
531 532
531 556
531 557
531 558
532 533
532 557
532 558
532 559
533 534
533 558
533 559
534 535
534 559
534 560
535 560
535 561
536 561
536 562
536 563
537 563
537 564
537 565
538 539
538 566
538 567
538 568
539 567
539 568
540 541
540 569
540 570
541 542
541 569
541 570
541 571
542 543
542 570
542 571
542 572
543 544
543 571
543 572
543 573
544 572
544 573
545 546
545 574
545 575
546 574
546 575
547 548
547 576
548 549
548 577
549 550
549 577
549 578
550 551
550 577
550 578
551 578
551 579
552 553
552 579
552 580
552 581
553 554
553 580
553 581
553 582
554 555
554 581
554 582
554 583
555 582
555 583
556 557
556 584
557 558
557 584
557 585
558 559
558 584
558 585
559 585
560 561
560 586
560 587
561 562
561 586
561 587
561 588
562 563
562 587
562 588
562 589
563 564
563 588
563 589
563 590
564 565
564 589
564 590
564 591
565 566
565 590
565 591
565 592
566 567
566 591
566 592
566 593
567 568
567 592
567 593
567 594
568 593
568 594
569 570
569 595
570 571
570 595
571 572
571 595
572 573
572 596
573 596
573 597
574 575
574 597
574 598
575 598
575 599
576 599
576 600
576 601
577 578
577 602
577 603
577 604
578 603
578 604
578 605
579 580
579 605
579 606
579 607
580 581
580 606
580 607
580 608
581 582
581 607
581 608
581 609
582 583
582 608
582 609
583 609
583 610
584 585
584 611
584 612
585 612
585 613
586 587
586 614
587 588
587 614
587 615
588 589
588 615
588 616
589 590
589 615
589 616
589 617
590 591
590 616
590 617
591 592
591 617
591 618
592 593
592 618
592 619
593 594
593 618
593 619
593 620
594 619
594 620
595 621
595 622
595 623
596 597
596 624
597 625
598 599
598 625
598 626
599 600
599 626
600 601
600 627
601 602
601 627
601 628
602 603
602 627
602 628
602 629
603 604
603 628
603 629
603 630
604 605
604 629
604 630
604 631
605 606
605 630
605 631
606 607
606 631
606 632
607 608
607 632
607 633
608 609
608 632
608 633
608 634
609 633
609 634
609 635
610 611
610 635
610 636
611 612
611 636
612 637
613 637
613 638
613 639
614 639
614 640
614 641
615 616
615 641
615 642
616 617
616 642
616 643
617 643
617 644
618 619
618 644
618 645
619 620
619 645
619 646
620 645
620 646
621 622
621 647
621 648
622 623
622 647
622 648
622 649
623 624
623 648
623 649
623 650
624 649
624 650
624 651
625 626
625 652
626 652
626 653
627 628
627 654
627 655
628 629
628 654
628 655
628 656
629 630
629 655
629 656
629 657
630 631
630 656
630 657
630 658
631 657
631 658
631 659
632 633
632 659
632 660
632 661
633 634
633 660
633 661
633 662
634 635
634 661
634 662
634 663
635 636
635 662
635 663
635 664
636 663
636 664
636 665
637 638
637 666
637 667
638 639
638 667
638 668
639 640
639 667
639 668
640 641
640 668
640 669
641 642
641 669
641 670
642 669
642 670
642 671
643 644
643 671
643 672
643 673
644 672
644 673
645 646
645 674
646 674
647 648
647 675
647 676
648 649
648 675
648 676
648 677
649 650
649 676
649 677
649 678
650 651
650 677
650 678
651 678
652 679
652 680
653 680
653 681
653 682
654 655
654 682
654 683
654 684
655 656
655 683
655 684
655 685
656 657
656 684
656 685
657 658
657 685
657 686
658 659
658 686
658 687
659 660
659 686
659 687
659 688
660 661
660 687
660 688
660 689
661 662
661 688
661 689
661 690
662 663
662 689
662 690
662 691
663 664
663 690
663 691
663 692
664 665
664 691
664 692
664 693
665 666
665 692
665 693
665 694
666 693
666 694
666 695
667 668
667 695
667 696
667 697
668 696
668 697
668 698
669 670
669 698
669 699
669 700
670 671
670 699
670 700
670 701
671 672
671 700
671 701
671 702
672 673
672 701
672 702
673 702
673 703
674 704
675 676
675 705
675 706
676 677
676 705
676 706
676 707
677 678
677 706
677 707
677 708
678 707
678 708
678 709
679 680
679 710
679 711
679 712
680 681
680 711
680 712
680 713
681 682
681 712
681 713
681 714
682 683
682 713
682 714
682 715
683 684
683 714
683 715
683 716
684 685
684 715
684 716
684 717
685 716
685 717
685 718
686 687
686 718
686 719
686 720
687 688
687 719
687 720
687 721
688 689
688 720
688 721
688 722
689 690
689 721
689 722
689 723
690 691
690 722
690 723
690 724
691 692
691 723
691 724
691 725
692 693
692 724
692 725
692 726
693 694
693 725
693 726
693 727
694 695
694 726
694 727
695 696
695 727
696 697
697 698
697 728
698 699
698 728
699 700
699 728
699 729
700 701
700 729
700 730
701 702
701 729
701 730
702 730
703 704
703 731
704 731
704 732
705 706
705 733
706 707
706 733
706 734
707 708
707 734
708 709
708 734
709 710
709 735
710 711
710 735
710 736
711 712
711 735
711 736
711 737
712 713
712 736
712 737
713 714
713 737
713 738
714 715
714 738
715 716
715 738
715 739
716 717
716 739
716 740
717 718
717 739
717 740
718 719
718 740
718 741
719 720
719 741
719 742
720 721
720 741
720 742
720 743
721 722
721 742
721 743
722 723
722 743
722 744
723 724
723 744
723 745
724 725
724 744
724 745
724 746
725 726
725 745
725 746
726 727
726 746
726 747
727 747
727 748
728 749
728 750
728 751
729 730
729 751
729 752
730 752
731 753
731 754
731 755
732 755
732 756
733 757
734 757
734 758
735 736
735 759
735 760
736 737
736 760
736 761
737 761
737 762
738 762
738 763
739 740
739 763
739 764
739 765
740 764
740 765
740 766
741 742
741 766
741 767
741 768
742 743
742 767
742 768
742 769
743 768
743 769
744 745
744 770
745 746
745 770
745 771
746 771
747 748
747 772
747 773
748 772
748 773
748 774
749 750
749 774
749 775
750 751
750 775
750 776
751 776
751 777
752 777
752 778
752 779
753 754
753 779
753 780
753 781
754 755
754 780
754 781
754 782
755 756
755 781
755 782
755 783
756 782
756 783
757 784
757 785
757 786
758 759
758 786
758 787
759 760
759 787
759 788
760 788
760 789
761 762
761 789
761 790
761 791
762 790
762 791
762 792
763 764
763 792
763 793
763 794
764 765
764 793
764 794
764 795
765 766
765 794
765 795
765 796
766 767
766 795
766 796
766 797
767 768
767 796
767 797
767 798
768 769
768 797
768 798
768 799
769 798
769 799
769 800
770 800
770 801
771 801
771 802
771 803
772 773
772 803
772 804
772 805
773 774
773 804
773 805
774 775
774 805
774 806
775 806
775 807
776 777
776 807
776 808
776 809
777 778
777 808
777 809
777 810
778 779
778 809
778 810
779 780
779 810
779 811
780 781
780 811
780 812
781 782
781 811
781 812
781 813
782 783
782 812
782 813
782 814
783 813
783 814
784 785
784 815
784 816
785 786
785 815
785 816
785 817
786 787
786 816
786 817
786 818
787 817
787 818
788 789
788 819
788 820
789 790
789 819
789 820
790 791
790 820
790 821
791 792
791 821
791 822
792 793
792 821
792 822
792 823
793 794
793 822
793 823
794 795
794 823
794 824
795 796
795 824
795 825
796 797
796 824
796 825
797 798
797 825
797 826
798 799
798 826
798 827
799 800
799 826
799 827
799 828
800 827
800 828
800 829
801 802
801 829
801 830
802 803
802 830
802 831
803 804
803 831
803 832
804 805
804 831
804 832
804 833
805 832
805 833
806 807
806 834
807 808
807 834
807 835
808 809
808 835
809 810
809 835
809 836
810 836
810 837
811 812
811 837
811 838
812 813
812 838
812 839
813 814
813 839
813 840
814 839
814 840
815 816
815 841
815 842
816 817
816 841
816 842
817 818
817 842
817 843
818 843
818 844
819 820
819 844
819 845
820 845
821 822
821 846
822 823
822 846
822 847
823 847
823 848
824 825
824 848
824 849
825 849
825 850
826 827
826 850
826 851
826 852
827 828
827 851
827 852
827 853
828 829
828 852
828 853
828 854
829 830
829 853
829 854
829 855
830 854
830 855
830 856
831 832
831 856
831 857
832 833
832 857
833 858
834 858
834 859
835 859
835 860
835 861
836 837
836 861
836 862
836 863
837 838
837 862
837 863
837 864
838 863
838 864
839 840
839 865
839 866
840 865
840 866
841 842
841 867
841 868
842 867
842 868
842 869
843 844
843 869
843 870
843 871
844 845
844 870
844 871
844 872
845 871
845 872
845 873
846 874
846 875
847 848
847 875
847 876
848 876
849 850
849 877
849 878
850 851
850 877
850 878
850 879
851 852
851 878
851 879
851 880
852 853
852 879
852 880
852 881
853 854
853 880
853 881
853 882
854 855
854 881
854 882
854 883
855 856
855 882
855 883
855 884
856 857
856 883
856 884
857 884
857 885
858 886
858 887
859 860
859 888
860 861
860 888
860 889
861 862
861 889
861 890
862 863
862 889
862 890
862 891
863 864
863 890
863 891
864 891
864 892
865 866
865 892
865 893
865 894
866 893
866 894
867 868
867 895
867 896
868 869
868 895
868 896
868 897
869 870
869 896
869 897
869 898
870 871
870 897
870 898
870 899
871 872
871 898
871 899
872 873
872 899
872 900
873 900
873 901
874 875
874 901
874 902
874 903
875 876
875 902
875 903
875 904
876 903
876 904
877 878
877 905
877 906
877 907
878 879
878 906
878 907
878 908
879 880
879 907
879 908
879 909
880 881
880 908
880 909
880 910
881 882
881 909
881 910
881 911
882 883
882 910
882 911
882 912
883 884
883 911
883 912
883 913
884 912
884 913
884 914
885 886
885 914
885 915
885 916
886 887
886 915
886 916
886 917
887 916
887 917
887 918
888 918
888 919
888 920
889 890
889 920
889 921
889 922
890 891
890 921
890 922
891 922
891 923
892 893
892 923
892 924
893 894
893 924
893 925
894 924
894 925
895 896
895 926
895 927
896 897
896 926
896 927
896 928
897 898
897 927
897 928
897 929
898 899
898 928
898 929
899 929
899 930
900 901
900 930
900 931
900 932
901 902
901 931
901 932
901 933
902 903
902 932
902 933
902 934
903 904
903 933
903 934
903 935
904 934
904 935
905 906
905 936
906 907
906 936
906 937
907 908
907 936
907 937
907 938
908 909
908 937
908 938
908 939
909 910
909 938
909 939
909 940
910 911
910 939
910 940
910 941
911 912
911 940
911 941
911 942
912 913
912 941
912 942
912 943
913 914
913 942
913 943
913 944
914 915
914 943
914 944
914 945
915 916
915 944
915 945
915 946
916 917
916 945
916 946
916 947
917 918
917 946
917 947
918 919
918 947
918 948
919 920
919 948
919 949
920 921
920 948
920 949
921 922
921 949
921 950
922 950
922 951
923 951
924 925
924 952
924 953
925 952
925 953
926 927
926 954
927 928
927 954
928 929
928 954
928 955
929 955
929 956
930 931
930 956
930 957
931 932
931 957
931 958
932 933
932 957
932 958
933 934
933 958
933 959
934 935
934 959
935 959
936 937
936 960
936 961
936 962
937 938
937 961
937 962
937 963
938 939
938 962
938 963
938 964
939 940
939 963
939 964
939 965
940 941
940 964
940 965
940 966
941 942
941 965
941 966
941 967
942 943
942 966
942 967
942 968
943 944
943 967
943 968
943 969
944 945
944 968
944 969
945 946
945 969
945 970
946 947
946 970
946 971
947 970
947 971
947 972
948 949
948 972
948 973
948 974
949 973
949 974
949 975
950 951
950 975
950 976
951 976
952 953
952 977
952 978
952 979
953 978
953 979
955 956
957 958
960 961
961 962
962 963
963 964
964 965
965 966
966 967
967 968
968 969
970 971
971 972
972 973
973 974
974 975
977 978
978 979
