# FromNodeId	ToNodeId
0 1
0 38
1 2
1 38
1 39
2 3
2 39
2 40
3 39
3 40
3 41
4 5
4 41
4 42
4 43
5 6
5 42
5 43
5 44
6 7
6 43
6 44
7 8
7 44
7 45
8 9
8 45
9 10
9 45
9 46
10 11
10 46
10 47
11 12
11 46
11 47
11 48
12 13
12 47
12 48
12 49
13 14
13 48
13 49
13 50
14 15
14 49
14 50
14 51
15 16
15 50
15 51
15 52
16 17
16 51
16 52
17 52
17 53
18 54
18 55
19 20
19 55
19 56
19 57
20 21
20 56
20 57
20 58
21 22
21 57
21 58
21 59
22 23
22 58
22 59
23 24
23 59
23 60
24 25
24 60
24 61
25 26
25 60
25 61
25 62
26 27
26 61
26 62
26 63
27 28
27 62
27 63
28 29
28 63
28 64
29 30
29 64
29 65
30 64
30 65
30 66
31 32
31 66
31 67
32 33
32 67
32 68
33 34
33 68
33 69
34 68
34 69
35 36
35 70
35 71
36 37
36 70
36 71
36 72
37 71
37 72
37 73
38 74
38 75
39 40
39 75
39 76
39 77
40 41
40 76
40 77
40 78
41 42
41 77
41 78
41 79
42 43
42 78
42 79
42 80
43 44
43 79
43 80
43 81
44 80
44 81
44 82
45 82
45 83
45 84
46 47
46 84
46 85
46 86
47 48
47 85
47 86
47 87
48 49
48 86
48 87
48 88
49 50
49 87
49 88
50 51
50 88
50 89
51 52
51 89
52 89
52 90
53 54
53 90
53 91
53 92
54 91
54 92
54 93
55 56
55 93
55 94
55 95
56 57
56 94
56 95
56 96
57 58
57 95
57 96
57 97
58 59
58 96
58 97
58 98
59 97
59 98
59 99
60 61
60 99
60 100
61 62
61 100
61 101
62 63
62 100
62 101
62 102
63 101
63 102
63 103
64 65
64 103
64 104
65 66
65 104
66 67
66 104
66 105
67 105
67 106
68 69
68 106
68 107
68 108
69 107
69 108
69 109
70 71
70 109
71 72
71 110
72 73
72 110
72 111
73 110
73 111
74 75
74 112
75 76
75 112
75 113
76 77
76 113
76 114
77 78
77 113
77 114
77 115
78 79
78 114
78 115
78 116
79 80
79 115
79 116
79 117
80 81
80 116
80 117
80 118
81 82
81 117
81 118
81 119
82 83
82 118
82 119
82 120
83 84
83 119
83 120
83 121
84 85
84 120
84 121
84 122
85 86
85 121
85 122
86 87
86 122
86 123
87 88
87 123
87 124
88 123
88 124
88 125
89 125
89 126
89 127
90 91
90 127
90 128
90 129
91 92
91 128
91 129
91 130
92 93
92 129
92 130
92 131
93 94
93 130
93 131
94 95
94 131
95 96
95 132
96 97
96 132
97 98
97 132
97 133
98 99
98 133
98 134
99 133
99 134
99 135
100 101
100 135
100 136
101 102
101 136
101 137
102 103
102 136
102 137
102 138
103 137
103 138
104 139
105 106
105 140
105 141
106 107
106 140
106 141
107 108
107 141
107 142
108 109
108 142
108 143
109 142
109 143
109 144
110 111
110 145
110 146
110 147
111 146
111 147
112 148
113 114
113 148
113 149
113 150
114 115
114 149
114 150
114 151
115 116
115 150
115 151
116 117
116 151
116 152
117 118
117 152
117 153
118 119
118 152
118 153
118 154
119 120
119 153
119 154
119 155
120 121
120 154
120 155
120 156
121 122
121 155
121 156
122 156
122 157
123 124
123 157
123 158
123 159
124 125
124 158
124 159
124 160
125 126
125 159
125 160
125 161
126 127
126 160
126 161
126 162
127 128
127 161
127 162
128 129
128 162
128 163
129 130
129 163
129 164
130 131
130 163
130 164
130 165
131 164
131 165
131 166
132 167
132 168
133 134
133 168
133 169
133 170
134 135
134 169
134 170
135 170
135 171
136 137
136 171
136 172
136 173
137 138
137 172
137 173
137 174
138 173
138 174
138 175
139 175
139 176
139 177
140 141
140 177
140 178
140 179
141 178
141 179
141 180
142 143
142 180
142 181
142 182
143 144
143 181
143 182
143 183
144 145
144 182
144 183
144 184
145 146
145 183
145 184
145 185
146 147
146 184
146 185
146 186
147 185
147 186
148 149
148 187
148 188
148 189
149 150
149 188
149 189
149 190
150 151
150 189
150 190
150 191
151 190
151 191
152 153
152 192
152 193
153 154
153 192
153 193
153 194
154 155
154 193
154 194
154 195
155 156
155 194
155 195
155 196
156 195
156 196
156 197
157 158
157 197
157 198
157 199
158 159
158 198
158 199
158 200
159 160
159 199
159 200
160 161
160 200
161 162
161 201
162 201
162 202
163 164
163 202
163 203
164 165
164 203
164 204
165 166
165 203
165 204
165 205
166 167
166 204
166 205
167 205
168 169
168 206
168 207
169 170
169 206
169 207
169 208
170 207
170 208
171 172
171 209
171 210
172 173
172 209
172 210
172 211
173 174
173 210
173 211
173 212
174 175
174 211
174 212
174 213
175 176
175 212
175 213
175 214
176 177
176 213
176 214
176 215
177 178
177 214
177 215
177 216
178 179
178 215
178 216
179 180
179 216
179 217
180 181
180 217
180 218
181 182
181 217
181 218
182 183
182 218
182 219
183 184
183 219
183 220
184 185
184 219
184 220
184 221
185 186
185 220
185 221
186 221
187 188
187 222
187 223
188 189
188 222
188 223
188 224
189 190
189 223
189 224
190 191
190 224
192 193
192 225
193 194
193 225
193 226
194 195
194 225
194 226
194 227
195 196
195 226
195 227
195 228
196 197
196 227
196 228
196 229
197 198
197 228
197 229
197 230
198 199
198 229
198 230
198 231
199 200
199 230
199 231
200 231
200 232
201 202
201 233
201 234
201 235
202 234
202 235
203 204
203 236
204 205
204 236
205 236
205 237
206 207
206 238
206 239
207 208
207 238
207 239
207 240
208 239
208 240
208 241
209 210
209 241
209 242
209 243
210 211
210 242
210 243
211 212
211 243
211 244
212 213
212 244
212 245
213 214
213 244
213 245
213 246
214 215
214 245
214 246
214 247
215 216
215 246
215 247
215 248
216 247
216 248
216 249
217 218
217 249
217 250
218 250
218 251
219 220
219 251
219 252
219 253
220 221
220 252
220 253
221 253
221 254
222 223
222 255
223 224
223 255
223 256
224 256
224 257
225 226
225 259
225 260
226 227
226 260
226 261
227 228
227 260
227 261
227 262
228 229
228 261
228 262
228 263
229 230
229 262
229 263
230 231
230 263
231 264
232 233
232 264
232 265
233 234
233 265
233 266
234 235
234 266
234 267
235 266
235 267
235 268
236 269
236 270
236 271
237 271
238 239
239 240
239 272
240 241
240 272
240 273
241 242
241 272
241 273
241 274
242 243
242 273
242 274
242 275
243 274
243 275
243 276
244 245
244 276
244 277
244 278
245 246
245 277
245 278
246 247
246 278
246 279
247 248
247 279
247 280
248 249
248 279
248 280
248 281
249 280
249 281
249 282
250 251
250 282
250 283
251 252
251 283
251 284
252 253
252 284
252 285
253 284
253 285
253 286
254 286
255 287
255 288
256 257
256 288
256 289
256 290
257 258
257 289
257 290
257 291
258 290
258 291
258 292
259 292
259 293
260 261
260 294
261 262
261 294
261 295
262 263
262 295
262 296
263 295
263 296
264 265
264 297
264 298
265 298
265 299
266 267
266 299
266 300
267 268
267 300
267 301
268 269
268 301
268 302
269 270
269 301
269 302
269 303
270 271
270 302
270 303
270 304
271 303
271 304
271 305
272 273
272 306
273 274
273 306
273 307
274 275
274 306
274 307
274 308
275 276
275 307
275 308
275 309
276 277
276 308
276 309
276 310
277 278
277 309
277 310
278 310
278 311
279 280
279 311
279 312
279 313
280 281
280 312
280 313
280 314
281 282
281 313
281 314
281 315
282 283
282 314
282 315
283 315
283 316
284 285
284 316
285 286
285 317
286 317
286 318
287 288
287 319
288 289
288 319
289 290
289 319
289 320
290 291
290 320
290 321
291 292
291 320
291 321
291 322
292 293
292 321
292 322
292 323
293 322
293 323
294 324
294 325
295 296
295 325
295 326
295 327
296 326
296 327
296 328
297 328
298 299
298 329
298 330
299 300
299 329
299 330
299 331
300 330
300 331
300 332
301 302
301 332
301 333
302 303
302 333
302 334
303 304
303 333
303 334
303 335
304 305
304 334
304 335
304 336
305 335
305 336
305 337
306 307
306 339
306 340
306 341
307 308
307 340
307 341
307 342
308 309
308 341
308 342
308 343
309 310
309 342
309 343
310 343
310 344
311 312
311 344
311 345
312 313
312 345
312 346
313 314
313 346
313 347
314 315
314 346
314 347
314 348
315 347
315 348
315 349
316 349
316 350
316 351
317 318
317 352
317 353
317 354
318 353
318 354
319 355
319 356
320 321
320 356
320 357
320 358
321 322
321 357
321 358
321 359
322 323
322 358
322 359
323 359
324 325
324 360
325 326
325 360
325 361
326 327
326 360
326 361
326 362
327 328
327 361
327 362
327 363
328 362
328 363
328 364
329 330
329 365
329 366
329 367
330 331
330 366
330 367
330 368
331 332
331 367
331 368
331 369
332 368
332 369
332 370
333 334
333 370
333 371
334 335
334 371
334 372
335 336
335 371
335 372
335 373
336 337
336 372
336 373
337 338
337 373
337 374
338 374
339 340
339 375
340 341
340 375
341 342
341 375
341 376
342 343
342 376
342 377
343 376
343 377
343 378
344 345
344 378
344 379
344 380
345 379
345 380
345 381
346 347
346 381
346 382
347 348
347 382
347 383
348 349
348 383
349 350
349 383
349 384
350 351
350 384
350 385
351 352
351 384
351 385
351 386
352 353
352 385
352 386
353 354
353 386
353 387
354 387
355 388
355 389
356 357
356 389
356 390
356 391
357 358
357 390
357 391
357 392
358 359
358 391
358 392
358 393
359 392
359 393
359 394
360 361
360 396
360 397
360 398
361 362
361 397
361 398
362 363
362 398
362 399
363 364
363 399
363 400
364 365
364 399
364 400
364 401
365 366
365 400
365 401
365 402
366 367
366 401
366 402
366 403
367 368
367 402
367 403
367 404
368 369
368 403
368 404
368 405
369 370
369 404
369 405
370 405
370 406
371 372
371 406
371 407
371 408
372 373
372 407
372 408
372 409
373 408
373 409
373 410
374 410
374 411
374 412
375 413
375 414
375 415
376 377
376 415
376 416
377 378
377 416
377 417
378 379
378 416
378 417
378 418
379 380
379 417
379 418
379 419
380 381
380 418
380 419
380 420
381 382
381 419
381 420
381 421
382 420
382 421
382 422
383 422
383 423
383 424
384 385
384 424
384 425
384 426
385 386
385 425
385 426
385 427
386 426
386 427
386 428
387 428
388 389
388 429
388 430
389 390
389 429
389 430
389 431
390 391
390 430
390 431
390 432
391 392
391 431
391 432
392 393
392 432
392 433
393 394
393 433
393 434
394 395
394 433
394 434
394 435
395 396
395 434
395 435
395 436
396 397
396 435
396 436
397 398
397 436
398 437
399 400
399 437
399 438
400 401
400 438
400 439
401 402
401 439
401 440
402 403
402 439
402 440
402 441
403 404
403 440
403 441
403 442
404 405
404 441
404 442
404 443
405 442
405 443
405 444
406 407
406 444
406 445
406 446
407 408
407 445
407 446
407 447
408 409
408 446
408 447
408 448
409 410
409 447
409 448
410 411
410 448
410 449
411 412
411 449
411 450
412 413
412 449
412 450
412 451
413 414
413 450
413 451
413 452
414 415
414 451
414 452
414 453
415 452
415 453
415 454
416 417
416 454
416 455
417 418
417 455
417 456
418 419
418 456
418 457
419 420
419 456
419 457
419 458
420 421
420 457
420 458
420 459
421 422
421 458
421 459
421 460
422 423
422 459
422 460
423 424
423 460
423 461
424 425
424 461
424 462
425 426
425 461
425 462
425 463
426 427
426 462
426 463
426 464
427 428
427 463
427 464
427 465
428 464
428 465
428 466
429 430
429 467
430 431
430 467
431 432
431 468
432 468
432 469
433 434
433 469
433 470
433 471
434 435
434 470
434 471
434 472
435 436
435 471
435 472
435 473
436 472
436 473
436 474
437 438
437 475
438 475
439 440
439 476
440 441
440 476
440 477
441 442
441 477
441 478
442 443
442 477
442 478
442 479
443 444
443 478
443 479
443 480
444 445
444 479
444 480
445 446
445 480
446 447
446 481
447 448
447 481
447 482
448 481
448 482
448 483
449 450
449 483
449 484
449 485
450 451
450 484
450 485
451 452
451 485
451 486
452 453
452 486
452 487
453 454
453 486
453 487
453 488
454 455
454 487
454 488
455 488
456 457
456 489
457 458
457 489
457 490
458 459
458 489
458 490
459 460
459 490
459 491
460 491
460 492
461 462
461 492
461 493
462 463
462 493
462 494
463 464
463 493
463 494
464 465
464 494
465 466
465 495
466 495
467 496
467 497
468 469
468 498
468 499
468 500
469 470
469 499
469 500
469 501
470 471
470 500
470 501
470 502
471 472
471 501
471 502
471 503
472 473
472 502
472 503
472 504
473 474
473 503
473 504
473 505
474 504
474 505
474 506
475 507
475 508
475 509
476 509
476 510
477 478
477 510
477 511
477 512
478 479
478 511
478 512
478 513
479 480
479 512
479 513
479 514
480 513
480 514
480 515
481 482
481 516
481 517
481 518
482 483
482 517
482 518
482 519
483 484
483 518
483 519
483 520
484 485
484 519
484 520
484 521
485 520
485 521
485 522
486 487
486 522
486 523
486 524
487 488
487 523
487 524
487 525
488 524
488 525
488 526
489 490
489 528
489 529
490 529
490 530
491 492
491 530
491 531
491 532
492 531
492 532
492 533
493 494
493 533
493 534
493 535
494 534
494 535
495 536
495 537
496 497
496 538
497 498
497 538
497 539
498 499
498 538
498 539
498 540
499 500
499 539
499 540
500 501
500 540
500 541
501 502
501 541
502 503
502 541
502 542
503 504
503 542
503 543
504 505
504 542
504 543
504 544
505 506
505 543
505 544
505 545
506 507
506 544
506 545
506 546
507 508
507 545
507 546
508 509
508 546
509 547
510 511
510 547
510 548
510 549
511 512
511 548
511 549
511 550
512 513
512 549
512 550
512 551
513 514
513 550
513 551
513 552
514 515
514 551
514 552
514 553
515 516
515 552
515 553
515 554
516 517
516 553
516 554
516 555
517 518
517 554
517 555
517 556
518 519
518 555
518 556
519 520
519 556
519 557
520 521
520 557
521 522
521 557
521 558
522 523
522 558
522 559
523 524
523 558
523 559
523 560
524 525
524 559
524 560
524 561
525 526
525 560
525 561
525 562
526 527
526 561
526 562
527 528
527 562
527 563
528 563
528 564
529 530
529 564
529 565
529 566
530 531
530 565
530 566
530 567
531 532
531 566
531 567
532 533
532 567
532 568
533 534
533 568
533 569
534 535
534 568
534 569
534 570
535 569
535 570
535 571
536 537
536 571
536 572
536 573
537 572
537 573
538 539
538 574
538 575
538 576
539 540
539 575
539 576
540 576
541 577
542 543
542 577
542 578
542 579
543 544
543 578
543 579
543 580
544 545
544 579
544 580
544 581
545 546
545 580
545 581
546 581
546 582
547 548
547 583
547 584
547 585
548 549
548 584
548 585
549 550
549 585
549 586
550 551
550 586
550 587
551 552
551 586
551 587
551 588
552 553
552 587
552 588
552 589
553 554
553 588
553 589
553 590
554 555
554 589
554 590
554 591
555 556
555 590
555 591
556 591
557 592
558 559
558 593
558 594
559 560
559 593
559 594
560 561
560 594
560 595
561 562
561 595
561 596
562 595
562 596
563 564
563 597
564 565
564 597
564 598
565 566
565 597
565 598
566 567
566 598
566 599
567 599
567 600
568 569
568 600
568 601
568 602
569 570
569 601
569 602
570 571
570 602
571 572
571 603
572 573
572 603
573 603
574 575
574 604
574 605
575 576
575 604
575 605
575 606
576 605
576 606
576 607
577 578
578 579
579 580
580 581
580 609
581 609
581 610
582 583
582 610
583 584
583 611
584 585
584 611
584 612
585 611
585 612
585 613
586 587
586 613
586 614
587 588
587 614
587 615
588 589
588 615
588 616
589 590
589 615
589 616
589 617
590 591
590 616
590 617
591 617
591 618
592 619
592 620
592 621
593 594
593 621
593 622
593 623
594 622
594 623
594 624
595 596
595 624
595 625
595 626
596 625
596 626
596 627
597 598
597 628
597 629
597 630
598 629
598 630
598 631
599 600
599 631
599 632
599 633
600 601
600 632
600 633
601 602
601 633
601 634
602 634
603 635
603 636
604 605
604 637
605 606
605 637
605 638
606 607
606 638
606 639
607 608
607 638
607 639
607 640
608 639
608 640
609 610
609 642
609 643
610 642
610 643
610 644
611 612
611 645
611 646
612 613
612 646
612 647
613 614
613 646
613 647
613 648
614 647
614 648
614 649
615 616
615 649
615 650
615 651
616 617
616 650
616 651
617 651
618 619
618 652
618 653
619 620
619 652
619 653
619 654
620 621
620 653
620 654
620 655
621 622
621 654
621 655
621 656
622 623
622 655
622 656
622 657
623 624
623 656
623 657
623 658
624 625
624 657
624 658
624 659
625 626
625 658
625 659
625 660
626 627
626 659
626 660
626 661
627 628
627 660
627 661
628 629
628 661
628 662
629 630
629 662
630 631
630 662
630 663
631 632
631 663
631 664
632 633
632 663
632 664
632 665
633 664
633 665
633 666
634 666
634 667
634 668
635 668
635 669
636 670
637 671
637 672
638 639
638 672
638 673
638 674
639 640
639 673
639 674
639 675
640 674
640 675
640 676
641 677
641 678
641 679
642 643
642 680
642 681
643 644
643 681
643 682
644 645
644 682
644 683
645 682
645 683
645 684
646 647
646 684
646 685
647 648
647 685
647 686
648 649
648 685
648 686
648 687
649 650
649 686
649 687
649 688
650 651
650 687
650 688
650 689
651 688
651 689
651 690
652 653
652 691
652 692
653 654
653 691
653 692
653 693
654 655
654 692
654 693
655 656
655 693
656 657
657 658
657 694
658 659
658 694
658 695
659 660
659 694
659 695
659 696
660 661
660 695
660 696
661 696
662 697
663 664
663 697
664 665
664 698
665 666
665 698
665 699
666 667
666 698
666 699
666 700
667 668
667 699
667 700
667 701
668 669
668 700
668 701
668 702
669 701
669 702
669 703
670 703
670 704
671 672
671 705
672 673
672 705
672 706
673 674
673 706
673 707
674 675
674 706
674 707
674 708
675 676
675 707
675 708
676 677
676 708
676 709
677 678
677 709
677 710
678 679
678 709
678 710
678 711
679 680
679 710
679 711
679 712
680 681
680 711
680 712
680 713
681 712
681 713
681 714
682 683
682 714
682 715
682 716
683 684
683 715
683 716
683 717
684 716
684 717
685 686
685 718
686 687
686 718
686 719
687 688
687 719
687 720
688 689
688 719
688 720
688 721
689 690
689 720
689 721
690 721
690 722
691 692
691 722
691 723
691 724
692 693
692 723
692 724
692 725
693 724
693 725
693 726
694 695
694 728
694 729
694 730
695 696
695 729
695 730
695 731
696 730
696 731
696 732
697 733
697 734
697 735
698 699
698 736
698 737
698 738
699 700
699 737
699 738
700 701
700 738
700 739
701 702
701 739
701 740
702 703
702 739
702 740
702 741
703 704
703 740
703 741
703 742
704 741
704 742
705 743
705 744
706 707
706 744
706 745
707 708
707 745
707 746
708 746
708 747
709 710
709 747
709 748
709 749
710 711
710 748
710 749
710 750
711 712
711 749
711 750
711 751
712 713
712 750
712 751
713 714
713 751
713 752
714 715
714 752
714 753
715 716
715 752
715 753
715 754
716 717
716 753
716 754
716 755
717 754
717 755
717 756
718 756
718 757
719 720
719 757
720 721
721 758
722 723
722 758
722 759
722 760
723 724
723 759
723 760
723 761
724 725
724 760
724 761
724 762
725 726
725 761
725 762
725 763
726 727
726 762
726 763
726 764
727 728
727 763
727 764
727 765
728 729
728 764
728 765
728 766
729 730
729 765
729 766
729 767
730 731
730 766
730 767
731 732
731 767
733 734
733 768
733 769
734 735
734 768
734 769
734 770
735 736
735 769
735 770
735 771
736 737
736 770
736 771
736 772
737 738
737 771
737 772
737 773
738 772
738 773
738 774
739 740
739 774
739 775
739 776
740 741
740 775
740 776
740 777
741 742
741 776
741 777
741 778
742 777
742 778
743 744
743 779
743 780
744 745
744 779
744 780
744 781
745 780
745 781
745 782
746 747
746 782
746 783
746 784
747 748
747 783
747 784
747 785
748 749
748 784
748 785
748 786
749 750
749 785
749 786
749 787
750 751
750 786
750 787
750 788
751 787
751 788
752 753
752 789
752 790
753 754
753 789
753 790
754 755
754 790
754 791
755 756
755 791
756 791
756 792
757 792
757 793
757 794
758 759
758 796
758 797
759 760
759 797
759 798
760 761
760 798
761 762
761 798
761 799
762 763
762 799
762 800
763 764
763 799
763 800
763 801
764 765
764 800
764 801
764 802
765 766
765 801
765 802
765 803
766 767
766 802
766 803
766 804
767 803
767 804
767 805
768 769
768 807
768 808
768 809
769 770
769 808
769 809
769 810
770 771
770 809
770 810
771 772
771 810
771 811
772 773
772 811
772 812
773 774
773 811
773 812
774 775
774 812
774 813
775 776
775 813
775 814
776 777
776 813
776 814
777 778
777 814
777 815
778 815
779 780
779 816
779 817
780 781
780 816
780 817
780 818
781 782
781 817
781 818
781 819
782 783
782 818
782 819
782 820
783 784
783 819
783 820
783 821
784 785
784 820
784 821
784 822
785 786
785 821
785 822
785 823
786 787
786 822
786 823
786 824
787 788
787 823
787 824
787 825
788 824
788 825
788 826
789 790
789 826
789 827
789 828
790 827
790 828
790 829
791 829
791 830
791 831
792 793
792 831
792 832
792 833
793 794
793 832
793 833
793 834
794 795
794 833
794 834
794 835
795 796
795 834
795 835
795 836
796 797
796 835
796 836
797 836
797 837
798 837
798 838
798 839
799 800
799 839
799 840
800 801
800 840
800 841
801 802
801 840
801 841
801 842
802 803
802 841
802 842
802 843
803 804
803 842
803 843
803 844
804 805
804 843
804 844
805 806
805 844
806 807
806 845
807 808
807 845
807 846
808 809
808 845
808 846
809 810
809 846
809 847
810 847
810 848
811 812
811 848
811 849
811 850
812 849
812 850
812 851
813 814
813 851
813 852
813 853
814 852
814 853
814 854
815 854
815 855
816 817
816 856
816 857
817 818
817 856
817 857
818 819
818 857
818 858
819 820
819 858
819 859
820 821
820 858
820 859
820 860
821 822
821 859
821 860
821 861
822 823
822 860
822 861
822 862
823 824
823 861
823 862
823 863
824 825
824 862
824 863
825 826
825 863
825 864
826 827
826 864
826 865
827 828
827 864
827 865
827 866
828 829
828 865
828 866
828 867
829 830
829 866
829 867
830 831
830 867
831 832
831 868
832 833
832 868
832 869
833 834
833 868
833 869
833 870
834 835
834 869
834 870
834 871
835 836
835 870
835 871
835 872
836 871
836 872
836 873
837 838
837 873
837 874
838 839
838 874
838 875
839 874
839 875
839 876
840 841
840 876
840 877
840 878
841 842
841 877
841 878
842 843
842 878
842 879
843 844
843 879
843 880
844 879
844 880
844 881
845 846
845 882
845 883
845 884
846 883
846 884
847 848
847 885
847 886
848 849
848 885
848 886
849 850
849 886
849 887
850 851
850 887
850 888
851 852
851 887
851 888
852 853
852 888
852 889
853 854
853 889
853 890
854 855
854 889
854 890
854 891
855 890
855 891
856 857
856 892
856 893
857 892
857 893
857 894
858 859
858 894
858 895
858 896
859 860
859 895
859 896
860 861
860 896
860 897
861 862
861 897
861 898
862 863
862 897
862 898
863 898
863 899
864 865
864 899
864 900
864 901
865 866
865 900
865 901
865 902
866 867
866 901
866 902
867 902
867 903
868 869
868 904
868 905
869 870
869 904
869 905
869 906
870 871
870 905
870 906
871 872
871 906
871 907
872 873
872 907
872 908
873 907
873 908
873 909
874 875
874 909
874 910
874 911
875 876
875 910
875 911
876 877
876 911
876 912
877 878
877 912
877 913
878 912
878 913
878 914
879 880
879 914
880 881
880 915
881 882
881 915
881 916
882 883
882 915
882 916
882 917
883 884
883 916
883 917
883 918
884 917
884 918
885 886
885 919
885 920
886 919
886 920
886 921
887 888
887 921
888 922
889 890
889 922
889 923
889 924
890 891
890 923
890 924
890 925
891 924
891 925
892 893
892 926
892 927
893 894
893 926
893 927
893 928
894 895
894 927
894 928
894 929
895 896
895 928
895 929
896 929
897 898
897 930
898 930
898 931
899 900
899 931
899 932
899 933
900 901
900 932
900 933
900 934
901 902
901 933
901 934
901 935
902 934
902 935
902 936
903 936
903 937
904 905
904 938
904 939
905 906
905 938
905 939
905 940
906 939
906 940
906 941
907 908
907 941
907 942
907 943
908 909
908 942
908 943
908 944
909 910
909 943
909 944
909 945
910 911
910 944
910 945
910 946
911 945
911 946
911 947
912 913
912 947
912 948
912 949
913 914
913 948
913 949
913 950
914 949
914 950
914 951
915 916
915 952
915 953
915 954
916 917
916 953
916 954
916 955
917 918
917 954
917 955
917 956
918 955
918 956
918 957
919 920
919 957
919 958
920 921
920 958
920 959
921 958
921 959
921 960
922 923
922 961
922 962
922 963
923 924
923 962
923 963
924 925
924 963
924 964
925 964
926 927
926 965
927 928
927 965
927 966
928 929
928 965
928 966
928 967
929 966
929 967
929 968
930 969
930 970
931 932
931 971
931 972
932 933
932 971
932 972
932 973
933 934
933 972
933 973
933 974
934 935
934 973
934 974
934 975
935 936
935 974
935 975
935 976
936 937
936 975
936 976
937 976
937 977
938 939
938 977
938 978
938 979
939 940
939 978
939 979
939 980
940 941
940 979
940 980
940 981
941 942
941 980
941 981
941 982
942 943
942 981
942 982
942 983
943 944
943 982
943 983
944 945
944 983
944 984
945 946
945 984
945 985
946 947
946 984
946 985
946 986
947 948
947 985
947 986
947 987
948 949
948 986
948 987
948 988
949 950
949 987
949 988
950 951
950 988
950 989
951 952
951 989
951 990
952 953
952 989
952 990
952 991
953 954
953 990
953 991
953 992
954 955
954 991
954 992
954 993
955 956
955 992
955 993
955 994
956 957
956 993
956 994
957 994
958 959
958 995
958 996
959 960
959 995
959 996
959 997
960 961
960 996
960 997
960 998
961 962
961 997
961 998
961 999
962 963
962 998
962 999
962 1000
963 999
963 1000
964 1001
965 966
965 1002
965 1003
966 967
966 1003
966 1004
967 968
967 1003
967 1004
967 1005
968 969
968 1004
968 1005
968 1006
969 970
969 1005
969 1006
969 1007
970 1006
970 1007
970 1008
971 972
971 1008
971 1009
972 973
972 1009
972 1010
973 974
973 1009
973 1010
973 1011
974 975
974 1010
974 1011
974 1012
975 976
975 1011
975 1012
976 1012
976 1013
977 978
977 1013
977 1014
977 1015
978 979
978 1014
978 1015
978 1016
979 980
979 1015
979 1016
980 981
980 1016
980 1017
981 982
981 1017
981 1018
982 983
982 1017
982 1018
982 1019
983 1018
983 1019
983 1020
984 985
984 1020
984 1021
985 986
985 1021
985 1022
986 987
986 1021
986 1022
986 1023
987 988
987 1022
987 1023
987 1024
988 1023
988 1024
989 990
989 1025
990 991
990 1025
990 1026
991 992
991 1025
991 1026
991 1027
992 993
992 1026
992 1027
992 1028
993 994
993 1027
993 1028
993 1029
994 1028
994 1029
995 996
995 1030
995 1031
995 1032
996 997
996 1031
996 1032
997 998
997 1032
998 999
998 1033
999 1000
999 1033
999 1034
1000 1033
1000 1034
1001 1035
1002 1036
1002 1037
1003 1004
1003 1037
1003 1038
1003 1039
1004 1005
1004 1038
1004 1039
1004 1040
1005 1006
1005 1039
1005 1040
1005 1041
1006 1007
1006 1040
1006 1041
1006 1042
1007 1008
1007 1041
1007 1042
1007 1043
1008 1042
1008 1043
1008 1044
1009 1010
1009 1044
1009 1045
1009 1046
1010 1011
1010 1045
1010 1046
1010 1047
1011 1012
1011 1046
1011 1047
1011 1048
1012 1047
1012 1048
1012 1049
1013 1014
1013 1049
1013 1050
1013 1051
1014 1015
1014 1050
1014 1051
1014 1052
1015 1016
1015 1051
1015 1052
1015 1053
1016 1052
1016 1053
1016 1054
1017 1018
1017 1054
1017 1055
1018 1019
1018 1055
1018 1056
1019 1020
1019 1056
1020 1056
1021 1022
1021 1057
1022 1023
1022 1057
1022 1058
1023 1024
1023 1058
1023 1059
1024 1058
1024 1059
1025 1026
1025 1060
1025 1061
1025 1062
1026 1027
1026 1061
1026 1062
1027 1028
1027 1062
1027 1063
1028 1029
1028 1063
1028 1064
1029 1063
1029 1064
1029 1065
1030 1031
1030 1065
1030 1066
1031 1032
1031 1066
1031 1067
1032 1067
1033 1034
1033 1068
1033 1069
1034 1069
1035 1070
1036 1037
1036 1071
1036 1072
1037 1038
1037 1071
1037 1072
1037 1073
1038 1039
1038 1072
1038 1073
1038 1074
1039 1040
1039 1073
1039 1074
1040 1041
1040 1074
1040 1075
1041 1042
1041 1075
1041 1076
1042 1043
1042 1075
1042 1076
1042 1077
1043 1044
1043 1076
1043 1077
1043 1078
1044 1045
1044 1077
1044 1078
1044 1079
1045 1046
1045 1078
1045 1079
1045 1080
1046 1047
1046 1079
1046 1080
1046 1081
1047 1048
1047 1080
1047 1081
1047 1082
1048 1049
1048 1081
1048 1082
1048 1083
1049 1050
1049 1082
1049 1083
1049 1084
1050 1051
1050 1083
1050 1084
1051 1052
1051 1084
1051 1085
1052 1053
1052 1085
1053 1054
1053 1085
1054 1055
1054 1086
1055 1086
1055 1087
1056 1087
1056 1088
1056 1089
1057 1090
1058 1059
1058 1090
1058 1091
1058 1092
1059 1091
1059 1092
1059 1093
1060 1061
1060 1093
1060 1094
1061 1062
1061 1094
1061 1095
1062 1094
1062 1095
1062 1096
1063 1064
1063 1096
1063 1097
1063 1098
1064 1065
1064 1097
1064 1098
1064 1099
1065 1066
1065 1098
1065 1099
1065 1100
1066 1099
1066 1100
1066 1101
1067 1101
1067 1102
1067 1103
1068 1103
1068 1104
1068 1105
1069 1105
1069 1106
1069 1107
1070 1107
1070 1108
1071 1072
1071 1109
1072 1073
1072 1109
1073 1074
1073 1109
1074 1110
1075 1076
1075 1110
1075 1111
1075 1112
1076 1077
1076 1111
1076 1112
1076 1113
1077 1078
1077 1112
1077 1113
1077 1114
1078 1079
1078 1113
1078 1114
1078 1115
1079 1080
1079 1114
1079 1115
1079 1116
1080 1081
1080 1115
1080 1116
1080 1117
1081 1082
1081 1116
1081 1117
1081 1118
1082 1083
1082 1117
1082 1118
1083 1084
1083 1118
1083 1119
1084 1119
1084 1120
1085 1120
1085 1121
1085 1122
1086 1087
1086 1123
1086 1124
1086 1125
1087 1088
1087 1124
1087 1125
1087 1126
1088 1089
1088 1125
1088 1126
1088 1127
1089 1126
1089 1127
1089 1128
1090 1091
1090 1129
1090 1130
1091 1092
1091 1130
1091 1131
1092 1093
1092 1130
1092 1131
1092 1132
1093 1131
1093 1132
1093 1133
1094 1095
1094 1133
1094 1134
1094 1135
1095 1096
1095 1134
1095 1135
1096 1097
1096 1135
1096 1136
1097 1098
1097 1136
1098 1099
1098 1136
1098 1137
1099 1100
1099 1137
1099 1138
1100 1101
1100 1137
1100 1138
1100 1139
1101 1102
1101 1138
1101 1139
1101 1140
1102 1103
1102 1139
1102 1140
1102 1141
1103 1104
1103 1140
1103 1141
1103 1142
1104 1105
1104 1141
1104 1142
1104 1143
1105 1106
1105 1142
1105 1143
1106 1107
1106 1143
1106 1144
1107 1108
1107 1144
1107 1145
1108 1144
1108 1145
1109 1146
1109 1147
1110 1111
1110 1148
1110 1149
1110 1150
1111 1112
1111 1149
1111 1150
1111 1151
1112 1113
1112 1150
1112 1151
1112 1152
1113 1114
1113 1151
1113 1152
1113 1153
1114 1115
1114 1152
1114 1153
1114 1154
1115 1116
1115 1153
1115 1154
1115 1155
1116 1117
1116 1154
1116 1155
1116 1156
1117 1118
1117 1155
1117 1156
1117 1157
1118 1156
1118 1157
1118 1158
1119 1120
1119 1158
1120 1121
1121 1122
1121 1159
1122 1123
1122 1159
1122 1160
1123 1124
1123 1159
1123 1160
1123 1161
1124 1125
1124 1160
1124 1161
1124 1162
1125 1126
1125 1161
1125 1162
1125 1163
1126 1127
1126 1162
1126 1163
1126 1164
1127 1128
1127 1163
1127 1164
1127 1165
1128 1129
1128 1164
1128 1165
1128 1166
1129 1165
1129 1166
1130 1131
1130 1167
1130 1168
1131 1132
1131 1167
1131 1168
1131 1169
1132 1133
1132 1168
1132 1169
1132 1170
1133 1134
1133 1169
1133 1170
1133 1171
1134 1135
1134 1170
1134 1171
1135 1171
1135 1172
1136 1172
1136 1173
1136 1174
1137 1138
1137 1174
1137 1175
1137 1176
1138 1139
1138 1175
1138 1176
1138 1177
1139 1140
1139 1176
1139 1177
1139 1178
1140 1141
1140 1177
1140 1178
1140 1179
1141 1142
1141 1178
1141 1179
1141 1180
1142 1143
1142 1179
1142 1180
1143 1180
1143 1181
1144 1145
1144 1181
1144 1182
1144 1183
1145 1182
1145 1183
1146 1147
1146 1184
1146 1185
1147 1148
1147 1184
1147 1185
1147 1186
1148 1149
1148 1185
1148 1186
1148 1187
1149 1150
1149 1186
1149 1187
1150 1151
1150 1187
1150 1188
1151 1152
1151 1188
1151 1189
1152 1153
1152 1188
1152 1189
1152 1190
1153 1154
1153 1189
1153 1190
1153 1191
1154 1155
1154 1190
1154 1191
1154 1192
1155 1156
1155 1191
1155 1192
1155 1193
1156 1157
1156 1192
1156 1193
1156 1194
1157 1158
1157 1193
1157 1194
1158 1194
1158 1195
1159 1160
1159 1196
1159 1197
1160 1161
1160 1196
1160 1197
1160 1198
1161 1162
1161 1197
1161 1198
1161 1199
1162 1163
1162 1198
1162 1199
1162 1200
1163 1164
1163 1199
1163 1200
1163 1201
1164 1165
1164 1200
1164 1201
1164 1202
1165 1166
1165 1201
1165 1202
1165 1203
1166 1202
1166 1203
1166 1204
1167 1168
1167 1204
1167 1205
1167 1206
1168 1169
1168 1205
1168 1206
1169 1170
1169 1206
1169 1207
1170 1171
1170 1207
1170 1208
1171 1207
1171 1208
1171 1209
1172 1173
1172 1209
1172 1210
1173 1174
1173 1210
1173 1211
1174 1175
1174 1210
1174 1211
1174 1212
1175 1176
1175 1211
1175 1212
1175 1213
1176 1177
1176 1212
1176 1213
1176 1214
1177 1178
1177 1213
1177 1214
1177 1215
1178 1179
1178 1214
1178 1215
1178 1216
1179 1180
1179 1215
1179 1216
1179 1217
1180 1216
1180 1217
1180 1218
1181 1182
1181 1218
1181 1219
1181 1220
1182 1183
1182 1219
1182 1220
1182 1221
1183 1220
1183 1221
1184 1185
1184 1222
1184 1223
1184 1224
1185 1186
1185 1223
1185 1224
1186 1187
1186 1224
1186 1225
1187 1225
1187 1226
1188 1189
1188 1226
1188 1227
1188 1228
1189 1190
1189 1227
1189 1228
1189 1229
1190 1191
1190 1228
1190 1229
1190 1230
1191 1192
1191 1229
1191 1230
1192 1193
1192 1230
1192 1231
1193 1194
1193 1231
1193 1232
1194 1231
1194 1232
1194 1233
1195 1233
1195 1234
1195 1235
1196 1197
1196 1236
1197 1198
1197 1236
1198 1199
1198 1236
1198 1237
1199 1200
1199 1237
1199 1238
1200 1201
1200 1237
1200 1238
1200 1239
1201 1202
1201 1238
1201 1239
1201 1240
1202 1203
1202 1239
1202 1240
1202 1241
1203 1204
1203 1240
1203 1241
1203 1242
1204 1205
1204 1241
1204 1242
1205 1206
1205 1242
1205 1243
1206 1243
1206 1244
1207 1208
1207 1244
1207 1245
1208 1209
1208 1245
1208 1246
1209 1246
1209 1247
1210 1211
1210 1247
1210 1248
1210 1249
1211 1212
1211 1248
1211 1249
1211 1250
1212 1213
1212 1249
1212 1250
1212 1251
1213 1214
1213 1250
1213 1251
1213 1252
1214 1215
1214 1251
1214 1252
1214 1253
1215 1216
1215 1252
1215 1253
1215 1254
1216 1217
1216 1253
1216 1254
1216 1255
1217 1218
1217 1254
1217 1255
1217 1256
1218 1219
1218 1255
1218 1256
1218 1257
1219 1220
1219 1256
1219 1257
1219 1258
1220 1221
1220 1257
1220 1258
1220 1259
1221 1258
1221 1259
1222 1223
1222 1260
1223 1224
1223 1260
1224 1260
1224 1261
1225 1226
1225 1261
1225 1262
1225 1263
1226 1227
1226 1262
1226 1263
1226 1264
1227 1228
1227 1263
1227 1264
1227 1265
1228 1229
1228 1264
1228 1265
1228 1266
1229 1230
1229 1265
1229 1266
1229 1267
1230 1266
1230 1267
1230 1268
1231 1232
1231 1268
1231 1269
1231 1270
1232 1233
1232 1269
1232 1270
1232 1271
1233 1234
1233 1270
1233 1271
1233 1272
1234 1235
1234 1271
1234 1272
1234 1273
1235 1272
1235 1273
1236 1274
1237 1238
1237 1274
1237 1275
1238 1239
1238 1275
1238 1276
1239 1240
1239 1275
1239 1276
1239 1277
1240 1241
1240 1276
1240 1277
1240 1278
1241 1242
1241 1277
1241 1278
1241 1279
1242 1278
1242 1279
1242 1280
1243 1244
1243 1280
1243 1281
1243 1282
1244 1245
1244 1281
1244 1282
1244 1283
1245 1282
1245 1283
1245 1284
1246 1247
1246 1284
1247 1248
1248 1249
1248 1285
1249 1250
1249 1285
1249 1286
1250 1251
1250 1285
1250 1286
1250 1287
1251 1252
1251 1286
1251 1287
1251 1288
1252 1253
1252 1287
1252 1288
1252 1289
1253 1254
1253 1288
1253 1289
1254 1255
1254 1289
1255 1256
1255 1290
1256 1257
1256 1290
1256 1291
1257 1258
1257 1290
1257 1291
1257 1292
1258 1259
1258 1291
1258 1292
1258 1293
1259 1292
1259 1293
1260 1294
1260 1295
1261 1262
1261 1295
1261 1296
1261 1297
1262 1263
1262 1296
1262 1297
1262 1298
1263 1264
1263 1297
1263 1298
1263 1299
1264 1265
1264 1298
1264 1299
1264 1300
1265 1266
1265 1299
1265 1300
1265 1301
1266 1267
1266 1300
1266 1301
1266 1302
1267 1268
1267 1301
1267 1302
1268 1269
1268 1302
1268 1303
1269 1270
1269 1303
1269 1304
1270 1271
1270 1303
1270 1304
1270 1305
1271 1272
1271 1304
1271 1305
1271 1306
1272 1273
1272 1305
1272 1306
1272 1307
1273 1306
1273 1307
1274 1309
1274 1310
1274 1311
1275 1276
1275 1311
1275 1312
1275 1313
1276 1277
1276 1312
1276 1313
1276 1314
1277 1278
1277 1313
1277 1314
1278 1279
1278 1314
1278 1315
1279 1280
1279 1315
1280 1281
1280 1315
1280 1316
1281 1282
1281 1316
1282 1283
1282 1316
1282 1317
1283 1284
1283 1317
1283 1318
1284 1317
1284 1318
1284 1319
1285 1286
1285 1321
1285 1322
1286 1287
1286 1322
1286 1323
1287 1288
1287 1323
1287 1324
1288 1289
1288 1323
1288 1324
1289 1324
1289 1325
1290 1291
1290 1326
1290 1327
1291 1292
1291 1327
1291 1328
1292 1293
1292 1328
1292 1329
1293 1328
1293 1329
1294 1295
1294 1330
1295 1296
1295 1330
1295 1331
1296 1297
1296 1330
1296 1331
1296 1332
1297 1298
1297 1331
1297 1332
1297 1333
1298 1299
1298 1332
1298 1333
1298 1334
1299 1300
1299 1333
1299 1334
1299 1335
1300 1301
1300 1334
1300 1335
1300 1336
1301 1302
1301 1335
1301 1336
1301 1337
1302 1336
1302 1337
1302 1338
1303 1304
1303 1338
1303 1339
1303 1340
1304 1305
1304 1339
1304 1340
1304 1341
1305 1306
1305 1340
1305 1341
1306 1307
1306 1341
1306 1342
1307 1342
1307 1343
1308 1309
1308 1343
1308 1344
1308 1345
1309 1310
1309 1344
1309 1345
1309 1346
1310 1311
1310 1345
1310 1346
1311 1312
1311 1346
1311 1347
1312 1313
1312 1347
1312 1348
1313 1314
1313 1347
1313 1348
1313 1349
1314 1348
1314 1349
1314 1350
1315 1350
1315 1351
1315 1352
1316 1352
1316 1353
1316 1354
1317 1318
1317 1354
1317 1355
1318 1319
1318 1355
1318 1356
1319 1320
1319 1355
1319 1356
1319 1357
1320 1321
1320 1356
1320 1357
1320 1358
1321 1322
1321 1357
1321 1358
1321 1359
1322 1358
1322 1359
1322 1360
1323 1324
1323 1360
1323 1361
1323 1362
1324 1361
1324 1362
1324 1363
1325 1326
1325 1363
1325 1364
1326 1327
1326 1364
1326 1365
1327 1364
1327 1365
1327 1366
1328 1329
1328 1366
1328 1367
1328 1368
1329 1367
1329 1368
1330 1331
1330 1369
1330 1370
1331 1332
1331 1370
1331 1371
1332 1333
1332 1371
1332 1372
1333 1334
1333 1371
1333 1372
1333 1373
1334 1335
1334 1372
1334 1373
1334 1374
1335 1336
1335 1373
1335 1374
1335 1375
1336 1337
1336 1374
1336 1375
1337 1338
1337 1375
1338 1339
1338 1376
1339 1340
1339 1376
1339 1377
1340 1341
1340 1376
1340 1377
1340 1378
1341 1377
1341 1378
1341 1379
1342 1343
1342 1379
1342 1380
1342 1381
1343 1344
1343 1380
1343 1381
1343 1382
1344 1345
1344 1381
1344 1382
1345 1346
1345 1382
1345 1383
1346 1383
1346 1384
1347 1348
1347 1384
1347 1385
1347 1386
1348 1349
1348 1385
1348 1386
1348 1387
1349 1350
1349 1386
1349 1387
1349 1388
1350 1351
1350 1387
1350 1388
1350 1389
1351 1352
1351 1388
1351 1389
1351 1390
1352 1353
1352 1389
1352 1390
1352 1391
1353 1354
1353 1390
1353 1391
1354 1391
1354 1392
1355 1356
1355 1392
1355 1393
1355 1394
1356 1357
1356 1393
1356 1394
1356 1395
1357 1358
1357 1394
1357 1395
1357 1396
1358 1359
1358 1395
1358 1396
1358 1397
1359 1360
1359 1396
1359 1397
1359 1398
1360 1361
1360 1397
1360 1398
1361 1362
1361 1398
1361 1399
1362 1363
1362 1399
1363 1399
1363 1400
1364 1365
1364 1400
1364 1401
1364 1402
1365 1366
1365 1401
1365 1402
1366 1367
1366 1402
1367 1368
1367 1403
1368 1403
1369 1370
1369 1404
1370 1404
1371 1372
1371 1405
1371 1406
1372 1373
1372 1405
1372 1406
1372 1407
1373 1374
1373 1406
1373 1407
1373 1408
1374 1375
1374 1407
1374 1408
1374 1409
1375 1408
1375 1409
1376 1377
1376 1410
1377 1378
1377 1410
1378 1379
1378 1411
1379 1380
1379 1411
1379 1412
1380 1381
1380 1411
1380 1412
1380 1413
1381 1382
1381 1412
1381 1413
1382 1413
1382 1414
1383 1384
1383 1414
1383 1415
1383 1416
1384 1385
1384 1415
1384 1416
1384 1417
1385 1386
1385 1416
1385 1417
1386 1387
1386 1417
1386 1418
1387 1388
1387 1418
1387 1419
1388 1389
1388 1418
1388 1419
1388 1420
1389 1390
1389 1419
1389 1420
1389 1421
1390 1391
1390 1420
1390 1421
1390 1422
1391 1421
1391 1422
1391 1423
1392 1393
1392 1423
1392 1424
1392 1425
1393 1394
1393 1424
1393 1425
1393 1426
1394 1395
1394 1425
1394 1426
1395 1396
1395 1426
1395 1427
1396 1397
1396 1427
1397 1398
1397 1427
1399 1428
1399 1429
1400 1401
1400 1429
1400 1430
1400 1431
1401 1402
1401 1430
1401 1431
1401 1432
1402 1431
1402 1432
1402 1433
1403 1434
1404 1435
1404 1436
1404 1437
1405 1406
1405 1438
1405 1439
1405 1440
1406 1407
1406 1439
1406 1440
1407 1408
1407 1440
1407 1441
1408 1409
1408 1441
1408 1442
1409 1441
1409 1442
1409 1443
1410 1444
1410 1445
1411 1412
1411 1446
1411 1447
1412 1413
1412 1447
1412 1448
1413 1448
1413 1449
1414 1415
1414 1449
1414 1450
1414 1451
1415 1416
1415 1450
1415 1451
1415 1452
1416 1417
1416 1451
1416 1452
1417 1452
1417 1453
1418 1419
1418 1453
1418 1454
1419 1420
1419 1454
1420 1421
1420 1455
1421 1422
1421 1455
1421 1456
1422 1423
1422 1455
1422 1456
1422 1457
1423 1424
1423 1456
1423 1457
1423 1458
1424 1425
1424 1457
1424 1458
1424 1459
1425 1426
1425 1458
1425 1459
1426 1459
1427 1460
1427 1461
1428 1429
1428 1463
1428 1464
1428 1465
1429 1430
1429 1464
1429 1465
1430 1431
1430 1465
1430 1466
1431 1432
1431 1466
1431 1467
1432 1433
1432 1466
1432 1467
1432 1468
1433 1467
1433 1468
1433 1469
1434 1469
1434 1470
1435 1436
1435 1471
1435 1472
1436 1437
1436 1471
1436 1472
1436 1473
1437 1438
1437 1472
1437 1473
1437 1474
1438 1439
1438 1473
1438 1474
1438 1475
1439 1440
1439 1474
1439 1475
1439 1476
1440 1475
1440 1476
1440 1477
1441 1442
1441 1477
1441 1478
1441 1479
1442 1443
1442 1478
1442 1479
1442 1480
1443 1444
1443 1479
1443 1480
1443 1481
1444 1445
1444 1480
1444 1481
1444 1482
1445 1481
1445 1482
1445 1483
1446 1447
1446 1483
1446 1484
1446 1485
1447 1484
1447 1485
1447 1486
1448 1449
1448 1486
1448 1487
1449 1450
1449 1487
1449 1488
1450 1451
1450 1487
1450 1488
1450 1489
1451 1452
1451 1488
1451 1489
1451 1490
1452 1489
1452 1490
1453 1454
1453 1491
1454 1491
1454 1492
1455 1456
1455 1493
1455 1494
1456 1457
1456 1494
1456 1495
1457 1458
1457 1495
1457 1496
1458 1459
1458 1495
1458 1496
1459 1496
1459 1497
1460 1461
1460 1498
1460 1499
1460 1500
1461 1462
1461 1499
1461 1500
1462 1463
1462 1500
1463 1464
1463 1501
1464 1465
1464 1501
1464 1502
1465 1501
1465 1502
1465 1503
1466 1467
1466 1503
1466 1504
1466 1505
1467 1468
1467 1504
1467 1505
1467 1506
1468 1469
1468 1505
1468 1506
1468 1507
1469 1470
1469 1506
1469 1507
1469 1508
1470 1507
1470 1508
1471 1472
1471 1509
1471 1510
1472 1473
1472 1509
1472 1510
1472 1511
1473 1474
1473 1510
1473 1511
1473 1512
1474 1475
1474 1511
1474 1512
1474 1513
1475 1476
1475 1512
1475 1513
1475 1514
1476 1477
1476 1513
1476 1514
1477 1478
1477 1514
1477 1515
1478 1479
1478 1515
1478 1516
1479 1480
1479 1515
1479 1516
1479 1517
1480 1481
1480 1516
1480 1517
1481 1482
1481 1517
1481 1518
1482 1483
1482 1518
1483 1484
1483 1518
1483 1519
1484 1485
1484 1519
1485 1486
1485 1519
1485 1520
1486 1520
1486 1521
1487 1488
1487 1521
1487 1522
1488 1489
1488 1522
1488 1523
1489 1490
1489 1522
1489 1523
1489 1524
1490 1523
1490 1524
1490 1525
1491 1525
1491 1526
1491 1527
1492 1493
1492 1527
1492 1528
1493 1494
1493 1528
1493 1529
1494 1528
1494 1529
1494 1530
1495 1496
1495 1530
1495 1531
1495 1532
1496 1531
1496 1532
1496 1533
1497 1498
1497 1533
1497 1534
1497 1535
1498 1499
1498 1534
1498 1535
1498 1536
1499 1500
1499 1535
1499 1536
1500 1536
1500 1537
1501 1502
1501 1538
1501 1539
1501 1540
1502 1503
1502 1539
1502 1540
1502 1541
1503 1504
1503 1540
1503 1541
1504 1505
1504 1541
1504 1542
1505 1506
1505 1542
1505 1543
1506 1507
1506 1542
1506 1543
1506 1544
1507 1508
1507 1543
1507 1544
1507 1545
1508 1544
1508 1545
1509 1510
1509 1546
1509 1547
1510 1511
1510 1546
1510 1547
1510 1548
1511 1512
1511 1547
1511 1548
1511 1549
1512 1513
1512 1548
1512 1549
1512 1550
1513 1514
1513 1549
1513 1550
1513 1551
1514 1550
1514 1551
1514 1552
1515 1516
1515 1552
1515 1553
1515 1554
1516 1517
1516 1553
1516 1554
1516 1555
1517 1554
1517 1555
1517 1556
1518 1556
1518 1557
1518 1558
1519 1558
1519 1559
1519 1560
1520 1521
1520 1560
1520 1561
1520 1562
1521 1561
1521 1562
1522 1523
1522 1563
1523 1524
1523 1563
1523 1564
1524 1525
1524 1564
1525 1526
1525 1564
1525 1565
1526 1527
1526 1565
1526 1566
1527 1565
1527 1566
1527 1567
1528 1529
1528 1567
1528 1568
1529 1530
1529 1568
1529 1569
1530 1531
1530 1569
1530 1570
1531 1532
1531 1569
1531 1570
1532 1533
1532 1570
1532 1571
1533 1534
1533 1571
1533 1572
1534 1535
1534 1571
1534 1572
1534 1573
1535 1536
1535 1572
1535 1573
1535 1574
1536 1573
1536 1574
1536 1575
1537 1538
1537 1575
1537 1576
1537 1577
1538 1539
1538 1576
1538 1577
1538 1578
1539 1540
1539 1577
1539 1578
1539 1579
1540 1541
1540 1578
1540 1579
1541 1579
1541 1580
1542 1543
1542 1580
1542 1581
1543 1544
1543 1581
1543 1582
1544 1545
1544 1581
1544 1582
1544 1583
1545 1582
1545 1583
1546 1547
1546 1584
1546 1585
1547 1548
1547 1584
1547 1585
1547 1586
1548 1549
1548 1585
1548 1586
1548 1587
1549 1550
1549 1586
1549 1587
1549 1588
1550 1551
1550 1587
1550 1588
1551 1552
1551 1588
1552 1553
1552 1589
1553 1554
1553 1589
1554 1555
1554 1589
1554 1590
1555 1556
1555 1590
1555 1591
1556 1557
1556 1590
1556 1591
1557 1558
1557 1591
1557 1592
1558 1559
1558 1592
1558 1593
1559 1560
1559 1592
1559 1593
1559 1594
1560 1561
1560 1593
1560 1594
1560 1595
1561 1562
1561 1594
1561 1595
1561 1596
1562 1595
1562 1596
1562 1597
1563 1597
1563 1598
1563 1599
1564 1599
1564 1600
1565 1566
1565 1601
1566 1567
1566 1601
1566 1602
1567 1568
1567 1602
1567 1603
1568 1602
1568 1603
1568 1604
1569 1570
1569 1604
1569 1605
1569 1606
1570 1605
1570 1606
1570 1607
1571 1572
1571 1607
1571 1608
1571 1609
1572 1573
1572 1608
1572 1609
1572 1610
1573 1574
1573 1609
1573 1610
1573 1611
1574 1575
1574 1610
1574 1611
1574 1612
1575 1576
1575 1611
1575 1612
1575 1613
1576 1577
1576 1612
1576 1613
1576 1614
1577 1578
1577 1613
1577 1614
1577 1615
1578 1579
1578 1614
1578 1615
1579 1615
1580 1616
1580 1617
1581 1582
1581 1617
1581 1618
1582 1583
1582 1618
1582 1619
1583 1618
1583 1619
1584 1585
1585 1586
1586 1587
1587 1588
1590 1591
1592 1593
1593 1594
1594 1595
1595 1596
1596 1597
1597 1598
1598 1599
1599 1600
1602 1603
1603 1604
1604 1605
1605 1606
1606 1607
1607 1608
1608 1609
1609 1610
1610 1611
1611 1612
1612 1613
1613 1614
1614 1615
1616 1617
1618 1619
