# FromNodeId	ToNodeId
0 41
0 42
1 43
2 3
2 44
2 45
3 4
3 44
3 45
3 46
4 5
4 45
4 46
4 47
5 6
5 46
5 47
5 48
6 47
6 48
7 8
7 49
7 50
8 49
8 50
8 51
9 10
9 52
9 53
9 54
10 53
10 54
10 55
11 12
11 55
11 56
11 57
12 56
12 57
12 58
13 14
13 58
13 59
13 60
14 15
14 59
14 60
14 61
15 16
15 60
15 61
15 62
16 17
16 61
16 62
17 18
17 62
17 63
18 19
18 63
18 64
19 20
19 63
19 64
19 65
20 21
20 64
20 65
20 66
21 22
21 65
21 66
21 67
22 23
22 66
22 67
22 68
23 24
23 67
23 68
24 25
24 68
24 69
25 26
25 69
26 27
26 69
27 28
27 70
28 29
28 70
28 71
29 30
29 70
29 71
29 72
30 31
30 71
30 72
30 73
31 32
31 72
31 73
31 74
32 33
32 73
32 74
32 75
33 34
33 74
33 75
33 76
34 35
34 75
34 76
35 36
35 76
35 77
36 77
36 78
37 38
37 78
37 79
37 80
38 39
38 79
38 80
39 40
39 80
39 81
40 81
41 42
41 82
41 83
42 82
42 83
42 84
43 84
44 45
44 85
44 86
45 46
45 85
45 86
45 87
46 47
46 86
46 87
47 48
47 87
48 88
49 50
49 88
49 89
49 90
50 51
50 89
50 90
50 91
51 52
51 90
51 91
52 53
52 91
52 92
53 54
53 92
53 93
54 55
54 92
54 93
54 94
55 56
55 93
55 94
55 95
56 57
56 94
56 95
56 96
57 58
57 95
57 96
57 97
58 59
58 96
58 97
58 98
59 60
59 97
59 98
59 99
60 61
60 98
60 99
60 100
61 62
61 99
61 100
61 101
62 100
62 101
62 102
63 64
63 102
63 103
64 65
64 103
65 66
65 103
66 67
66 104
67 68
67 104
68 104
69 105
69 106
70 71
70 107
70 108
70 109
71 72
71 108
71 109
71 110
72 73
72 109
72 110
72 111
73 74
73 110
73 111
73 112
74 75
74 111
74 112
74 113
75 76
75 112
75 113
76 113
77 78
77 114
77 115
78 79
78 114
78 115
78 116
79 80
79 115
79 116
79 117
80 116
80 117
80 118
81 118
81 119
82 83
82 120
82 121
83 84
83 120
83 121
83 122
84 121
84 122
84 123
85 86
85 124
85 125
85 126
86 87
86 125
86 126
86 127
87 126
87 127
87 128
88 89
88 129
88 130
88 131
89 90
89 130
89 131
89 132
90 91
90 131
90 132
90 133
91 132
91 133
92 93
92 134
92 135
93 94
93 134
93 135
93 136
94 95
94 135
94 136
94 137
95 96
95 136
95 137
95 138
96 97
96 137
96 138
96 139
97 98
97 138
97 139
98 99
98 139
98 140
99 100
99 140
100 101
100 140
101 102
101 141
102 141
103 142
104 143
104 144
104 145
105 106
105 146
105 147
105 148
106 107
106 147
106 148
107 108
107 148
108 109
108 149
109 110
109 149
109 150
110 111
110 149
110 150
110 151
111 112
111 150
111 151
112 113
112 151
112 152
113 152
114 115
114 153
114 154
114 155
115 116
115 154
115 155
115 156
116 117
116 155
116 156
117 118
117 156
117 157
118 119
118 157
118 158
119 157
119 158
120 121
120 159
120 160
121 122
121 159
121 160
121 161
122 123
122 160
122 161
123 124
123 161
123 162
124 125
124 162
124 163
125 126
125 162
125 163
125 164
126 127
126 163
126 164
126 165
127 128
127 164
127 165
127 166
128 129
128 165
128 166
128 167
129 130
129 166
129 167
129 168
130 131
130 167
130 168
130 169
131 132
131 168
131 169
131 170
132 133
132 169
132 170
133 170
134 135
134 171
135 136
135 171
136 137
136 172
137 138
137 172
138 139
138 172
138 173
139 173
139 174
140 174
140 175
140 176
141 177
141 178
141 179
142 143
142 180
142 181
143 144
143 181
143 182
144 145
144 182
144 183
145 146
145 182
145 183
145 184
146 147
146 183
146 184
147 148
147 184
147 185
148 185
148 186
149 150
149 187
150 151
150 187
152 188
152 189
153 154
153 189
153 190
154 155
154 190
155 156
155 191
156 191
156 192
157 158
157 192
157 193
157 194
158 193
158 194
159 160
159 195
159 196
160 161
160 195
160 196
160 197
161 196
161 197
161 198
162 163
162 198
162 199
163 164
163 199
164 165
164 200
165 166
165 200
166 167
166 200
166 201
167 168
167 201
167 202
168 169
168 201
168 202
168 203
169 170
169 202
169 203
169 204
170 203
170 204
170 205
171 206
171 207
171 208
172 209
172 210
172 211
173 174
173 211
173 212
173 213
174 175
174 212
174 213
175 176
175 213
175 214
176 177
176 214
177 178
177 214
178 179
178 215
179 180
179 215
179 216
180 181
180 215
180 216
181 216
182 183
182 217
182 218
183 184
183 217
183 218
183 219
184 218
184 219
184 220
185 186
185 220
185 221
185 222
186 221
186 222
187 223
187 224
188 189
188 225
188 226
189 190
189 226
189 227
190 227
190 228
191 192
191 229
191 230
191 231
192 193
192 230
192 231
192 232
193 194
193 231
193 232
194 232
195 196
195 233
196 197
196 233
196 234
197 198
197 233
197 234
197 235
198 199
198 234
198 235
198 236
199 235
199 236
199 237
200 238
200 239
201 202
201 240
201 241
202 203
202 240
202 241
202 242
203 204
203 241
203 242
203 243
204 205
204 242
204 243
204 244
205 206
205 243
205 244
206 207
206 244
206 245
207 208
207 245
207 246
208 209
208 245
208 246
208 247
209 210
209 246
209 247
210 211
210 247
210 248
211 212
211 248
211 249
212 213
212 248
212 249
212 250
213 249
213 250
213 251
214 251
214 252
214 253
215 216
215 254
215 255
215 256
216 255
216 256
216 257
217 218
217 258
217 259
217 260
218 219
218 259
218 260
218 261
219 220
219 260
219 261
220 221
220 261
220 262
221 222
221 262
221 263
222 262
222 263
223 224
223 264
223 265
224 264
224 265
224 266
225 226
225 266
225 267
226 267
226 268
227 228
227 268
227 269
227 270
228 229
228 269
228 270
228 271
229 230
229 270
229 271
229 272
230 231
230 271
230 272
230 273
231 232
231 272
231 273
231 274
232 273
232 274
232 275
233 234
233 276
233 277
234 235
234 277
235 236
235 277
235 278
236 237
236 278
236 279
237 238
237 278
237 279
237 280
238 239
238 279
238 280
238 281
239 280
239 281
240 241
240 282
240 283
241 242
241 282
241 283
241 284
242 243
242 283
242 284
242 285
243 244
243 284
243 285
244 285
244 286
245 246
245 286
245 287
246 247
246 287
247 288
248 249
248 288
248 289
249 250
249 289
250 251
251 252
252 253
253 254
253 290
254 255
254 290
254 291
255 256
255 290
255 291
255 292
256 257
256 291
256 292
256 293
257 258
257 292
257 293
258 259
258 293
258 294
259 260
259 294
260 261
260 294
260 295
261 295
261 296
262 263
262 296
263 297
264 265
264 297
264 298
265 266
265 298
265 299
266 298
266 299
266 300
267 268
267 300
267 301
267 302
268 269
268 301
268 302
268 303
269 270
269 302
269 303
269 304
270 271
270 303
270 304
270 305
271 272
271 304
271 305
272 273
272 305
272 306
273 274
273 306
274 275
274 306
274 307
275 307
276 308
277 309
277 310
278 279
278 310
278 311
278 312
279 280
279 311
279 312
279 313
280 281
280 312
280 313
280 314
281 313
281 314
281 315
282 283
282 315
282 316
282 317
283 284
283 316
283 317
283 318
284 285
284 317
284 318
284 319
285 318
285 319
285 320
286 287
286 320
286 321
286 322
287 321
287 322
287 323
288 289
288 324
288 325
288 326
289 325
289 326
289 327
290 291
290 331
290 332
290 333
291 292
291 332
291 333
291 334
292 293
292 333
292 334
292 335
293 334
293 335
293 336
294 336
294 337
294 338
295 296
295 338
295 339
296 339
296 340
297 341
297 342
298 299
298 342
298 343
298 344
299 300
299 343
299 344
300 301
300 344
301 302
302 303
302 345
303 304
303 345
303 346
304 305
304 345
304 346
305 346
305 347
306 347
306 348
306 349
307 349
307 350
308 351
308 352
309 310
309 352
309 353
309 354
310 311
310 353
310 354
310 355
311 312
311 354
311 355
311 356
312 313
312 355
312 356
313 314
313 356
314 315
314 357
315 316
315 357
315 358
316 317
316 357
316 358
316 359
317 318
317 358
317 359
318 319
318 359
318 360
319 320
319 360
319 361
320 321
320 360
320 361
320 362
321 322
321 361
321 362
321 363
322 323
322 362
322 363
322 364
323 324
323 363
323 364
323 365
324 325
324 364
324 365
324 366
325 326
325 365
325 366
325 367
326 327
326 366
326 367
326 368
327 328
327 367
327 368
327 369
328 329
328 368
328 369
328 370
329 330
329 369
329 370
329 371
330 331
330 370
330 371
330 372
331 332
331 371
331 372
331 373
332 333
332 372
332 373
333 334
333 373
333 374
334 335
334 374
334 375
335 336
335 374
335 375
335 376
336 337
336 375
336 376
337 338
337 376
337 377
338 339
338 377
338 378
339 377
339 378
339 379
340 379
340 380
341 342
341 381
341 382
342 343
342 381
342 382
343 344
343 382
343 383
344 383
344 384
345 346
345 386
345 387
345 388
346 387
346 388
347 348
347 389
348 349
348 389
348 390
349 350
349 389
349 390
349 391
350 390
350 391
351 352
351 392
352 353
352 392
352 393
353 354
353 393
353 394
354 355
354 393
354 394
354 395
355 356
355 394
355 395
355 396
356 395
356 396
356 397
357 358
357 398
357 399
357 400
358 359
358 399
358 400
358 401
359 400
359 401
359 402
360 361
360 402
360 403
360 404
361 362
361 403
361 404
361 405
362 363
362 404
362 405
362 406
363 364
363 405
363 406
363 407
364 365
364 406
364 407
364 408
365 366
365 407
365 408
365 409
366 367
366 408
366 409
366 410
367 368
367 409
367 410
367 411
368 369
368 410
368 411
368 412
369 370
369 411
369 412
369 413
370 371
370 412
370 413
370 414
371 372
371 413
371 414
371 415
372 373
372 414
372 415
372 416
373 415
373 416
373 417
374 375
374 417
374 418
374 419
375 376
375 418
375 419
375 420
376 419
376 420
376 421
377 378
377 421
377 422
377 423
378 379
378 422
378 423
378 424
379 380
379 423
379 424
380 424
380 425
381 382
381 425
381 426
381 427
382 426
382 427
382 428
383 384
383 428
383 429
384 385
384 429
384 430
385 386
385 430
385 431
386 387
386 430
386 431
386 432
387 388
387 431
387 432
387 433
388 432
388 433
388 434
389 390
389 435
389 436
389 437
390 391
390 436
390 437
390 438
391 437
391 438
392 439
392 440
393 394
393 440
393 441
393 442
394 395
394 441
394 442
394 443
395 396
395 442
395 443
396 397
396 443
396 444
397 398
397 444
397 445
398 399
398 444
398 445
399 400
399 445
399 446
400 401
400 446
400 447
401 402
401 446
401 447
401 448
402 403
402 447
402 448
402 449
403 404
403 448
403 449
403 450
404 405
404 449
404 450
404 451
405 406
405 450
405 451
405 452
406 407
406 451
406 452
406 453
407 408
407 452
407 453
407 454
408 409
408 453
408 454
408 455
409 410
409 454
409 455
409 456
410 411
410 455
410 456
410 457
411 412
411 456
411 457
411 458
412 413
412 457
412 458
412 459
413 414
413 458
413 459
413 460
414 415
414 459
414 460
415 416
415 460
415 461
416 417
416 461
416 462
417 418
417 461
417 462
417 463
418 419
418 462
418 463
419 420
419 463
419 464
420 421
420 464
420 465
421 422
421 464
421 465
422 423
422 465
423 424
424 466
425 426
425 466
425 467
426 427
426 467
426 468
427 428
427 467
427 468
427 469
428 429
428 468
428 469
428 470
429 469
429 470
429 471
430 431
430 471
430 472
430 473
431 432
431 472
431 473
432 433
432 473
432 474
433 434
433 474
434 435
434 474
435 436
436 437
436 475
437 438
437 475
438 475
439 440
439 476
439 477
440 441
440 476
440 477
440 478
441 442
441 477
441 478
441 479
442 443
442 478
442 479
442 480
443 479
443 480
444 445
444 481
444 482
445 481
445 482
445 483
446 447
446 483
446 484
446 485
447 448
447 484
447 485
447 486
448 449
448 485
448 486
448 487
449 450
449 486
449 487
449 488
450 451
450 487
450 488
451 452
451 488
451 489
452 453
452 489
452 490
453 454
453 489
453 490
453 491
454 455
454 490
454 491
454 492
455 456
455 491
455 492
456 457
456 492
456 493
457 458
457 493
457 494
458 459
458 493
458 494
458 495
459 460
459 494
459 495
459 496
460 495
460 496
460 497
461 462
461 497
461 498
462 463
462 498
462 499
463 498
463 499
463 500
464 465
464 500
464 501
464 502
465 501
465 502
465 503
466 505
466 506
466 507
467 468
467 507
467 508
467 509
468 469
468 508
468 509
468 510
469 470
469 509
469 510
469 511
470 471
470 510
470 511
470 512
471 472
471 511
471 512
471 513
472 473
472 512
472 513
473 513
474 514
474 515
475 517
475 518
476 477
476 519
476 520
477 478
477 519
477 520
477 521
478 479
478 520
478 521
478 522
479 480
479 521
479 522
479 523
480 522
480 523
480 524
481 482
481 524
481 525
481 526
482 483
482 525
482 526
482 527
483 484
483 526
483 527
483 528
484 485
484 527
484 528
484 529
485 486
485 528
485 529
485 530
486 487
486 529
486 530
487 488
487 530
487 531
488 531
488 532
489 490
489 532
489 533
490 491
490 533
490 534
491 492
491 534
491 535
492 534
492 535
492 536
493 494
493 536
493 537
493 538
494 495
494 537
494 538
494 539
495 496
495 538
495 539
495 540
496 497
496 539
496 540
496 541
497 540
497 541
497 542
498 499
498 542
498 543
498 544
499 500
499 543
499 544
500 501
500 544
500 545
501 502
501 545
501 546
502 503
502 545
502 546
502 547
503 504
503 546
503 547
504 505
504 547
504 548
505 506
505 548
505 549
506 507
506 548
506 549
507 508
507 549
507 550
508 509
508 550
508 551
509 510
509 550
509 551
509 552
510 511
510 551
510 552
510 553
511 512
511 552
511 553
511 554
512 513
512 553
512 554
513 554
513 555
514 515
514 556
514 557
515 516
515 557
515 558
516 517
516 558
516 559
517 558
517 559
517 560
518 560
519 520
519 561
519 562
520 521
520 561
520 562
521 522
521 562
521 563
522 523
522 563
522 564
523 524
523 563
523 564
524 525
524 564
524 565
525 526
525 565
525 566
526 527
526 565
526 566
526 567
527 528
527 566
527 567
527 568
528 529
528 567
528 568
528 569
529 530
529 568
529 569
529 570
530 569
530 570
530 571
531 532
531 571
531 572
531 573
532 533
532 572
532 573
532 574
533 573
533 574
533 575
534 535
534 575
534 576
535 536
535 576
535 577
536 537
536 577
536 578
537 538
537 577
537 578
537 579
538 539
538 578
538 579
539 540
539 579
539 580
540 541
540 580
540 581
541 542
541 580
541 581
541 582
542 543
542 581
542 582
542 583
543 544
543 582
543 583
543 584
544 583
544 584
544 585
545 546
545 585
545 586
546 547
546 586
546 587
547 587
547 588
548 549
548 588
548 589
549 589
549 590
550 551
550 590
550 591
551 552
551 591
552 553
552 592
553 554
553 592
553 593
554 592
554 593
554 594
555 556
555 594
555 595
555 596
556 557
556 595
556 596
556 597
557 596
557 597
557 598
558 559
558 598
558 599
559 560
559 599
559 600
560 599
560 600
560 601
561 562
561 602
561 603
562 602
562 603
562 604
563 564
563 604
563 605
563 606
564 605
564 606
564 607
565 566
565 607
565 608
565 609
566 567
566 608
566 609
567 568
567 609
567 610
568 569
568 610
568 611
569 570
569 610
569 611
569 612
570 571
570 611
570 612
571 572
571 612
571 613
572 573
572 613
572 614
573 574
573 613
573 614
574 575
574 614
574 615
575 576
575 615
576 615
576 616
577 578
577 616
577 617
577 618
578 579
578 617
578 618
578 619
579 618
579 619
579 620
580 581
580 620
580 621
580 622
581 582
581 621
581 622
581 623
582 583
582 622
582 623
582 624
583 584
583 623
583 624
583 625
584 585
584 624
584 625
584 626
585 586
585 625
585 626
585 627
586 626
586 627
586 628
587 588
587 628
587 629
587 630
588 589
588 629
588 630
588 631
589 630
589 631
589 632
590 591
590 632
590 633
590 634
591 633
591 634
592 593
592 635
592 636
592 637
593 594
593 636
593 637
593 638
594 595
594 637
594 638
594 639
595 596
595 638
595 639
595 640
596 597
596 639
596 640
596 641
597 598
597 640
597 641
597 642
598 641
598 642
598 643
599 600
599 643
599 644
599 645
600 601
600 644
600 645
600 646
601 645
601 646
602 603
602 647
603 604
603 647
603 648
604 605
604 647
604 648
604 649
605 606
605 648
605 649
605 650
606 607
606 649
606 650
606 651
607 608
607 650
607 651
607 652
608 609
608 651
608 652
608 653
609 652
609 653
609 654
610 611
610 654
610 655
611 612
611 655
611 656
612 655
612 656
612 657
613 614
613 657
613 658
614 658
614 659
615 659
616 617
616 660
616 661
617 618
617 660
617 661
617 662
618 619
618 661
618 662
619 620
619 662
619 663
620 621
620 663
621 622
621 663
621 664
622 623
622 664
622 665
623 624
623 664
623 665
623 666
624 625
624 665
624 666
624 667
625 626
625 666
625 667
625 668
626 627
626 667
626 668
626 669
627 628
627 668
627 669
628 629
628 669
628 670
629 630
629 670
629 671
630 631
630 670
630 671
630 672
631 632
631 671
631 672
631 673
632 633
632 672
632 673
632 674
633 634
633 673
633 674
634 674
634 675
635 636
635 675
635 676
635 677
636 637
636 676
636 677
636 678
637 638
637 677
637 678
637 679
638 639
638 678
638 679
638 680
639 640
639 679
639 680
639 681
640 641
640 680
640 681
640 682
641 642
641 681
641 682
641 683
642 643
642 682
642 683
642 684
643 644
643 683
643 684
643 685
644 645
644 684
644 685
644 686
645 646
645 685
645 686
645 687
646 686
646 687
647 648
647 688
647 689
647 690
648 649
648 689
648 690
648 691
649 650
649 690
649 691
650 651
650 691
650 692
651 652
651 692
651 693
652 653
652 692
652 693
652 694
653 654
653 693
653 694
654 694
654 695
655 656
655 695
655 696
655 697
656 657
656 696
656 697
657 697
657 698
658 659
658 698
658 699
658 700
659 699
659 700
660 661
660 701
660 702
661 662
661 702
662 702
662 703
663 703
663 704
664 665
664 704
664 705
664 706
665 666
665 705
665 706
665 707
666 667
666 706
666 707
666 708
667 668
667 707
667 708
667 709
668 669
668 708
668 709
668 710
669 709
669 710
669 711
670 671
670 711
670 712
671 672
671 712
671 713
672 673
672 712
672 713
672 714
673 674
673 713
673 714
673 715
674 714
674 715
674 716
675 676
675 716
675 717
676 677
676 717
676 718
677 678
677 717
677 718
678 679
678 718
678 719
679 680
679 719
679 720
680 681
680 719
680 720
680 721
681 682
681 720
681 721
681 722
682 683
682 721
682 722
682 723
683 684
683 722
683 723
683 724
684 685
684 723
684 724
685 686
685 724
685 725
686 687
686 725
686 726
687 725
687 726
688 689
688 727
689 690
689 727
689 728
690 691
690 727
690 728
690 729
691 728
691 729
691 730
692 693
692 730
692 731
692 732
693 694
693 731
693 732
694 732
694 733
695 696
695 733
695 734
695 735
696 697
696 734
696 735
696 736
697 735
697 736
697 737
698 699
698 737
698 738
698 739
699 700
699 738
699 739
699 740
700 739
700 740
700 741
701 741
701 742
701 743
702 743
702 744
702 745
703 745
703 746
703 747
704 705
704 747
704 748
704 749
705 706
705 748
705 749
706 707
706 749
706 750
707 708
707 750
707 751
708 709
708 750
708 751
708 752
709 710
709 751
709 752
710 711
710 752
711 753
712 713
712 753
712 754
712 755
713 714
713 754
713 755
713 756
714 715
714 755
714 756
714 757
715 716
715 756
715 757
715 758
716 757
716 758
716 759
717 718
717 759
717 760
717 761
718 760
718 761
718 762
719 720
719 762
719 763
719 764
720 721
720 763
720 764
720 765
721 722
721 764
721 765
721 766
722 723
722 765
722 766
723 724
723 766
723 767
724 767
724 768
725 726
725 768
725 769
726 769
727 728
727 770
727 771
727 772
728 729
728 771
728 772
728 773
729 730
729 772
729 773
729 774
730 731
730 773
730 774
730 775
731 732
731 774
731 775
731 776
732 775
732 776
733 734
733 777
734 735
734 777
734 778
735 736
735 778
735 779
736 737
736 778
736 779
737 738
737 779
738 739
739 740
739 780
740 741
740 780
741 742
741 780
742 743
742 781
743 744
743 781
743 782
744 745
744 781
744 782
745 746
745 782
745 783
746 747
746 783
746 784
747 748
747 783
747 784
747 785
748 749
748 784
748 785
748 786
749 785
749 786
749 787
750 751
750 787
750 788
750 789
751 752
751 788
751 789
751 790
752 789
752 790
752 791
753 754
753 792
754 755
754 792
754 793
755 756
755 793
755 794
756 757
756 793
756 794
757 758
757 794
757 795
758 759
758 795
759 760
759 795
760 761
760 796
761 762
761 796
761 797
762 763
762 796
762 797
762 798
763 764
763 797
763 798
763 799
764 765
764 798
764 799
764 800
765 766
765 799
765 800
765 801
766 800
766 801
766 802
767 768
767 802
767 803
767 804
768 803
768 804
768 805
769 805
769 806
770 771
770 807
770 808
771 772
771 807
771 808
771 809
772 773
772 808
772 809
772 810
773 774
773 809
773 810
773 811
774 775
774 810
774 811
774 812
775 776
775 811
775 812
776 812
776 813
777 813
777 814
777 815
778 779
778 815
778 816
779 816
779 817
780 819
780 820
781 782
781 821
781 822
781 823
782 822
782 823
783 784
783 824
783 825
784 785
784 824
784 825
784 826
785 786
785 825
785 826
785 827
786 787
786 826
786 827
786 828
787 788
787 827
787 828
787 829
788 789
788 828
788 829
788 830
789 790
789 829
789 830
789 831
790 791
790 830
790 831
790 832
791 831
791 832
791 833
792 833
792 834
792 835
793 794
793 835
793 836
793 837
794 836
794 837
795 838
795 839
796 797
796 840
796 841
796 842
797 798
797 841
797 842
797 843
798 799
798 842
798 843
798 844
799 800
799 843
799 844
799 845
800 801
800 844
800 845
800 846
801 802
801 845
801 846
801 847
802 803
802 846
802 847
802 848
803 804
803 847
803 848
803 849
804 805
804 848
804 849
805 806
805 849
807 808
807 850
808 809
808 850
808 851
809 810
809 851
809 852
810 811
810 851
810 852
811 812
811 852
811 853
812 853
812 854
813 814
813 854
814 815
814 855
815 816
815 855
815 856
816 855
816 856
817 818
817 857
817 858
818 819
818 857
818 858
818 859
819 858
819 859
820 821
820 860
820 861
821 822
821 860
821 861
822 823
822 861
822 862
823 862
824 825
824 863
825 826
825 863
825 864
826 827
826 863
826 864
826 865
827 828
827 864
827 865
827 866
828 829
828 865
828 866
828 867
829 830
829 866
829 867
829 868
830 831
830 867
830 868
830 869
831 832
831 868
831 869
831 870
832 833
832 869
832 870
832 871
833 834
833 870
833 871
833 872
834 835
834 871
834 872
834 873
835 836
835 872
835 873
835 874
836 837
836 873
836 874
836 875
837 874
837 875
837 876
838 839
838 876
838 877
838 878
839 840
839 877
839 878
839 879
840 841
840 878
840 879
840 880
841 842
841 879
841 880
842 843
842 880
842 881
843 844
843 881
843 882
844 845
844 881
844 882
844 883
845 846
845 882
845 883
845 884
846 847
846 883
846 884
846 885
847 848
847 884
847 885
848 849
848 885
850 887
851 852
851 888
852 888
852 889
853 854
853 889
853 890
853 891
854 890
854 891
854 892
855 856
855 893
855 894
855 895
856 894
856 895
856 896
857 858
857 896
857 897
858 859
858 897
858 898
859 897
859 898
859 899
860 861
860 899
860 900
860 901
861 900
861 901
861 902
862 902
862 903
863 864
864 865
865 866
865 904
866 867
866 904
867 868
867 904
868 869
869 870
869 905
870 871
870 905
870 906
871 872
871 905
871 906
871 907
872 873
872 906
872 907
872 908
873 874
873 907
873 908
874 875
874 908
875 876
875 909
876 877
876 909
876 910
877 878
877 909
877 910
877 911
878 879
878 910
878 911
879 880
879 911
879 912
880 912
880 913
881 882
881 913
881 914
882 883
882 914
883 884
883 914
884 885
884 915
885 915
885 916
886 918
886 919
887 920
887 921
888 889
888 922
888 923
888 924
889 890
889 923
889 924
889 925
890 891
890 924
890 925
890 926
891 892
891 925
891 926
891 927
892 893
892 926
892 927
892 928
893 894
893 927
893 928
893 929
894 895
894 928
894 929
894 930
895 896
895 929
895 930
895 931
896 930
896 931
897 898
897 932
898 899
898 932
898 933
899 900
899 932
899 933
899 934
900 901
900 933
900 934
900 935
901 902
901 934
901 935
901 936
902 903
902 935
902 936
902 937
903 936
903 937
903 938
904 942
904 943
904 944
905 906
905 946
905 947
905 948
906 907
906 947
906 948
906 949
907 908
907 948
907 949
907 950
908 949
908 950
908 951
909 910
909 952
909 953
909 954
910 911
910 953
910 954
910 955
911 954
911 955
911 956
912 913
912 956
912 957
912 958
913 957
913 958
914 959
914 960
915 916
915 961
915 962
915 963
916 917
916 962
916 963
916 964
917 918
917 963
917 964
918 919
918 964
918 965
919 965
920 921
920 966
921 922
921 966
922 923
922 967
923 924
923 967
923 968
924 925
924 967
924 968
925 926
925 968
925 969
926 927
926 969
926 970
927 928
927 969
927 970
927 971
928 929
928 970
928 971
928 972
929 930
929 971
929 972
929 973
930 931
930 972
930 973
930 974
931 973
931 974
931 975
932 933
932 976
932 977
933 934
933 977
933 978
934 935
934 977
934 978
934 979
935 936
935 978
935 979
936 937
936 979
936 980
937 938
937 980
937 981
938 939
938 980
938 981
938 982
939 940
939 981
939 982
940 941
940 982
940 983
941 942
941 983
942 943
942 983
942 984
943 944
943 984
944 945
944 984
944 985
945 946
945 985
946 947
946 985
946 986
947 948
947 986
947 987
948 949
948 986
948 987
949 950
949 987
949 988
950 951
950 988
950 989
951 952
951 988
951 989
952 953
952 989
952 990
953 954
953 990
953 991
954 955
954 990
954 991
954 992
955 956
955 991
955 992
955 993
956 957
956 992
956 993
956 994
957 958
957 993
957 994
957 995
958 994
958 995
959 960
959 996
959 997
960 961
960 996
960 997
960 998
961 962
961 997
961 998
961 999
962 963
962 998
962 999
962 1000
963 964
963 999
963 1000
963 1001
964 1000
964 1001
964 1002
965 1002
965 1003
966 1004
966 1005
967 968
967 1006
968 1006
969 970
969 1007
969 1008
970 971
970 1007
970 1008
970 1009
971 972
971 1008
971 1009
972 973
972 1009
973 974
973 1010
974 975
974 1010
974 1011
975 976
975 1010
975 1011
976 1011
976 1012
977 978
977 1012
977 1013
977 1014
978 979
978 1013
978 1014
979 1014
979 1015
980 981
980 1015
980 1016
980 1017
981 982
981 1016
981 1017
981 1018
982 1017
982 1018
982 1019
983 1019
983 1020
983 1021
984 1021
984 1022
985 1023
985 1024
986 987
986 1024
986 1025
986 1026
987 1025
987 1026
987 1027
988 989
988 1027
988 1028
989 1028
989 1029
990 991
990 1029
990 1030
991 992
991 1030
991 1031
992 993
992 1030
992 1031
992 1032
993 994
993 1031
993 1032
993 1033
994 995
994 1032
994 1033
994 1034
995 1033
995 1034
995 1035
996 997
996 1035
996 1036
996 1037
997 998
997 1036
997 1037
997 1038
998 999
998 1037
998 1038
999 1000
999 1038
999 1039
1000 1001
1000 1039
1000 1040
1001 1002
1001 1039
1001 1040
1001 1041
1002 1003
1002 1040
1002 1041
1002 1042
1003 1041
1003 1042
1004 1005
1004 1043
1004 1044
1005 1043
1005 1044
1006 1045
1006 1046
1007 1008
1007 1046
1007 1047
1008 1009
1008 1047
1008 1048
1009 1048
1010 1011
1010 1049
1010 1050
1010 1051
1011 1050
1011 1051
1012 1013
1012 1052
1012 1053
1013 1014
1013 1052
1013 1053
1013 1054
1014 1053
1014 1054
1015 1016
1015 1055
1016 1017
1016 1055
1016 1056
1017 1018
1017 1056
1017 1057
1018 1019
1018 1056
1018 1057
1018 1058
1019 1020
1019 1057
1019 1058
1019 1059
1020 1021
1020 1058
1020 1059
1020 1060
1021 1022
1021 1059
1021 1060
1021 1061
1022 1060
1022 1061
1023 1024
1024 1025
1024 1062
1025 1026
1025 1062
1025 1063
1026 1027
1026 1062
1026 1063
1026 1064
1027 1028
1027 1063
1027 1064
1027 1065
1028 1064
1028 1065
1029 1066
1029 1067
1030 1031
1030 1067
1030 1068
1031 1032
1031 1068
1032 1033
1032 1069
1033 1034
1033 1069
1033 1070
1034 1035
1034 1069
1034 1070
1034 1071
1035 1036
1035 1070
1035 1071
1035 1072
1036 1037
1036 1071
1036 1072
1036 1073
1037 1038
1037 1072
1037 1073
1037 1074
1038 1073
1038 1074
1038 1075
1039 1040
1039 1075
1039 1076
1039 1077
1040 1041
1040 1076
1040 1077
1040 1078
1041 1042
1041 1077
1041 1078
1041 1079
1042 1078
1042 1079
1043 1044
1043 1080
1043 1081
1044 1080
1044 1081
1044 1082
1045 1046
1045 1083
1045 1084
1046 1047
1046 1083
1046 1084
1046 1085
1047 1084
1047 1085
1047 1086
1048 1086
1048 1087
1048 1088
1049 1050
1049 1088
1049 1089
1049 1090
1050 1051
1050 1089
1050 1090
1050 1091
1051 1090
1051 1091
1051 1092
1052 1053
1052 1092
1052 1093
1052 1094
1053 1054
1053 1093
1053 1094
1053 1095
1054 1094
1054 1095
1054 1096
1055 1096
1055 1097
1056 1057
1056 1098
1056 1099
1057 1058
1057 1098
1057 1099
1057 1100
1058 1059
1058 1099
1058 1100
1058 1101
1059 1060
1059 1100
1059 1101
1059 1102
1060 1061
1060 1101
1060 1102
1060 1103
1061 1102
1061 1103
1061 1104
1062 1063
1062 1105
1062 1106
1063 1064
1063 1105
1063 1106
1063 1107
1064 1065
1064 1106
1064 1107
1064 1108
1065 1107
1065 1108
1065 1109
1066 1067
1066 1109
1066 1110
1067 1068
1067 1110
1067 1111
1068 1111
1068 1112
1069 1070
1069 1113
1069 1114
1070 1071
1070 1113
1070 1114
1070 1115
1071 1072
1071 1114
1071 1115
1071 1116
1072 1073
1072 1115
1072 1116
1072 1117
1073 1074
1073 1116
1073 1117
1073 1118
1074 1075
1074 1117
1074 1118
1074 1119
1075 1076
1075 1118
1075 1119
1075 1120
1076 1077
1076 1119
1076 1120
1076 1121
1077 1078
1077 1120
1077 1121
1077 1122
1078 1079
1078 1121
1078 1122
1079 1122
1080 1081
1080 1123
1080 1124
1081 1082
1081 1123
1081 1124
1081 1125
1082 1124
1082 1125
1082 1126
1083 1084
1083 1126
1083 1127
1084 1085
1084 1127
1084 1128
1085 1086
1085 1127
1085 1128
1086 1087
1086 1128
1086 1129
1087 1088
1087 1129
1087 1130
1088 1089
1088 1129
1088 1130
1088 1131
1089 1090
1089 1130
1089 1131
1089 1132
1090 1091
1090 1131
1090 1132
1090 1133
1091 1092
1091 1132
1091 1133
1092 1093
1092 1133
1092 1134
1093 1094
1093 1134
1093 1135
1094 1095
1094 1134
1094 1135
1094 1136
1095 1096
1095 1135
1095 1136
1095 1137
1096 1097
1096 1136
1096 1137
1097 1137
1098 1099
1098 1138
1098 1139
1099 1100
1099 1138
1099 1139
1099 1140
1100 1101
1100 1139
1100 1140
1100 1141
1101 1102
1101 1140
1101 1141
1101 1142
1102 1103
1102 1141
1102 1142
1102 1143
1103 1104
1103 1142
1103 1143
1103 1144
1104 1143
1104 1144
1105 1106
1105 1145
1105 1146
1106 1107
1106 1145
1106 1146
1107 1108
1107 1146
1108 1109
1108 1147
1109 1110
1109 1147
1109 1148
1110 1147
1110 1148
1110 1149
1111 1112
1111 1149
1111 1150
1111 1151
1112 1150
1112 1151
1113 1114
1113 1152
1113 1153
1114 1115
1114 1152
1114 1153
1114 1154
1115 1116
1115 1153
1115 1154
1115 1155
1116 1117
1116 1154
1116 1155
1117 1118
1117 1155
1117 1156
1118 1119
1118 1156
1118 1157
1119 1120
1119 1156
1119 1157
1119 1158
1120 1121
1120 1157
1120 1158
1121 1122
1121 1158
1121 1159
1122 1159
1122 1160
1123 1124
1123 1161
1123 1162
1124 1125
1124 1161
1124 1162
1124 1163
1125 1126
1125 1162
1125 1163
1126 1163
1126 1164
1127 1128
1127 1164
1127 1165
1127 1166
1128 1165
1128 1166
1128 1167
1129 1130
1129 1167
1129 1168
1130 1131
1130 1168
1131 1132
1131 1169
1132 1133
1132 1169
1133 1169
1133 1170
1134 1135
1134 1170
1134 1171
1134 1172
1135 1136
1135 1171
1135 1172
1135 1173
1136 1137
1136 1172
1136 1173
1137 1173
1137 1174
1138 1139
1138 1175
1138 1176
1139 1140
1139 1175
1139 1176
1139 1177
1140 1141
1140 1176
1140 1177
1140 1178
1141 1142
1141 1177
1141 1178
1142 1143
1142 1178
1142 1179
1143 1144
1143 1179
1143 1180
1144 1179
1144 1180
1144 1181
1145 1146
1145 1182
1145 1183
1145 1184
1146 1183
1146 1184
1146 1185
1147 1148
1147 1186
1148 1149
1149 1150
1149 1187
1150 1151
1150 1187
1150 1188
1151 1187
1151 1188
1151 1189
1152 1153
1152 1189
1152 1190
1152 1191
1153 1154
1153 1190
1153 1191
1153 1192
1154 1155
1154 1191
1154 1192
1154 1193
1155 1192
1155 1193
1156 1157
1156 1194
1156 1195
1157 1158
1157 1194
1157 1195
1157 1196
1158 1195
1158 1196
1159 1160
1159 1197
1159 1198
1160 1197
1160 1198
1161 1162
1161 1199
1162 1163
1162 1199
1162 1200
1163 1199
1163 1200
1163 1201
1164 1165
1164 1201
1164 1202
1164 1203
1165 1166
1165 1202
1165 1203
1165 1204
1166 1167
1166 1203
1166 1204
1167 1168
1167 1204
1167 1205
1168 1205
1168 1206
1169 1207
1170 1171
1170 1208
1170 1209
1171 1172
1171 1208
1171 1209
1172 1173
1172 1209
1172 1210
1173 1210
1173 1211
1174 1211
1174 1212
1174 1213
1175 1176
1175 1213
1175 1214
1175 1215
1176 1177
1176 1214
1176 1215
1176 1216
1177 1178
1177 1215
1177 1216
1177 1217
1178 1216
1178 1217
1178 1218
1179 1180
1179 1218
1180 1181
1180 1219
1181 1182
1181 1219
1181 1220
1182 1183
1182 1219
1182 1220
1182 1221
1183 1184
1183 1220
1183 1221
1183 1222
1184 1185
1184 1221
1184 1222
1184 1223
1185 1186
1185 1222
1185 1223
1185 1224
1186 1223
1186 1224
1186 1225
1187 1188
1187 1226
1187 1227
1187 1228
1188 1189
1188 1227
1188 1228
1188 1229
1189 1190
1189 1228
1189 1229
1190 1191
1190 1229
1191 1192
1191 1230
1192 1193
1192 1230
1193 1230
1193 1231
1194 1195
1194 1231
1194 1232
1194 1233
1195 1196
1195 1232
1195 1233
1195 1234
1196 1233
1196 1234
1196 1235
1197 1198
1197 1235
1197 1236
1197 1237
1198 1236
1198 1237
1199 1200
1199 1238
1199 1239
1199 1240
1200 1201
1200 1239
1200 1240
1200 1241
1201 1202
1201 1240
1201 1241
1201 1242
1202 1203
1202 1241
1202 1242
1202 1243
1203 1204
1203 1242
1203 1243
1204 1243
1204 1244
1205 1206
1205 1244
1205 1245
1206 1207
1206 1245
1206 1246
1207 1246
1207 1247
1208 1209
1208 1248
1208 1249
1208 1250
1209 1249
1209 1250
1209 1251
1210 1211
1210 1251
1210 1252
1210 1253
1211 1212
1211 1252
1211 1253
1211 1254
1212 1213
1212 1253
1212 1254
1212 1255
1213 1214
1213 1254
1213 1255
1213 1256
1214 1215
1214 1255
1214 1256
1214 1257
1215 1216
1215 1256
1215 1257
1215 1258
1216 1217
1216 1257
1216 1258
1216 1259
1217 1218
1217 1258
1217 1259
1217 1260
1218 1259
1218 1260
1218 1261
1219 1220
1219 1262
1219 1263
1219 1264
1220 1221
1220 1263
1220 1264
1220 1265
1221 1222
1221 1264
1221 1265
1221 1266
1222 1223
1222 1265
1222 1266
1223 1224
1223 1266
1224 1225
1224 1267
1225 1267
1225 1268
1226 1227
1226 1268
1226 1269
1226 1270
1227 1228
1227 1269
1227 1270
1228 1229
1228 1270
1228 1271
1229 1271
1229 1272
1230 1273
1230 1274
1231 1232
1231 1274
1231 1275
1231 1276
1232 1233
1232 1275
1232 1276
1232 1277
1233 1234
1233 1276
1233 1277
1233 1278
1234 1235
1234 1277
1234 1278
1234 1279
1235 1236
1235 1278
1235 1279
1235 1280
1236 1237
1236 1279
1236 1280
1236 1281
1237 1280
1237 1281
1238 1239
1238 1282
1239 1240
1239 1282
1239 1283
1240 1241
1240 1283
1240 1284
1241 1242
1241 1283
1241 1284
1241 1285
1242 1243
1242 1284
1242 1285
1242 1286
1243 1285
1243 1286
1243 1287
1244 1245
1244 1287
1244 1288
1244 1289
1245 1288
1245 1289
1246 1247
1246 1290
1246 1291
1247 1248
1247 1290
1247 1291
1247 1292
1248 1249
1248 1291
1248 1292
1248 1293
1249 1250
1249 1292
1249 1293
1249 1294
1250 1251
1250 1293
1250 1294
1251 1252
1251 1294
1251 1295
1252 1253
1252 1295
1252 1296
1253 1254
1253 1295
1253 1296
1254 1255
1254 1296
1254 1297
1255 1256
1255 1297
1255 1298
1256 1257
1256 1297
1256 1298
1256 1299
1257 1258
1257 1298
1257 1299
1257 1300
1258 1259
1258 1299
1258 1300
1258 1301
1259 1260
1259 1300
1259 1301
1260 1261
1260 1301
1260 1302
1261 1262
1261 1302
1261 1303
1262 1263
1262 1302
1262 1303
1262 1304
1263 1264
1263 1303
1263 1304
1264 1265
1264 1304
1264 1305
1265 1266
1265 1305
1266 1305
1266 1306
1267 1268
1267 1307
1267 1308
1268 1269
1268 1308
1268 1309
1269 1270
1269 1308
1269 1309
1269 1310
1270 1309
1270 1310
1270 1311
1271 1272
1271 1311
1271 1312
1271 1313
1272 1312
1272 1313
1273 1274
1273 1314
1273 1315
1274 1275
1274 1314
1274 1315
1275 1276
1275 1315
1276 1277
1277 1278
1277 1316
1278 1279
1278 1316
1278 1317
1279 1280
1279 1316
1279 1317
1279 1318
1280 1281
1280 1317
1280 1318
1280 1319
1281 1318
1281 1319
1282 1320
1283 1284
1283 1321
1283 1322
1284 1285
1284 1321
1284 1322
1284 1323
1285 1286
1285 1322
1285 1323
1285 1324
1286 1287
1286 1323
1286 1324
1286 1325
1287 1288
1287 1324
1287 1325
1288 1289
1288 1325
1288 1326
1289 1326
1289 1327
1290 1291
1290 1327
1290 1328
1290 1329
1291 1292
1291 1328
1291 1329
1291 1330
1292 1293
1292 1329
1292 1330
1292 1331
1293 1294
1293 1330
1293 1331
1293 1332
1294 1331
1294 1332
1294 1333
1295 1296
1295 1333
1295 1334
1295 1335
1296 1334
1296 1335
1296 1336
1297 1298
1297 1336
1297 1337
1297 1338
1298 1299
1298 1337
1298 1338
1298 1339
1299 1300
1299 1338
1299 1339
1299 1340
1300 1301
1300 1339
1300 1340
1300 1341
1301 1340
1301 1341
1301 1342
1302 1303
1302 1342
1302 1343
1302 1344
1303 1304
1303 1343
1303 1344
1303 1345
1304 1344
1304 1345
1304 1346
1305 1346
1305 1347
1306 1307
1306 1348
1306 1349
1307 1348
1307 1349
1308 1309
1308 1350
1308 1351
1309 1310
1309 1350
1309 1351
1309 1352
1310 1311
1310 1351
1310 1352
1310 1353
1311 1312
1311 1352
1311 1353
1311 1354
1312 1313
1312 1353
1312 1354
1313 1354
1313 1355
1314 1315
1314 1355
1314 1356
1315 1356
1315 1357
1316 1317
1316 1359
1316 1360
1316 1361
1317 1318
1317 1360
1317 1361
1317 1362
1318 1319
1318 1361
1318 1362
1318 1363
1319 1362
1319 1363
1320 1364
1321 1322
1321 1364
1321 1365
1321 1366
1322 1323
1322 1365
1322 1366
1323 1324
1323 1366
1324 1325
1324 1367
1325 1367
1325 1368
1326 1327
1326 1368
1326 1369
1326 1370
1327 1328
1327 1369
1327 1370
1327 1371
1328 1329
1328 1370
1328 1371
1328 1372
1329 1330
1329 1371
1329 1372
1330 1331
1330 1372
1330 1373
1331 1332
1331 1373
1331 1374
1332 1333
1332 1373
1332 1374
1332 1375
1333 1334
1333 1374
1333 1375
1333 1376
1334 1335
1334 1375
1334 1376
1334 1377
1335 1336
1335 1376
1335 1377
1335 1378
1336 1337
1336 1377
1336 1378
1337 1338
1337 1378
1337 1379
1338 1339
1338 1379
1338 1380
1339 1340
1339 1379
1339 1380
1339 1381
1340 1341
1340 1380
1340 1381
1340 1382
1341 1342
1341 1381
1341 1382
1341 1383
1342 1343
1342 1382
1342 1383
1343 1344
1343 1383
1344 1345
1344 1384
1345 1346
1345 1384
1345 1385
1346 1347
1346 1384
1346 1385
1346 1386
1347 1385
1347 1386
1347 1387
1348 1349
1348 1387
1348 1388
1348 1389
1349 1388
1349 1389
1349 1390
1350 1351
1350 1390
1350 1391
1350 1392
1351 1352
1351 1391
1351 1392
1352 1353
1352 1392
1352 1393
1353 1354
1353 1393
1354 1393
1354 1394
1355 1394
1355 1395
1355 1396
1356 1357
1356 1396
1356 1397
1356 1398
1357 1358
1357 1397
1357 1398
1358 1359
1358 1398
1358 1399
1359 1360
1359 1399
1359 1400
1360 1361
1360 1399
1360 1400
1360 1401
1361 1362
1361 1400
1361 1401
1361 1402
1362 1363
1362 1401
1362 1402
1362 1403
1363 1402
1363 1403
1364 1365
1364 1404
1365 1366
1365 1405
1366 1405
1367 1368
1367 1406
1367 1407
1368 1369
1368 1407
1369 1370
1369 1407
1370 1371
1371 1372
1371 1408
1372 1408
1373 1374
1373 1409
1373 1410
1374 1375
1374 1409
1374 1410
1374 1411
1375 1376
1375 1410
1375 1411
1376 1377
1376 1411
1376 1412
1377 1378
1377 1412
1377 1413
1378 1412
1378 1413
1378 1414
1379 1380
1379 1414
1379 1415
1380 1381
1380 1415
1380 1416
1381 1382
1381 1416
1381 1417
1382 1383
1382 1416
1382 1417
1382 1418
1383 1417
1383 1418
1383 1419
1384 1385
1384 1420
1384 1421
1385 1386
1385 1421
1385 1422
1386 1387
1386 1421
1386 1422
1386 1423
1387 1388
1387 1422
1387 1423
1388 1389
1388 1423
1388 1424
1389 1390
1389 1424
1389 1425
1390 1391
1390 1424
1390 1425
1390 1426
1391 1392
1391 1425
1391 1426
1391 1427
1392 1426
1392 1427
1392 1428
1393 1428
1393 1429
1393 1430
1394 1395
1394 1430
1394 1431
1395 1396
1395 1431
1395 1432
1396 1397
1396 1431
1396 1432
1396 1433
1397 1398
1397 1432
1397 1433
1397 1434
1398 1433
1398 1434
1399 1400
1399 1435
1399 1436
1400 1401
1400 1435
1400 1436
1401 1402
1401 1436
1401 1437
1402 1403
1402 1437
1402 1438
1403 1437
1403 1438
1404 1439
1404 1440
1405 1441
1405 1442
1406 1443
1406 1444
1407 1444
1408 1446
1408 1447
1408 1448
1409 1410
1409 1448
1409 1449
1409 1450
1410 1411
1410 1449
1410 1450
1410 1451
1411 1450
1411 1451
1412 1413
1412 1452
1412 1453
1413 1414
1413 1452
1413 1453
1414 1415
1414 1453
1414 1454
1415 1454
1415 1455
1416 1417
1416 1455
1416 1456
1416 1457
1417 1418
1417 1456
1417 1457
1418 1419
1418 1457
1418 1458
1419 1420
1419 1458
1419 1459
1420 1458
1420 1459
1420 1460
1421 1422
1421 1460
1421 1461
1421 1462
1422 1423
1422 1461
1422 1462
1422 1463
1423 1462
1423 1463
1423 1464
1424 1425
1424 1464
1424 1465
1424 1466
1425 1426
1425 1465
1425 1466
1425 1467
1426 1427
1426 1466
1426 1467
1426 1468
1427 1428
1427 1467
1427 1468
1427 1469
1428 1429
1428 1468
1428 1469
1429 1430
1429 1469
1430 1470
1431 1432
1431 1470
1431 1471
1431 1472
1432 1433
1432 1471
1432 1472
1433 1434
1433 1472
1433 1473
1434 1473
1434 1474
1435 1436
1435 1474
1435 1475
1435 1476
1436 1475
1436 1476
1436 1477
1437 1438
1437 1477
1437 1478
1437 1479
1438 1478
1438 1479
1439 1440
1439 1480
1439 1481
1440 1441
1440 1480
1440 1481
1440 1482
1441 1442
1441 1481
1441 1482
1441 1483
1442 1482
1442 1483
1442 1484
1443 1444
1443 1484
1443 1485
1444 1485
1444 1486
1445 1446
1445 1487
1445 1488
1445 1489
1446 1447
1446 1488
1446 1489
1446 1490
1447 1448
1447 1489
1447 1490
1447 1491
1448 1449
1448 1490
1448 1491
1448 1492
1449 1450
1449 1491
1449 1492
1449 1493
1450 1451
1450 1492
1450 1493
1450 1494
1451 1493
1451 1494
1451 1495
1452 1453
1452 1495
1452 1496
1452 1497
1453 1496
1453 1497
1453 1498
1454 1455
1454 1498
1454 1499
1454 1500
1455 1456
1455 1499
1455 1500
1455 1501
1456 1457
1456 1500
1456 1501
1456 1502
1457 1501
1457 1502
1457 1503
1458 1459
1458 1503
1458 1504
1459 1460
1459 1504
1459 1505
1460 1461
1460 1505
1460 1506
1461 1462
1461 1505
1461 1506
1461 1507
1462 1463
1462 1506
1462 1507
1462 1508
1463 1464
1463 1507
1463 1508
1463 1509
1464 1465
1464 1508
1464 1509
1464 1510
1465 1466
1465 1509
1465 1510
1466 1467
1466 1510
1466 1511
1467 1468
1467 1511
1467 1512
1468 1469
1468 1511
1468 1512
1468 1513
1469 1512
1469 1513
1469 1514
1470 1471
1470 1515
1470 1516
1470 1517
1471 1472
1471 1516
1471 1517
1471 1518
1472 1517
1472 1518
1472 1519
1473 1474
1473 1519
1473 1520
1473 1521
1474 1475
1474 1520
1474 1521
1474 1522
1475 1476
1475 1521
1475 1522
1475 1523
1476 1477
1476 1522
1476 1523
1476 1524
1477 1478
1477 1523
1477 1524
1478 1479
1478 1524
1478 1525
1479 1525
1480 1481
1480 1526
1480 1527
1481 1482
1481 1526
1481 1527
1481 1528
1482 1483
1482 1527
1482 1528
1482 1529
1483 1484
1483 1528
1483 1529
1483 1530
1484 1529
1484 1530
1485 1486
1485 1531
1485 1532
1486 1487
1486 1531
1486 1532
1486 1533
1487 1488
1487 1532
1487 1533
1487 1534
1488 1489
1488 1533
1488 1534
1488 1535
1489 1490
1489 1534
1489 1535
1489 1536
1490 1491
1490 1535
1490 1536
1491 1492
1491 1536
1492 1493
1493 1494
1493 1537
1494 1495
1494 1537
1495 1496
1495 1537
1495 1538
1496 1497
1496 1538
1496 1539
1497 1498
1497 1538
1497 1539
1497 1540
1498 1499
1498 1539
1498 1540
1498 1541
1499 1500
1499 1540
1499 1541
1499 1542
1500 1501
1500 1541
1500 1542
1501 1502
1501 1542
1501 1543
1502 1503
1502 1543
1502 1544
1503 1504
1503 1543
1503 1544
1503 1545
1504 1544
1504 1545
1504 1546
1505 1506
1505 1546
1505 1547
1506 1507
1506 1547
1506 1548
1507 1508
1507 1548
1507 1549
1508 1509
1508 1548
1508 1549
1508 1550
1509 1510
1509 1549
1509 1550
1510 1550
1511 1512
1512 1513
1513 1514
1513 1551
1514 1515
1514 1551
1514 1552
1515 1516
1515 1551
1515 1552
1516 1517
1516 1552
1516 1553
1517 1518
1517 1553
1517 1554
1518 1519
1518 1553
1518 1554
1518 1555
1519 1520
1519 1554
1519 1555
1519 1556
1520 1521
1520 1555
1520 1556
1521 1522
1521 1556
1521 1557
1522 1523
1522 1557
1522 1558
1523 1524
1523 1557
1523 1558
1523 1559
1524 1558
1524 1559
1525 1560
1526 1527
1526 1561
1526 1562
1527 1528
1527 1561
1527 1562
1527 1563
1528 1529
1528 1562
1528 1563
1528 1564
1529 1530
1529 1563
1529 1564
1529 1565
1530 1564
1530 1565
1530 1566
1531 1532
1531 1566
1531 1567
1531 1568
1532 1533
1532 1567
1532 1568
1532 1569
1533 1534
1533 1568
1533 1569
1533 1570
1534 1535
1534 1569
1534 1570
1534 1571
1535 1536
1535 1570
1535 1571
1535 1572
1536 1571
1536 1572
1536 1573
1537 1574
1537 1575
1537 1576
1538 1539
1538 1576
1538 1577
1538 1578
1539 1540
1539 1577
1539 1578
1539 1579
1540 1541
1540 1578
1540 1579
1540 1580
1541 1542
1541 1579
1541 1580
1541 1581
1542 1580
1542 1581
1542 1582
1543 1544
1543 1582
1543 1583
1543 1584
1544 1545
1544 1583
1544 1584
1544 1585
1545 1546
1545 1584
1545 1585
1546 1547
1546 1585
1546 1586
1547 1586
1547 1587
1548 1549
1548 1587
1548 1588
1549 1550
1549 1588
1549 1589
1550 1588
1550 1589
1550 1590
1551 1552
1551 1594
1551 1595
1551 1596
1552 1595
1552 1596
1552 1597
1553 1554
1553 1597
1553 1598
1554 1555
1554 1598
1554 1599
1555 1556
1555 1599
1555 1600
1556 1599
1556 1600
1556 1601
1557 1558
1557 1601
1557 1602
1557 1603
1558 1559
1558 1602
1558 1603
1559 1603
1559 1604
1560 1604
1560 1605
1561 1562
1561 1606
1561 1607
1562 1563
1562 1606
1562 1607
1563 1564
1563 1607
1564 1565
1564 1608
1565 1566
1565 1608
1565 1609
1566 1567
1566 1608
1566 1609
1566 1610
1567 1568
1567 1609
1567 1610
1567 1611
1568 1569
1568 1610
1568 1611
1568 1612
1569 1570
1569 1611
1569 1612
1569 1613
1570 1571
1570 1612
1570 1613
1571 1572
1571 1613
1571 1614
1572 1573
1572 1614
1573 1614
1573 1615
1574 1575
1574 1615
1574 1616
1574 1617
1575 1576
1575 1616
1575 1617
1575 1618
1576 1577
1576 1617
1576 1618
1577 1578
1577 1618
1577 1619
1578 1579
1578 1619
1578 1620
1579 1580
1579 1619
1579 1620
1580 1581
1580 1620
1580 1621
1581 1582
1581 1621
1581 1622
1582 1583
1582 1621
1582 1622
1582 1623
1583 1584
1583 1622
1583 1623
1583 1624
1584 1585
1584 1623
1584 1624
1585 1624
1586 1587
1586 1625
1586 1626
1587 1625
1587 1626
1587 1627
1588 1589
1588 1627
1588 1628
1588 1629
1589 1590
1589 1628
1589 1629
1589 1630
1590 1591
1590 1629
1590 1630
1590 1631
1591 1592
1591 1630
1591 1631
1591 1632
1592 1593
1592 1631
1592 1632
1592 1633
1593 1594
1593 1632
1593 1633
1594 1595
1594 1633
1594 1634
1595 1596
1595 1634
1595 1635
1596 1597
1596 1634
1596 1635
1596 1636
1597 1598
1597 1635
1597 1636
1597 1637
1598 1636
1598 1637
1598 1638
1599 1600
1599 1638
1599 1639
1600 1601
1600 1639
1601 1602
1601 1640
1602 1603
1602 1640
1602 1641
1603 1640
1603 1641
1604 1605
1604 1642
1605 1642
1606 1607
1606 1643
1606 1644
1607 1643
1607 1644
1607 1645
1608 1609
1608 1646
1608 1647
1608 1648
1609 1610
1609 1647
1609 1648
1609 1649
1610 1611
1610 1648
1610 1649
1610 1650
1611 1612
1611 1649
1611 1650
1611 1651
1612 1613
1612 1650
1612 1651
1612 1652
1613 1651
1613 1652
1613 1653
1614 1653
1614 1654
1614 1655
1615 1616
1615 1655
1615 1656
1615 1657
1616 1617
1616 1656
1616 1657
1616 1658
1617 1618
1617 1657
1617 1658
1617 1659
1618 1658
1618 1659
1619 1620
1619 1660
1620 1660
1621 1622
1621 1661
1621 1662
1622 1623
1622 1661
1622 1662
1622 1663
1623 1624
1623 1662
1623 1663
1623 1664
1624 1663
1624 1664
1624 1665
1625 1626
1625 1666
1625 1667
1626 1627
1626 1667
1626 1668
1627 1628
1627 1668
1627 1669
1628 1629
1628 1668
1628 1669
1628 1670
1629 1630
1629 1669
1629 1670
1630 1631
1630 1670
1630 1671
1631 1632
1631 1671
1631 1672
1632 1633
1632 1671
1632 1672
1632 1673
1633 1672
1633 1673
1633 1674
1634 1635
1634 1674
1634 1675
1634 1676
1635 1636
1635 1675
1635 1676
1635 1677
1636 1637
1636 1676
1636 1677
1636 1678
1637 1638
1637 1677
1637 1678
1637 1679
1638 1639
1638 1678
1638 1679
1638 1680
1639 1679
1639 1680
1639 1681
1640 1641
1640 1682
1640 1683
1641 1682
1641 1683
1641 1684
1642 1685
1643 1644
1643 1686
1643 1687
1644 1645
1644 1686
1644 1687
1644 1688
1645 1646
1645 1687
1645 1688
1646 1647
1646 1688
1646 1689
1647 1648
1647 1689
1647 1690
1648 1649
1648 1689
1648 1690
1648 1691
1649 1650
1649 1690
1649 1691
1650 1651
1650 1691
1650 1692
1651 1652
1651 1692
1651 1693
1652 1653
1652 1692
1652 1693
1652 1694
1653 1654
1653 1693
1653 1694
1653 1695
1654 1655
1654 1694
1654 1695
1654 1696
1655 1656
1655 1695
1655 1696
1655 1697
1656 1657
1656 1696
1656 1697
1657 1658
1657 1697
1658 1659
1658 1698
1659 1698
1659 1699
1660 1700
1660 1701
1661 1662
1661 1702
1661 1703
1662 1663
1662 1702
1662 1703
1663 1664
1663 1703
1663 1704
1664 1665
1664 1704
1664 1705
1665 1666
1665 1704
1665 1705
1665 1706
1666 1667
1666 1705
1666 1706
1666 1707
1667 1706
1667 1707
1667 1708
1668 1669
1668 1708
1668 1709
1668 1710
1669 1670
1669 1709
1669 1710
1669 1711
1670 1710
1670 1711
1670 1712
1671 1672
1671 1712
1671 1713
1672 1673
1672 1713
1672 1714
1673 1674
1673 1713
1673 1714
1673 1715
1674 1675
1674 1714
1674 1715
1674 1716
1675 1676
1675 1715
1675 1716
1675 1717
1676 1677
1676 1716
1676 1717
1676 1718
1677 1678
1677 1717
1677 1718
1678 1679
1678 1718
1678 1719
1679 1680
1679 1719
1679 1720
1680 1681
1680 1719
1680 1720
1680 1721
1681 1720
1681 1721
1681 1722
1682 1683
1682 1722
1682 1723
1682 1724
1683 1684
1683 1723
1683 1724
1683 1725
1684 1685
1684 1724
1684 1725
1685 1725
1685 1726
1686 1687
1686 1727
1686 1728
1687 1688
1687 1727
1687 1728
1687 1729
1688 1728
1688 1729
1688 1730
1689 1690
1689 1730
1689 1731
1690 1691
1690 1731
1691 1732
1692 1693
1692 1732
1692 1733
1692 1734
1693 1694
1693 1733
1693 1734
1693 1735
1694 1695
1694 1734
1694 1735
1694 1736
1695 1696
1695 1735
1695 1736
1695 1737
1696 1697
1696 1736
1696 1737
1696 1738
1697 1737
1697 1738
1697 1739
1698 1699
1698 1740
1698 1741
1699 1700
1699 1741
1699 1742
1700 1701
1700 1741
1700 1742
1700 1743
1701 1742
1701 1743
1701 1744
1702 1703
1702 1744
1702 1745
1702 1746
1703 1745
1703 1746
1703 1747
1704 1705
1704 1747
1704 1748
1704 1749
1705 1706
1705 1748
1705 1749
1705 1750
1706 1707
1706 1749
1706 1750
1707 1708
1707 1750
1707 1751
1708 1709
1708 1751
1708 1752
1709 1710
1709 1751
1709 1752
1709 1753
1710 1711
1710 1752
1710 1753
1710 1754
1711 1712
1711 1753
1711 1754
1711 1755
1712 1754
1712 1755
1712 1756
1713 1714
1713 1756
1713 1757
1713 1758
1714 1715
1714 1757
1714 1758
1714 1759
1715 1716
1715 1758
1715 1759
1715 1760
1716 1717
1716 1759
1716 1760
1716 1761
1717 1718
1717 1760
1717 1761
1718 1761
1719 1720
1719 1762
1720 1721
1720 1762
1720 1763
1721 1722
1721 1763
1721 1764
1722 1723
1722 1763
1722 1764
1722 1765
1723 1724
1723 1764
1723 1765
1723 1766
1724 1725
1724 1765
1724 1766
1724 1767
1725 1766
1725 1767
1726 1768
1727 1728
1727 1769
1727 1770
1728 1729
1728 1769
1728 1770
1728 1771
1729 1730
1729 1770
1729 1771
1729 1772
1730 1731
1730 1771
1730 1772
1731 1772
1731 1773
1732 1733
1732 1774
1732 1775
1733 1734
1733 1775
1733 1776
1734 1735
1734 1775
1734 1776
1734 1777
1735 1736
1735 1776
1735 1777
1736 1737
1736 1777
1736 1778
1737 1738
1737 1778
1737 1779
1738 1739
1738 1778
1738 1779
1738 1780
1739 1740
1739 1779
1739 1780
1739 1781
1740 1780
1740 1781
1740 1782
1741 1742
1741 1782
1741 1783
1741 1784
1742 1743
1742 1783
1742 1784
1742 1785
1743 1744
1743 1784
1743 1785
1743 1786
1744 1745
1744 1785
1744 1786
1745 1746
1745 1786
1746 1747
1747 1748
1747 1787
1748 1749
1748 1787
1748 1788
1749 1750
1749 1787
1749 1788
1749 1789
1750 1788
1750 1789
1751 1752
1751 1790
1751 1791
1752 1753
1752 1790
1752 1791
1752 1792
1753 1754
1753 1791
1753 1792
1753 1793
1754 1755
1754 1792
1754 1793
1754 1794
1755 1756
1755 1793
1755 1794
1755 1795
1756 1757
1756 1794
1756 1795
1756 1796
1757 1758
1757 1795
1757 1796
1757 1797
1758 1759
1758 1796
1758 1797
1758 1798
1759 1760
1759 1797
1759 1798
1759 1799
1760 1761
1760 1798
1760 1799
1761 1799
1761 1800
1762 1801
1762 1802
1763 1764
1763 1802
1763 1803
1764 1765
1764 1803
1765 1766
1765 1803
1765 1804
1766 1767
1766 1804
1766 1805
1767 1804
1767 1805
1768 1806
1769 1770
1769 1807
1769 1808
1770 1771
1770 1807
1770 1808
1770 1809
1771 1772
1771 1808
1771 1809
1771 1810
1772 1809
1772 1810
1772 1811
1773 1774
1773 1811
1773 1812
1774 1812
1774 1813
1775 1776
1775 1813
1775 1814
1775 1815
1776 1777
1776 1814
1776 1815
1777 1815
1777 1816
1778 1779
1778 1816
1778 1817
1778 1818
1779 1780
1779 1817
1779 1818
1779 1819
1780 1781
1780 1818
1780 1819
1780 1820
1781 1782
1781 1819
1781 1820
1781 1821
1782 1783
1782 1820
1782 1821
1782 1822
1783 1784
1783 1821
1783 1822
1783 1823
1784 1785
1784 1822
1784 1823
1785 1786
1785 1823
1785 1824
1786 1824
1787 1788
1787 1826
1787 1827
1788 1789
1788 1827
1789 1827
1789 1828
1790 1791
1790 1828
1790 1829
1791 1792
1791 1829
1791 1830
1792 1793
1792 1829
1792 1830
1792 1831
1793 1794
1793 1830
1793 1831
1794 1795
1794 1831
1794 1832
1795 1796
1795 1832
1795 1833
1796 1797
1796 1832
1796 1833
1796 1834
1797 1798
1797 1833
1797 1834
1797 1835
1798 1799
1798 1834
1798 1835
1799 1835
1799 1836
1800 1801
1800 1836
1800 1837
1801 1837
1801 1838
1802 1838
1802 1839
1803 1840
1804 1805
1804 1841
1805 1841
1805 1842
1806 1842
1807 1808
1807 1843
1808 1809
1808 1843
1808 1844
1809 1810
1809 1844
1809 1845
1810 1811
1810 1844
1810 1845
1810 1846
1811 1845
1811 1846
1812 1813
1812 1847
1813 1814
1813 1847
1813 1848
1814 1815
1814 1848
1815 1848
1815 1849
1816 1817
1816 1849
1816 1850
1817 1818
1817 1850
1817 1851
1818 1819
1818 1850
1818 1851
1818 1852
1819 1820
1819 1851
1819 1852
1819 1853
1820 1821
1820 1852
1820 1853
1821 1822
1821 1853
1821 1854
1822 1823
1822 1854
1822 1855
1823 1854
1823 1855
1824 1856
1824 1857
1825 1826
1825 1857
1825 1858
1825 1859
1826 1858
1826 1859
1827 1860
1828 1861
1828 1862
1829 1830
1829 1862
1829 1863
1829 1864
1830 1831
1830 1863
1830 1864
1830 1865
1831 1864
1831 1865
1831 1866
1832 1833
1832 1866
1832 1867
1832 1868
1833 1834
1833 1867
1833 1868
1833 1869
1834 1835
1834 1868
1834 1869
1834 1870
1835 1869
1835 1870
1835 1871
1836 1871
1836 1872
1836 1873
1837 1838
1837 1873
1837 1874
1837 1875
1838 1839
1838 1874
1838 1875
1838 1876
1839 1875
1839 1876
1840 1877
1840 1878
1841 1842
1841 1879
1842 1879
1842 1880
1843 1881
1843 1882
1844 1845
1844 1882
1844 1883
1844 1884
1845 1846
1845 1883
1845 1884
1845 1885
1846 1884
1846 1885
1846 1886
1847 1886
1847 1887
1847 1888
1848 1888
1848 1889
1848 1890
1849 1890
1849 1891
1849 1892
1850 1851
1850 1892
1850 1893
1850 1894
1851 1852
1851 1893
1851 1894
1852 1853
1852 1894
1852 1895
1853 1895
1853 1896
1854 1855
1854 1896
1854 1897
1854 1898
1855 1897
1855 1898
1855 1899
1856 1857
1856 1899
1856 1900
1856 1901
1857 1858
1857 1900
1857 1901
1857 1902
1858 1859
1858 1901
1858 1902
1858 1903
1859 1902
1859 1903
1859 1904
1860 1904
1860 1905
1860 1906
1861 1862
1861 1906
1861 1907
1861 1908
1862 1863
1862 1907
1862 1908
1863 1864
1863 1908
1863 1909
1864 1865
1864 1909
1865 1866
1865 1909
1866 1867
1866 1910
1867 1868
1867 1910
1867 1911
1868 1869
1868 1910
1868 1911
1868 1912
1869 1870
1869 1911
1869 1912
1869 1913
1870 1871
1870 1912
1870 1913
1870 1914
1871 1872
1871 1913
1871 1914
1871 1915
1872 1873
1872 1914
1872 1915
1872 1916
1873 1874
1873 1915
1873 1916
1873 1917
1874 1875
1874 1916
1874 1917
1875 1876
1875 1917
1875 1918
1876 1918
1876 1919
1877 1878
1877 1919
1877 1920
1877 1921
1878 1920
1878 1921
1878 1922
1879 1880
1879 1923
1879 1924
1880 1924
1881 1882
1881 1925
1881 1926
1882 1883
1882 1925
1882 1926
1883 1884
1883 1926
1883 1927
1884 1885
1884 1927
1885 1886
1885 1927
1885 1928
1886 1887
1886 1928
1886 1929
1887 1888
1887 1928
1887 1929
1887 1930
1888 1889
1888 1929
1888 1930
1889 1890
1889 1930
1889 1931
1890 1891
1890 1931
1890 1932
1891 1892
1891 1931
1891 1932
1892 1893
1892 1932
1892 1933
1893 1894
1893 1933
1893 1934
1894 1933
1894 1934
1894 1935
1895 1896
1895 1935
1895 1936
1896 1897
1896 1936
1896 1937
1897 1898
1897 1936
1897 1937
1897 1938
1898 1899
1898 1937
1898 1938
1898 1939
1899 1900
1899 1938
1899 1939
1899 1940
1900 1901
1900 1939
1900 1940
1900 1941
1901 1902
1901 1940
1901 1941
1901 1942
1902 1903
1902 1941
1902 1942
1903 1904
1903 1942
1904 1905
1905 1906
1905 1943
1906 1907
1906 1943
1906 1944
1907 1908
1907 1943
1907 1944
1907 1945
1908 1944
1908 1945
1908 1946
1909 1946
1909 1947
1910 1911
1910 1948
1910 1949
1911 1912
1911 1949
1912 1913
1912 1949
1913 1914
1914 1915
1914 1950
1915 1916
1915 1950
1915 1951
1916 1917
1916 1950
1916 1951
1916 1952
1917 1951
1917 1952
1918 1919
1918 1953
1918 1954
1919 1920
1919 1953
1919 1954
1919 1955
1920 1921
1920 1954
1920 1955
1920 1956
1921 1922
1921 1955
1921 1956
1921 1957
1922 1923
1922 1956
1922 1957
1922 1958
1923 1924
1923 1957
1923 1958
1924 1958
1924 1959
1925 1926
1925 1960
1926 1960
1926 1961
1927 1961
1927 1962
1927 1963
1928 1929
1928 1963
1928 1964
1928 1965
1929 1930
1929 1964
1929 1965
1929 1966
1930 1965
1930 1966
1931 1932
1931 1967
1931 1968
1932 1967
1932 1968
1932 1969
1933 1934
1933 1969
1933 1970
1934 1935
1934 1970
1934 1971
1935 1970
1935 1971
1935 1972
1936 1937
1936 1972
1936 1973
1937 1938
1937 1973
1937 1974
1938 1939
1938 1974
1938 1975
1939 1940
1939 1974
1939 1975
1939 1976
1940 1941
1940 1975
1940 1976
1941 1942
1941 1976
1941 1977
1942 1977
1942 1978
1943 1944
1943 1979
1943 1980
1944 1945
1944 1980
1944 1981
1945 1946
1945 1981
1946 1947
1946 1981
1946 1982
1947 1982
1947 1983
1948 1983
1948 1984
1948 1985
1949 1985
1949 1986
1949 1987
1950 1951
1950 1989
1950 1990
1951 1952
1951 1989
1951 1990
1951 1991
1952 1990
1952 1991
1952 1992
1953 1954
1953 1992
1953 1993
1954 1955
1954 1993
1954 1994
1955 1956
1955 1994
1955 1995
1956 1957
1956 1994
1956 1995
1956 1996
1957 1958
1957 1995
1957 1996
1957 1997
1958 1996
1958 1997
1958 1998
1959 1998
1959 1999
1961 1962
1962 1963
1963 1964
1964 1965
1965 1966
1967 1968
1968 1969
1970 1971
1971 1972
1972 1973
1974 1975
1975 1976
1977 1978
1979 1980
1982 1983
1983 1984
1984 1985
1985 1986
1986 1987
1987 1988
1989 1990
1990 1991
1991 1992
1992 1993
1994 1995
1995 1996
1996 1997
1997 1998
1998 1999
