# FromNodeId	ToNodeId
0 1
0 24
0 25
1 2
1 24
1 25
2 25
2 26
3 26
3 27
3 28
4 29
4 30
5 6
5 31
5 32
6 31
6 32
6 33
7 8
7 33
7 34
7 35
8 9
8 34
8 35
8 36
9 35
9 36
9 37
10 38
10 39
10 40
11 12
11 40
11 41
11 42
12 13
12 41
12 42
13 14
13 42
13 43
14 15
14 43
14 44
15 16
15 43
15 44
16 44
16 45
17 18
17 45
17 46
17 47
18 19
18 46
18 47
18 48
19 20
19 47
19 48
20 21
20 48
21 22
21 49
22 49
22 50
23 50
23 51
24 25
24 52
24 53
25 52
25 53
25 54
26 27
26 54
26 55
26 56
27 28
27 55
27 56
28 56
28 57
29 30
29 57
29 58
29 59
30 58
30 59
30 60
31 32
31 60
31 61
31 62
32 33
32 61
32 62
32 63
33 34
33 62
33 63
33 64
34 35
34 63
34 64
34 65
35 36
35 64
35 65
35 66
36 37
36 65
36 66
36 67
37 38
37 66
37 67
38 39
38 67
38 68
39 40
39 68
39 69
40 41
40 68
40 69
40 70
41 42
41 69
41 70
41 71
42 70
42 71
42 72
43 44
43 72
43 73
43 74
44 73
44 74
44 75
45 46
45 75
45 76
45 77
46 47
46 76
46 77
46 78
47 48
47 77
47 78
47 79
48 78
48 79
49 50
49 80
49 81
50 51
50 80
50 81
50 82
51 81
51 82
52 53
52 83
52 84
53 54
53 83
53 84
53 85
54 55
54 84
54 85
54 86
55 56
55 85
55 86
55 87
56 86
56 87
56 88
57 58
57 88
57 89
58 59
58 89
59 60
59 89
59 90
60 61
60 90
60 91
61 62
61 90
61 91
61 92
62 63
62 91
62 92
62 93
63 64
63 92
63 93
63 94
64 65
64 93
64 94
64 95
65 66
65 94
65 95
65 96
66 67
66 95
66 96
66 97
67 96
67 97
67 98
68 69
68 98
68 99
69 70
69 99
70 71
70 99
70 100
71 72
71 100
72 73
72 100
73 74
73 101
74 75
74 101
74 102
75 76
75 101
75 102
75 103
76 77
76 102
76 103
76 104
77 78
77 103
77 104
78 79
78 104
78 105
79 105
79 106
80 81
80 107
80 108
81 82
81 108
81 109
82 109
83 84
83 110
83 111
84 85
84 110
84 111
84 112
85 86
85 111
85 112
85 113
86 87
86 112
86 113
86 114
87 88
87 113
87 114
87 115
88 114
88 115
88 116
89 116
89 117
90 91
90 117
90 118
90 119
91 92
91 118
91 119
91 120
92 93
92 119
92 120
92 121
93 94
93 120
93 121
93 122
94 95
94 121
94 122
94 123
95 96
95 122
95 123
95 124
96 97
96 123
96 124
97 98
97 124
97 125
98 125
98 126
99 126
99 127
99 128
100 128
100 129
100 130
101 102
101 131
101 132
101 133
102 103
102 132
102 133
102 134
103 104
103 133
103 134
104 134
104 135
105 106
105 135
105 136
105 137
106 107
106 136
106 137
106 138
107 108
107 137
107 138
107 139
108 138
108 139
108 140
109 140
109 141
110 111
110 142
111 112
111 142
111 143
112 113
112 143
112 144
113 114
113 143
113 144
113 145
114 115
114 144
114 145
114 146
115 116
115 145
115 146
116 146
117 118
117 147
118 119
118 147
118 148
119 120
119 147
119 148
119 149
120 121
120 148
120 149
121 122
121 149
122 123
123 124
123 150
124 150
124 151
125 126
125 151
125 152
126 127
126 152
127 128
127 152
127 153
128 129
128 153
128 154
129 130
129 153
129 154
129 155
130 131
130 154
130 155
130 156
131 132
131 155
131 156
132 133
132 156
132 157
133 134
133 157
133 158
134 157
134 158
134 159
135 136
135 159
135 160
135 161
136 137
136 160
136 161
136 162
137 138
137 161
137 162
137 163
138 139
138 162
138 163
138 164
139 140
139 163
139 164
140 141
140 164
140 165
141 165
142 166
142 167
143 144
143 167
143 168
143 169
144 145
144 168
144 169
144 170
145 146
145 169
145 170
145 171
146 170
146 171
146 172
147 148
147 174
147 175
147 176
148 149
148 175
148 176
148 177
149 176
149 177
149 178
150 151
150 179
151 179
152 180
152 181
153 154
153 181
153 182
153 183
154 155
154 182
154 183
154 184
155 156
155 183
155 184
155 185
156 184
156 185
156 186
157 158
157 186
157 187
157 188
158 159
158 187
158 188
158 189
159 160
159 188
159 189
159 190
160 161
160 189
160 190
160 191
161 162
161 190
161 191
161 192
162 163
162 191
162 192
162 193
163 164
163 192
163 193
163 194
164 193
164 194
164 195
165 195
165 196
166 167
166 197
166 198
167 168
167 197
167 198
167 199
168 169
168 198
168 199
168 200
169 170
169 199
169 200
170 171
170 200
170 201
171 172
171 201
171 202
172 173
172 201
172 202
172 203
173 174
173 202
173 203
173 204
174 175
174 203
174 204
175 176
175 204
175 205
176 177
176 205
176 206
177 178
177 205
177 206
178 206
178 207
179 209
179 210
180 181
180 210
180 211
180 212
181 182
181 211
181 212
181 213
182 183
182 212
182 213
182 214
183 184
183 213
183 214
183 215
184 185
184 214
184 215
184 216
185 186
185 215
185 216
186 187
186 216
186 217
187 188
187 217
188 189
188 217
188 218
189 190
189 218
189 219
190 191
190 218
190 219
190 220
191 192
191 219
191 220
191 221
192 193
192 220
192 221
192 222
193 194
193 221
193 222
193 223
194 195
194 222
194 223
194 224
195 196
195 223
195 224
195 225
196 224
196 225
197 198
197 226
198 199
198 226
198 227
199 200
199 226
199 227
199 228
200 227
200 228
200 229
201 202
201 229
201 230
201 231
202 203
202 230
202 231
203 204
203 231
203 232
204 232
205 206
205 233
205 234
206 233
206 234
206 235
207 208
207 235
209 210
209 236
210 211
210 236
210 237
211 212
211 236
211 237
211 238
212 213
212 237
212 238
212 239
213 214
213 238
213 239
213 240
214 215
214 239
214 240
215 216
215 240
215 241
216 241
216 242
217 242
217 243
217 244
218 219
218 244
218 245
219 220
219 245
219 246
220 221
220 246
220 247
221 222
221 246
221 247
221 248
222 223
222 247
222 248
222 249
223 224
223 248
223 249
224 225
224 249
224 250
225 250
226 227
226 251
226 252
226 253
227 228
227 252
227 253
227 254
228 229
228 253
228 254
228 255
229 230
229 254
229 255
229 256
230 231
230 255
230 256
230 257
231 256
231 257
232 258
233 234
233 258
233 259
233 260
234 235
234 259
234 260
235 260
235 261
236 237
236 264
236 265
237 238
237 265
237 266
238 239
238 265
238 266
238 267
239 240
239 266
239 267
239 268
240 267
240 268
240 269
241 242
241 269
241 270
242 243
242 270
242 271
243 244
243 271
243 272
244 245
244 271
244 272
244 273
245 272
245 273
245 274
246 247
246 274
247 248
248 249
248 275
249 275
250 276
251 252
252 253
253 254
254 255
254 277
255 256
255 277
255 278
256 257
256 277
256 278
256 279
257 278
257 279
257 280
258 259
258 281
258 282
258 283
259 260
259 282
259 283
259 284
260 283
260 284
260 285
261 262
261 285
261 286
261 287
262 263
262 286
262 287
262 288
263 264
263 287
263 288
263 289
264 288
264 289
265 266
265 290
265 291
266 267
266 290
266 291
266 292
267 268
267 291
267 292
267 293
268 269
268 292
268 293
268 294
269 270
269 293
269 294
269 295
270 294
270 295
270 296
271 272
271 296
271 297
272 273
272 297
272 298
273 274
273 297
273 298
273 299
274 298
274 299
274 300
275 302
275 303
276 303
276 304
277 278
277 307
277 308
277 309
278 279
278 308
278 309
278 310
279 280
279 309
279 310
279 311
280 281
280 310
280 311
280 312
281 282
281 311
281 312
281 313
282 283
282 312
282 313
282 314
283 284
283 313
283 314
284 285
284 314
284 315
285 286
285 315
286 287
286 315
286 316
287 288
287 316
287 317
288 289
288 316
288 317
288 318
289 317
289 318
289 319
290 291
290 319
290 320
291 292
291 320
291 321
292 293
292 320
292 321
292 322
293 294
293 321
293 322
293 323
294 295
294 322
294 323
295 296
295 323
295 324
296 324
296 325
297 298
297 325
297 326
297 327
298 299
298 326
298 327
298 328
299 300
299 327
299 328
300 301
300 328
300 329
301 302
301 329
301 330
302 329
302 330
303 304
303 331
303 332
304 331
304 332
305 333
305 334
306 307
306 334
306 335
306 336
307 308
307 335
307 336
307 337
308 309
308 336
308 337
308 338
309 310
309 337
309 338
309 339
310 311
310 338
310 339
310 340
311 312
311 339
311 340
311 341
312 313
312 340
312 341
312 342
313 314
313 341
313 342
313 343
314 342
314 343
316 317
316 344
317 318
317 344
317 345
318 319
318 345
318 346
319 345
319 346
320 321
320 347
320 348
321 322
321 347
321 348
322 323
322 348
323 349
324 325
324 349
324 350
325 326
325 350
325 351
326 327
326 351
326 352
327 328
327 351
327 352
327 353
328 352
328 353
328 354
329 330
329 354
329 355
329 356
330 355
330 356
330 357
331 332
331 357
331 358
331 359
332 358
332 359
333 334
333 360
334 335
334 360
334 361
335 336
335 361
335 362
336 337
336 361
336 362
336 363
337 338
337 362
337 363
337 364
338 339
338 363
338 364
339 340
339 364
340 341
340 365
341 342
341 365
341 366
342 343
342 365
342 366
342 367
343 366
343 367
343 368
344 370
344 371
345 346
345 371
345 372
345 373
346 372
346 373
346 374
347 348
347 374
347 375
347 376
348 375
348 376
348 377
349 350
349 378
349 379
350 378
350 379
350 380
351 352
351 380
351 381
351 382
352 353
352 381
352 382
352 383
353 354
353 382
353 383
353 384
354 355
354 383
354 384
354 385
355 356
355 384
355 385
355 386
356 357
356 385
356 386
356 387
357 358
357 386
357 387
357 388
358 359
358 387
358 388
358 389
359 388
359 389
360 390
360 391
361 362
361 391
361 392
361 393
362 363
362 392
362 393
362 394
363 364
363 393
363 394
363 395
364 394
364 395
365 366
365 396
365 397
366 367
366 397
366 398
367 368
367 398
367 399
368 369
368 398
368 399
368 400
369 399
369 400
370 371
370 401
370 402
371 372
371 401
371 402
371 403
372 373
372 402
372 403
373 374
373 403
373 404
374 375
374 404
374 405
375 376
375 404
375 405
375 406
376 377
376 405
376 406
377 406
377 407
378 379
378 407
379 380
380 381
380 408
381 382
381 408
381 409
382 383
382 408
382 409
382 410
383 384
383 409
383 410
383 411
384 385
384 410
384 411
385 386
385 411
385 412
386 387
386 412
386 413
387 388
387 412
387 413
388 389
388 413
388 414
389 414
390 391
390 415
390 416
391 392
391 415
391 416
391 417
392 393
392 416
392 417
393 394
393 417
393 418
394 395
394 418
394 419
395 418
395 419
395 420
396 397
396 420
396 421
396 422
397 421
397 422
398 399
398 423
398 424
399 400
399 423
399 424
399 425
400 424
400 425
400 426
401 402
401 426
401 427
401 428
402 403
402 427
402 428
402 429
403 428
403 429
403 430
404 405
404 430
404 431
404 432
405 406
405 431
405 432
405 433
406 432
406 433
406 434
407 434
407 435
407 436
408 409
408 437
408 438
408 439
409 410
409 438
409 439
410 411
410 439
410 440
411 440
411 441
412 413
412 441
412 442
412 443
413 442
413 443
415 416
415 444
415 445
416 417
416 444
416 445
416 446
417 445
417 446
417 447
418 419
418 447
418 448
419 420
419 448
419 449
420 421
420 449
420 450
421 422
421 449
421 450
422 450
422 451
423 424
423 451
423 452
424 425
424 452
425 426
425 453
426 427
426 453
426 454
427 428
427 453
427 454
427 455
428 429
428 454
428 455
428 456
429 430
429 455
429 456
429 457
430 431
430 456
430 457
430 458
431 432
431 457
431 458
431 459
432 433
432 458
432 459
432 460
433 434
433 459
433 460
433 461
434 435
434 460
434 461
434 462
435 436
435 461
435 462
435 463
436 462
436 463
437 438
437 464
437 465
438 439
438 464
438 465
439 465
439 466
440 441
440 466
440 467
441 442
441 467
442 443
442 468
443 468
444 445
444 470
444 471
445 446
445 470
445 471
445 472
446 447
446 471
446 472
446 473
447 448
447 472
447 473
447 474
448 473
448 474
448 475
449 450
449 475
449 476
449 477
450 476
450 477
450 478
451 452
451 478
451 479
452 479
452 480
453 454
453 481
453 482
453 483
454 455
454 482
454 483
454 484
455 456
455 483
455 484
455 485
456 457
456 484
456 485
456 486
457 458
457 485
457 486
457 487
458 459
458 486
458 487
459 460
459 487
459 488
460 461
460 488
461 462
461 488
461 489
462 463
462 489
462 490
463 489
463 490
463 491
464 465
464 491
464 492
465 492
465 493
466 467
466 493
466 494
467 494
467 495
468 496
469 497
470 471
470 498
470 499
471 472
471 498
471 499
472 473
472 499
472 500
473 474
473 500
473 501
474 475
474 500
474 501
475 476
475 501
476 477
476 502
477 478
477 502
477 503
478 502
478 503
478 504
479 480
479 504
479 505
479 506
480 481
480 505
480 506
480 507
481 482
481 506
481 507
481 508
482 483
482 507
482 508
482 509
483 484
483 508
483 509
483 510
484 485
484 509
484 510
484 511
485 486
485 510
485 511
485 512
486 487
486 511
486 512
486 513
487 512
487 513
487 514
488 514
488 515
488 516
489 490
489 516
489 517
489 518
490 491
490 517
490 518
490 519
491 492
491 518
491 519
491 520
492 519
492 520
492 521
493 494
493 521
493 522
493 523
494 522
494 523
494 524
495 524
495 525
495 526
496 526
496 527
496 528
497 528
498 499
498 529
498 530
499 529
499 530
499 531
500 501
500 531
500 532
501 532
501 533
502 503
502 534
502 535
503 504
503 535
503 536
504 505
504 535
504 536
504 537
505 506
505 536
505 537
505 538
506 507
506 537
506 538
506 539
507 508
507 538
507 539
507 540
508 509
508 539
508 540
509 510
509 540
510 511
510 541
511 512
511 541
511 542
512 513
512 541
512 542
513 514
513 542
513 543
514 515
514 543
515 516
515 543
515 544
516 517
516 544
516 545
517 518
517 544
517 545
517 546
518 519
518 545
518 546
518 547
519 520
519 546
519 547
519 548
520 521
520 547
520 548
520 549
521 522
521 548
521 549
522 523
522 549
522 550
523 524
523 550
523 551
524 525
524 550
524 551
524 552
525 526
525 551
525 552
525 553
526 527
526 552
526 553
526 554
527 528
527 553
527 554
527 555
528 554
528 555
528 556
529 530
529 557
530 531
530 557
530 558
531 557
531 558
531 559
532 533
532 559
532 560
532 561
533 534
533 560
533 561
533 562
534 561
534 562
534 563
535 536
535 563
535 564
536 537
536 564
536 565
537 538
537 564
537 565
537 566
538 539
538 565
538 566
538 567
539 540
539 566
539 567
539 568
540 567
540 568
540 569
541 542
541 570
541 571
542 571
542 572
543 572
543 573
544 545
544 573
545 546
545 574
546 547
546 574
546 575
547 548
547 574
547 575
547 576
548 549
548 575
548 576
548 577
549 576
549 577
549 578
550 551
550 578
550 579
550 580
551 552
551 579
551 580
551 581
552 553
552 580
552 581
553 554
553 581
553 582
554 555
554 582
554 583
555 556
555 582
555 583
555 584
556 583
556 584
557 558
557 585
557 586
557 587
558 559
558 586
558 587
558 588
559 560
559 587
559 588
559 589
560 561
560 588
560 589
560 590
561 562
561 589
561 590
562 563
562 590
563 591
564 565
564 591
564 592
564 593
565 566
565 592
565 593
565 594
566 567
566 593
566 594
567 568
567 594
567 595
568 569
568 595
568 596
569 570
569 595
569 596
569 597
570 596
570 597
570 598
571 572
571 598
571 599
572 599
573 600
574 575
574 601
574 602
575 576
575 602
575 603
576 577
576 602
576 603
576 604
577 578
577 603
577 604
578 579
578 604
578 605
579 580
579 605
580 581
580 605
581 606
582 583
582 606
582 607
582 608
583 584
583 607
583 608
583 609
584 608
584 609
585 586
585 610
586 587
586 610
586 611
587 588
587 611
587 612
588 589
588 611
588 612
589 590
589 612
589 613
590 613
590 614
591 592
591 615
591 616
592 593
592 616
592 617
593 594
593 616
593 617
593 618
594 617
594 618
594 619
595 596
595 619
595 620
596 597
596 620
597 598
597 620
597 621
598 599
598 621
598 622
599 621
599 622
600 601
600 623
600 624
601 624
601 625
602 603
602 625
602 626
603 604
603 626
603 627
604 627
604 628
605 628
605 629
605 630
606 607
606 631
606 632
607 608
607 632
607 633
608 609
608 632
608 633
609 633
610 634
610 635
611 612
611 635
611 636
611 637
612 636
612 637
613 614
613 638
614 615
614 638
614 639
615 639
616 617
616 640
616 641
617 618
617 640
617 641
617 642
618 619
618 641
618 642
618 643
619 642
619 643
620 644
620 645
621 622
621 645
621 646
621 647
622 646
622 647
622 648
623 649
623 650
624 625
624 650
624 651
625 626
625 651
625 652
626 652
627 628
627 653
627 654
628 629
628 653
628 654
628 655
629 630
629 654
629 655
629 656
630 631
630 655
630 656
630 657
631 656
631 657
632 633
632 658
632 659
633 658
633 659
633 660
634 635
634 661
634 662
635 636
635 661
635 662
635 663
636 637
636 662
636 663
636 664
637 663
637 664
637 665
638 665
638 666
638 667
639 667
639 668
639 669
640 641
640 669
640 670
640 671
641 642
641 670
641 671
641 672
642 643
642 671
642 672
642 673
643 672
643 673
644 645
644 674
645 646
645 674
645 675
646 647
646 675
646 676
647 648
647 675
647 676
647 677
648 649
648 676
648 677
648 678
649 677
649 678
650 651
652 679
652 680
653 654
653 680
653 681
653 682
654 655
654 681
654 682
654 683
655 656
655 682
655 683
655 684
656 657
656 683
656 684
656 685
657 684
657 685
657 686
658 659
658 686
658 687
658 688
659 660
659 687
659 688
659 689
660 688
660 689
661 662
661 690
661 691
662 663
662 690
662 691
662 692
663 664
663 691
663 692
663 693
664 665
664 692
664 693
664 694
665 666
665 693
665 694
665 695
666 667
666 694
666 695
666 696
667 668
667 695
667 696
667 697
668 669
668 696
668 697
668 698
669 670
669 697
669 698
669 699
670 671
670 698
670 699
670 700
671 672
671 699
671 700
671 701
672 673
672 700
672 701
673 701
673 702
674 702
674 703
674 704
675 676
675 704
675 705
675 706
676 677
676 705
676 706
676 707
677 678
677 706
677 707
678 707
678 708
679 680
679 710
679 711
680 681
680 711
680 712
681 682
681 712
681 713
682 683
682 712
682 713
682 714
683 684
683 713
683 714
683 715
684 685
684 714
684 715
684 716
685 686
685 715
685 716
685 717
686 687
686 716
686 717
686 718
687 688
687 717
687 718
688 689
688 718
688 719
689 719
690 691
690 720
691 692
691 720
692 693
692 720
692 721
693 694
693 721
693 722
694 695
694 721
694 722
694 723
695 696
695 722
695 723
695 724
696 697
696 723
696 724
696 725
697 698
697 724
697 725
697 726
698 699
698 725
698 726
699 700
699 726
699 727
700 701
700 727
700 728
701 727
701 728
701 729
702 703
702 729
702 730
703 704
703 730
703 731
704 705
704 731
705 706
705 731
705 732
706 707
706 732
706 733
707 732
707 733
707 734
708 709
708 734
708 735
708 736
709 735
709 736
709 737
710 711
710 737
710 738
710 739
711 738
711 739
711 740
712 713
712 740
712 741
713 714
713 741
713 742
714 715
714 742
714 743
715 716
715 742
715 743
715 744
716 717
716 743
716 744
716 745
717 718
717 744
717 745
717 746
718 745
718 746
718 747
719 747
719 748
720 749
720 750
720 751
721 722
721 751
721 752
721 753
722 723
722 752
722 753
723 724
723 753
723 754
724 725
724 754
724 755
725 726
725 754
725 755
725 756
726 755
726 756
726 757
727 728
727 757
727 758
727 759
728 729
728 758
728 759
728 760
729 730
729 759
729 760
730 760
730 761
731 761
731 762
731 763
732 733
732 763
732 764
732 765
733 734
733 764
733 765
734 735
734 765
734 766
735 736
735 766
735 767
736 737
736 766
736 767
736 768
737 738
737 767
737 768
737 769
738 739
738 768
738 769
738 770
739 740
739 769
739 770
740 741
740 770
740 771
741 771
741 772
742 743
742 772
742 773
742 774
743 744
743 773
743 774
743 775
744 745
744 774
744 775
745 746
745 775
745 776
746 747
746 776
746 777
747 748
747 776
747 777
747 778
748 777
748 778
749 750
749 779
750 751
750 779
750 780
751 752
751 780
751 781
752 753
752 780
752 781
752 782
753 781
753 782
753 783
754 755
754 783
754 784
754 785
755 756
755 784
755 785
755 786
756 757
756 785
756 786
756 787
757 758
757 786
757 787
757 788
758 759
758 787
758 788
759 760
759 788
759 789
760 789
760 790
761 762
761 790
761 791
762 763
762 791
762 792
763 764
763 792
763 793
764 765
764 792
764 793
764 794
765 793
765 794
765 795
766 767
766 795
767 768
768 769
768 796
769 770
769 796
770 796
770 797
771 772
771 797
771 798
771 799
772 773
772 798
772 799
772 800
773 774
773 799
773 800
774 775
774 800
775 801
776 777
776 801
776 802
776 803
777 778
777 802
777 803
777 804
778 803
778 804
779 805
779 806
780 781
780 806
780 807
781 782
781 807
781 808
782 783
782 808
782 809
783 784
783 808
783 809
783 810
784 785
784 809
784 810
784 811
785 786
785 810
785 811
786 787
786 811
787 788
787 812
788 812
788 813
789 790
789 813
789 814
789 815
790 791
790 814
790 815
790 816
791 815
791 816
791 817
792 793
792 817
792 818
792 819
793 794
793 818
793 819
793 820
794 795
794 819
794 820
795 820
795 821
796 823
796 824
797 798
797 824
797 825
797 826
798 799
798 825
798 826
798 827
799 800
799 826
799 827
799 828
800 827
800 828
800 829
801 802
802 803
803 804
803 830
804 830
805 806
805 831
806 807
806 831
806 832
807 831
807 832
807 833
808 809
808 833
808 834
808 835
809 810
809 834
809 835
810 811
810 835
810 836
811 836
811 837
812 813
812 838
812 839
812 840
813 814
813 839
813 840
813 841
814 815
814 840
814 841
814 842
815 816
815 841
815 842
815 843
816 817
816 842
816 843
816 844
817 818
817 843
817 844
817 845
818 819
818 844
818 845
818 846
819 820
819 845
819 846
819 847
820 846
820 847
820 848
821 822
821 848
821 849
821 850
822 823
822 849
822 850
822 851
823 850
823 851
823 852
824 825
824 852
824 853
825 826
825 853
825 854
826 827
826 854
826 855
827 828
827 854
827 855
827 856
828 829
828 855
828 856
828 857
829 856
829 857
829 858
830 861
831 832
831 862
831 863
831 864
832 833
832 863
832 864
832 865
833 834
833 864
833 865
833 866
834 835
834 865
834 866
834 867
835 866
835 867
836 837
836 868
836 869
837 838
837 868
837 869
837 870
838 839
838 869
838 870
839 840
839 870
839 871
840 841
840 871
840 872
841 842
841 871
841 872
841 873
842 843
842 872
842 873
842 874
843 844
843 873
843 874
843 875
844 845
844 874
844 875
844 876
845 846
845 875
845 876
845 877
846 847
846 876
846 877
846 878
847 848
847 877
847 878
847 879
848 849
848 878
848 879
848 880
849 850
849 879
849 880
849 881
850 851
850 880
850 881
850 882
851 852
851 881
851 882
852 853
852 882
852 883
853 883
853 884
854 855
854 884
854 885
855 856
855 885
856 857
856 885
856 886
857 858
857 886
857 887
858 859
858 886
858 887
858 888
859 860
859 887
859 888
860 888
860 889
861 889
861 890
862 863
862 891
862 892
863 864
863 891
863 892
864 865
864 892
864 893
865 866
865 893
865 894
866 867
866 893
866 894
866 895
867 894
867 895
868 869
868 896
869 870
869 896
869 897
870 897
870 898
871 872
871 898
871 899
871 900
872 873
872 899
872 900
872 901
873 874
873 900
873 901
873 902
874 875
874 901
874 902
874 903
875 876
875 902
875 903
875 904
876 877
876 903
876 904
876 905
877 878
877 904
877 905
878 879
878 905
878 906
879 880
879 906
879 907
880 881
880 906
880 907
880 908
881 882
881 907
881 908
881 909
882 908
882 909
882 910
883 884
883 910
883 911
883 912
884 911
884 912
884 913
885 913
885 914
885 915
886 887
886 915
886 916
886 917
887 888
887 916
887 917
888 917
888 918
889 890
889 918
889 919
889 920
890 919
890 920
891 892
891 921
891 922
892 921
892 922
892 923
893 894
893 923
893 924
893 925
894 895
894 924
894 925
894 926
895 925
895 926
895 927
896 927
896 928
896 929
897 898
897 929
897 930
897 931
898 899
898 930
898 931
899 900
899 931
899 932
900 901
900 932
900 933
901 902
901 932
901 933
901 934
902 903
902 933
902 934
902 935
903 904
903 934
903 935
903 936
904 905
904 935
904 936
904 937
905 936
905 937
905 938
906 907
906 938
906 939
907 908
907 939
907 940
908 909
908 939
908 940
908 941
909 910
909 940
909 941
909 942
910 911
910 941
910 942
910 943
911 912
911 942
911 943
911 944
912 913
912 943
912 944
913 914
913 944
914 915
914 945
915 916
915 945
915 946
916 917
916 945
916 946
916 947
917 946
917 947
917 948
918 919
918 948
918 949
918 950
919 920
919 949
919 950
919 951
920 950
920 951
921 922
921 952
921 953
922 923
922 952
922 953
923 924
923 953
923 954
924 925
924 954
924 955
925 926
925 954
925 955
925 956
926 927
926 955
926 956
926 957
927 928
927 956
927 957
927 958
928 929
928 957
928 958
928 959
929 930
929 958
929 959
929 960
930 931
930 959
930 960
930 961
931 960
931 961
931 962
932 933
932 962
932 963
932 964
933 934
933 963
933 964
934 935
934 964
934 965
935 936
935 965
935 966
936 937
936 965
936 966
937 938
937 966
937 967
938 967
939 940
939 968
939 969
940 941
940 968
940 969
940 970
941 942
941 969
941 970
941 971
942 943
942 970
942 971
943 944
943 971
943 972
944 972
944 973
945 946
945 974
945 975
945 976
946 947
946 975
946 976
946 977
947 948
947 976
947 977
947 978
948 949
948 977
948 978
949 950
949 978
950 951
950 979
951 979
952 953
954 955
955 956
956 957
957 958
958 959
959 960
960 961
961 962
962 963
963 964
965 966
968 969
969 970
970 971
972 973
973 974
974 975
975 976
976 977
977 978
