# FromNodeId	ToNodeId
0 1
0 36
1 2
1 36
2 37
3 4
3 37
3 38
3 39
4 5
4 38
4 39
5 39
5 40
6 41
7 8
7 42
7 43
8 9
8 42
8 43
8 44
9 10
9 43
9 44
10 44
10 45
11 12
11 46
11 47
12 13
12 46
12 47
13 14
13 47
13 48
14 48
14 49
15 16
15 49
15 50
15 51
16 17
16 50
16 51
16 52
17 51
17 52
17 53
18 19
18 53
18 54
18 55
19 20
19 54
19 55
19 56
20 21
20 55
20 56
20 57
21 22
21 56
21 57
21 58
22 23
22 57
22 58
22 59
23 24
23 58
23 59
23 60
24 25
24 59
24 60
24 61
25 26
25 60
25 61
25 62
26 27
26 61
26 62
26 63
27 28
27 62
27 63
27 64
28 29
28 63
28 64
28 65
29 64
29 65
29 66
30 31
30 66
30 67
31 32
31 67
31 68
32 33
32 67
32 68
32 69
33 34
33 68
33 69
33 70
34 35
34 69
34 70
34 71
35 70
35 71
36 72
37 38
37 73
37 74
37 75
38 39
38 74
38 75
38 76
39 75
39 76
40 41
40 77
40 78
41 77
41 78
41 79
42 43
42 80
42 81
43 44
43 81
44 82
45 82
45 83
45 84
46 47
46 84
46 85
47 85
48 49
48 86
49 50
49 86
49 87
50 51
50 86
50 87
50 88
51 52
51 87
51 88
51 89
52 53
52 88
52 89
52 90
53 54
53 89
53 90
53 91
54 55
54 90
54 91
54 92
55 56
55 91
55 92
55 93
56 57
56 92
56 93
56 94
57 58
57 93
57 94
57 95
58 59
58 94
58 95
58 96
59 60
59 95
59 96
59 97
60 61
60 96
60 97
60 98
61 62
61 97
61 98
61 99
62 63
62 98
62 99
62 100
63 64
63 99
63 100
63 101
64 65
64 100
64 101
65 66
65 101
67 68
67 102
67 103
68 69
68 102
68 103
68 104
69 70
69 103
69 104
69 105
70 71
70 104
70 105
71 105
72 106
73 74
73 106
73 107
74 75
74 107
74 108
75 76
75 107
75 108
76 108
76 109
77 78
77 109
77 110
77 111
78 79
78 110
78 111
78 112
79 80
79 111
79 112
80 81
80 112
80 113
81 113
81 114
82 83
82 115
82 116
83 84
83 116
84 85
84 117
85 117
85 118
86 87
86 120
86 121
87 88
87 121
87 122
88 89
88 122
88 123
89 90
89 122
89 123
89 124
90 91
90 123
90 124
90 125
91 92
91 124
91 125
92 93
92 125
92 126
93 94
93 126
93 127
94 95
94 126
94 127
94 128
95 96
95 127
95 128
95 129
96 97
96 128
96 129
96 130
97 98
97 129
97 130
98 99
98 130
98 131
99 100
99 131
99 132
100 101
100 131
100 132
100 133
101 132
101 133
101 134
102 103
102 136
102 137
102 138
103 104
103 137
103 138
103 139
104 105
104 138
104 139
104 140
105 139
105 140
105 141
106 142
106 143
107 108
107 143
107 144
108 144
108 145
109 110
109 145
109 146
109 147
110 111
110 146
110 147
110 148
111 112
111 147
111 148
111 149
112 148
112 149
112 150
113 114
113 150
113 151
113 152
114 115
114 151
114 152
114 153
115 116
115 152
115 153
115 154
116 153
116 154
117 118
117 155
117 156
118 119
118 156
118 157
119 120
119 157
119 158
120 121
120 157
120 158
120 159
121 158
121 159
121 160
122 123
122 160
122 161
122 162
123 124
123 161
123 162
123 163
124 125
124 162
124 163
124 164
125 163
125 164
125 165
126 127
126 165
126 166
127 128
127 166
127 167
128 129
128 167
129 130
129 167
129 168
130 168
131 132
131 169
131 170
132 133
132 169
132 170
132 171
133 134
133 170
133 171
133 172
134 135
134 171
134 172
135 136
135 172
135 173
136 137
136 173
136 174
137 138
137 173
137 174
137 175
138 139
138 174
138 175
138 176
139 140
139 175
139 176
139 177
140 141
140 176
140 177
140 178
141 177
141 178
142 179
142 180
143 180
143 181
143 182
144 145
144 182
144 183
144 184
145 146
145 183
145 184
145 185
146 147
146 184
146 185
146 186
147 148
147 185
147 186
148 149
148 186
148 187
149 150
149 187
150 151
150 187
150 188
151 152
151 188
151 189
152 153
152 188
152 189
152 190
153 154
153 189
153 190
153 191
154 190
154 191
154 192
155 156
155 192
155 193
155 194
156 193
156 194
156 195
157 158
157 195
157 196
157 197
158 159
158 196
158 197
159 160
159 197
159 198
160 161
160 198
161 162
161 198
162 163
162 199
163 164
163 199
163 200
164 165
164 199
164 200
164 201
165 166
165 200
165 201
165 202
166 201
166 202
166 203
167 203
167 204
167 205
168 205
168 206
169 170
169 206
169 207
170 171
170 207
170 208
171 172
171 207
171 208
171 209
172 208
172 209
173 174
173 210
173 211
174 175
174 210
174 211
174 212
175 176
175 211
175 212
175 213
176 177
176 212
176 213
176 214
177 178
177 213
177 214
177 215
178 214
178 215
179 180
179 216
180 181
180 216
180 217
181 182
181 216
181 217
181 218
182 183
182 217
182 218
182 219
183 184
183 218
183 219
183 220
184 185
184 219
184 220
184 221
185 186
185 220
185 221
185 222
186 221
186 222
187 223
188 189
188 224
188 225
189 190
189 224
189 225
189 226
190 191
190 225
190 226
191 192
191 226
191 227
192 193
192 227
192 228
193 194
193 227
193 228
193 229
194 195
194 228
194 229
195 196
195 229
195 230
196 197
196 230
197 230
198 231
199 200
199 232
199 233
199 234
200 201
200 233
200 234
200 235
201 202
201 234
201 235
201 236
202 203
202 235
202 236
202 237
203 204
203 236
203 237
203 238
204 205
204 237
204 238
204 239
205 238
205 239
205 240
206 240
206 241
206 242
207 208
207 242
207 243
207 244
208 209
208 243
208 244
208 245
209 244
209 245
209 246
210 211
210 246
210 247
210 248
211 212
211 247
211 248
211 249
212 213
212 248
212 249
212 250
213 214
213 249
213 250
214 215
214 250
214 251
215 251
216 217
216 252
217 218
217 253
218 219
218 253
218 254
219 220
219 253
219 254
219 255
220 221
220 254
220 255
220 256
221 222
221 255
221 256
222 256
222 257
223 257
223 258
223 259
224 225
224 259
224 260
224 261
225 226
225 260
225 261
225 262
226 261
226 262
226 263
227 228
227 263
227 264
227 265
228 229
228 264
228 265
228 266
229 265
229 266
229 267
230 267
230 268
230 269
231 232
231 271
231 272
231 273
232 233
232 272
232 273
232 274
233 234
233 273
233 274
233 275
234 235
234 274
234 275
234 276
235 236
235 275
235 276
236 237
236 276
236 277
237 238
237 277
238 239
238 277
238 278
239 240
239 278
240 241
240 278
241 242
241 279
242 243
242 279
243 244
243 279
244 245
244 280
245 246
245 280
245 281
246 247
246 280
246 281
247 248
247 281
247 282
248 249
248 282
248 283
249 250
249 282
249 283
250 283
250 284
251 284
251 285
252 286
252 287
253 254
253 288
253 289
253 290
254 255
254 289
254 290
254 291
255 256
255 290
255 291
255 292
256 291
256 292
257 258
257 293
258 259
258 293
258 294
259 260
259 293
259 294
259 295
260 261
260 294
260 295
260 296
261 262
261 295
261 296
261 297
262 263
262 296
262 297
262 298
263 264
263 297
263 298
263 299
264 265
264 298
264 299
264 300
265 266
265 299
265 300
265 301
266 267
266 300
266 301
266 302
267 268
267 301
267 302
267 303
268 269
268 302
268 303
269 270
269 303
269 304
270 271
270 304
270 305
271 272
271 304
271 305
271 306
272 273
272 305
272 306
272 307
273 274
273 306
273 307
273 308
274 275
274 307
274 308
275 276
275 308
276 309
277 309
277 310
277 311
278 311
278 312
278 313
279 314
279 315
279 316
280 281
280 317
280 318
281 318
281 319
282 283
282 319
283 320
284 285
284 320
284 321
284 322
285 321
285 322
286 287
286 323
286 324
287 288
287 323
287 324
287 325
288 289
288 324
288 325
289 290
289 325
289 326
290 291
290 326
290 327
291 292
291 326
291 327
291 328
292 327
292 328
292 329
293 294
293 330
293 331
294 295
294 331
295 296
296 297
296 332
297 298
297 332
297 333
298 299
298 332
298 333
298 334
299 300
299 333
299 334
299 335
300 301
300 334
300 335
300 336
301 302
301 335
301 336
301 337
302 303
302 336
302 337
302 338
303 337
303 338
303 339
304 305
304 339
304 340
304 341
305 306
305 340
305 341
305 342
306 307
306 341
306 342
306 343
307 308
307 342
307 343
307 344
308 343
308 344
308 345
309 310
309 346
309 347
309 348
310 311
310 347
310 348
310 349
311 312
311 348
311 349
311 350
312 313
312 349
312 350
312 351
313 314
313 350
313 351
314 315
314 351
315 316
315 352
316 317
316 352
316 353
317 352
317 353
317 354
318 319
318 354
318 355
318 356
319 355
319 356
319 357
320 321
320 358
320 359
321 322
321 358
321 359
321 360
322 359
322 360
323 324
323 361
324 325
324 361
324 362
325 362
326 327
326 363
327 328
327 363
327 364
328 329
328 364
328 365
329 330
329 364
329 365
329 366
330 331
330 365
330 366
330 367
331 366
331 367
331 368
332 333
332 370
332 371
332 372
333 334
333 371
333 372
333 373
334 335
334 372
334 373
334 374
335 336
335 373
335 374
336 337
336 374
336 375
337 338
337 375
337 376
338 339
338 375
338 376
339 340
339 376
339 377
340 341
340 377
340 378
341 342
341 377
341 378
341 379
342 343
342 378
342 379
343 344
343 379
343 380
344 345
344 380
344 381
345 346
345 380
345 381
345 382
346 347
346 381
346 382
347 348
347 382
347 383
348 349
348 383
348 384
349 350
349 383
349 384
349 385
350 351
350 384
350 385
350 386
351 385
351 386
351 387
352 353
352 388
352 389
352 390
353 354
353 389
353 390
353 391
354 355
354 390
354 391
354 392
355 356
355 391
355 392
355 393
356 357
356 392
356 393
357 393
358 359
358 394
358 395
359 360
359 394
359 395
359 396
360 395
360 396
361 397
361 398
362 398
362 399
362 400
363 400
363 401
364 365
364 402
364 403
365 366
365 402
365 403
366 367
366 403
366 404
367 368
367 404
367 405
368 369
368 404
368 405
368 406
369 370
369 405
369 406
369 407
370 371
370 406
370 407
370 408
371 372
371 407
371 408
371 409
372 373
372 408
372 409
373 374
373 409
373 410
374 410
374 411
375 376
375 411
375 412
375 413
376 412
376 413
376 414
377 378
377 414
377 415
378 379
378 415
378 416
379 415
379 416
379 417
380 381
380 417
380 418
380 419
381 382
381 418
381 419
381 420
382 419
382 420
382 421
383 384
383 421
383 422
384 385
384 422
384 423
385 386
385 422
385 423
385 424
386 387
386 423
386 424
386 425
387 388
387 424
387 425
387 426
388 389
388 425
388 426
388 427
389 390
389 426
389 427
389 428
390 391
390 427
390 428
390 429
391 392
391 428
391 429
391 430
392 393
392 429
392 430
392 431
393 430
393 431
393 432
394 395
394 433
394 434
394 435
395 396
395 434
395 435
395 436
396 435
396 436
397 398
397 437
398 399
398 437
398 438
399 400
399 438
400 401
400 438
400 439
401 439
402 403
402 440
402 441
403 440
403 441
403 442
404 405
404 442
404 443
405 406
405 443
405 444
406 407
406 443
406 444
406 445
407 408
407 444
407 445
407 446
408 409
408 445
408 446
408 447
409 446
409 447
409 448
410 411
410 448
410 449
411 412
411 449
411 450
412 413
412 450
413 414
413 450
413 451
414 451
414 452
415 416
415 452
415 453
415 454
416 417
416 453
416 454
416 455
417 418
417 454
417 455
417 456
418 419
418 455
418 456
418 457
419 420
419 456
419 457
419 458
420 421
420 457
420 458
420 459
421 458
421 459
421 460
422 423
422 460
422 461
422 462
423 424
423 461
423 462
423 463
424 425
424 462
424 463
424 464
425 426
425 463
425 464
425 465
426 427
426 464
426 465
426 466
427 428
427 465
427 466
427 467
428 429
428 466
428 467
428 468
429 430
429 467
429 468
429 469
430 431
430 468
430 469
430 470
431 432
431 469
431 470
431 471
432 433
432 470
432 471
432 472
433 434
433 471
433 472
433 473
434 435
434 472
434 473
434 474
435 436
435 473
435 474
435 475
436 474
436 475
437 476
437 477
438 477
438 478
439 478
439 479
439 480
440 441
440 480
440 481
441 442
441 481
441 482
442 482
443 444
443 483
443 484
444 445
444 483
444 484
444 485
445 446
445 484
445 485
445 486
446 447
446 485
446 486
446 487
447 448
447 486
447 487
447 488
448 449
448 487
448 488
448 489
449 488
449 489
450 490
450 491
451 452
451 491
451 492
452 453
452 492
452 493
453 454
453 492
453 493
453 494
454 455
454 493
454 494
454 495
455 456
455 494
455 495
455 496
456 457
456 495
456 496
456 497
457 458
457 496
457 497
457 498
458 459
458 497
458 498
458 499
459 460
459 498
459 499
459 500
460 461
460 499
460 500
460 501
461 462
461 500
461 501
461 502
462 463
462 501
462 502
462 503
463 464
463 502
463 503
463 504
464 465
464 503
464 504
464 505
465 466
465 504
465 505
465 506
466 467
466 505
466 506
466 507
467 468
467 506
467 507
467 508
468 469
468 507
468 508
469 470
469 508
469 509
470 471
470 509
470 510
471 472
471 509
471 510
471 511
472 473
472 510
472 511
473 474
473 511
473 512
474 475
474 512
474 513
475 512
475 513
476 477
476 514
476 515
477 514
477 515
477 516
478 479
478 516
478 517
478 518
479 480
479 517
479 518
480 481
480 518
481 519
482 519
482 520
482 521
483 484
483 521
483 522
484 485
484 522
484 523
485 486
485 522
485 523
485 524
486 487
486 523
486 524
486 525
487 488
487 524
487 525
487 526
488 489
488 525
488 526
488 527
489 526
489 527
490 491
490 528
490 529
491 528
491 529
491 530
492 493
492 530
492 531
492 532
493 494
493 531
493 532
493 533
494 495
494 532
494 533
494 534
495 496
495 533
495 534
495 535
496 497
496 534
496 535
497 498
497 535
497 536
498 499
498 536
498 537
499 500
499 536
499 537
499 538
500 501
500 537
500 538
501 502
501 538
501 539
502 503
502 539
503 504
503 539
503 540
504 505
504 540
504 541
505 506
505 540
505 541
506 507
506 541
506 542
507 508
507 542
507 543
508 542
508 543
508 544
509 510
509 544
509 545
509 546
510 511
510 545
510 546
510 547
511 546
511 547
511 548
512 513
512 548
512 549
512 550
513 549
513 550
514 515
514 551
514 552
515 516
515 551
515 552
516 517
516 552
516 553
517 518
517 553
517 554
518 553
518 554
519 520
519 555
519 556
520 521
520 556
520 557
521 556
521 557
521 558
522 523
522 558
522 559
522 560
523 524
523 559
523 560
523 561
524 525
524 560
524 561
525 526
525 561
525 562
526 527
526 562
526 563
527 562
527 563
527 564
528 529
528 564
528 565
529 530
529 565
529 566
530 531
530 566
530 567
531 532
531 566
531 567
531 568
532 533
532 567
532 568
532 569
533 534
533 568
533 569
533 570
534 535
534 569
534 570
534 571
535 570
535 571
536 537
536 572
537 538
537 572
537 573
538 573
538 574
539 574
539 575
539 576
540 541
540 576
540 577
540 578
541 577
541 578
541 579
542 543
542 579
542 580
542 581
543 544
543 580
543 581
543 582
544 545
544 581
544 582
544 583
545 546
545 582
545 583
545 584
546 547
546 583
546 584
546 585
547 548
547 584
547 585
547 586
548 549
548 585
548 586
548 587
549 550
549 586
549 587
549 588
550 587
550 588
551 552
551 589
552 589
552 590
553 554
553 590
553 591
553 592
554 591
554 592
554 593
555 593
555 594
556 557
556 594
556 595
557 558
557 595
557 596
558 559
558 595
558 596
558 597
559 560
559 596
559 597
560 561
560 597
560 598
561 598
562 563
563 564
563 599
564 565
564 599
564 600
565 599
565 600
565 601
566 567
566 601
566 602
566 603
567 568
567 602
567 603
568 569
568 603
568 604
569 570
569 604
569 605
570 571
570 604
570 605
570 606
571 605
571 606
571 607
572 607
572 608
572 609
573 574
573 609
573 610
573 611
574 575
574 610
574 611
574 612
575 576
575 611
575 612
575 613
576 577
576 612
576 613
576 614
577 578
577 613
577 614
577 615
578 579
578 614
578 615
579 580
579 615
579 616
580 581
580 616
580 617
581 582
581 616
581 617
582 583
582 617
582 618
583 584
583 618
583 619
584 585
584 618
584 619
584 620
585 586
585 619
585 620
586 587
586 620
586 621
587 588
587 621
588 621
589 590
589 622
589 623
589 624
590 591
590 623
590 624
590 625
591 592
591 624
591 625
592 593
592 625
592 626
593 626
593 627
594 627
594 628
595 596
595 629
595 630
596 597
596 629
596 630
596 631
597 630
597 631
597 632
598 632
598 633
598 634
599 600
599 636
599 637
599 638
600 601
600 637
600 638
600 639
601 602
601 638
601 639
601 640
602 603
602 639
602 640
602 641
603 640
603 641
603 642
604 605
604 642
604 643
604 644
605 606
605 643
605 644
605 645
606 607
606 644
606 645
606 646
607 608
607 645
607 646
607 647
608 609
608 646
608 647
608 648
609 610
609 647
609 648
609 649
610 611
610 648
610 649
610 650
611 612
611 649
611 650
611 651
612 613
612 650
612 651
613 614
613 651
614 615
614 652
615 652
615 653
616 617
616 653
616 654
616 655
617 654
617 655
617 656
618 619
618 656
618 657
618 658
619 620
619 657
619 658
620 658
620 659
621 659
621 660
622 623
622 661
622 662
623 624
623 661
623 662
623 663
624 625
624 662
624 663
624 664
625 663
625 664
625 665
626 627
626 665
626 666
626 667
627 628
627 666
627 667
627 668
628 667
628 668
628 669
629 630
629 669
629 670
629 671
630 631
630 670
630 671
630 672
631 632
631 671
631 672
631 673
632 633
632 672
632 673
632 674
633 634
633 673
633 674
633 675
634 635
634 674
634 675
634 676
635 636
635 675
635 676
635 677
636 637
636 676
636 677
636 678
637 638
637 677
637 678
637 679
638 639
638 678
638 679
638 680
639 640
639 679
639 680
639 681
640 641
640 680
640 681
640 682
641 642
641 681
641 682
641 683
642 643
642 682
642 683
642 684
643 644
643 683
643 684
643 685
644 645
644 684
644 685
645 646
645 685
645 686
646 647
646 686
646 687
647 648
647 686
647 687
647 688
648 649
648 687
648 688
649 650
649 688
649 689
650 651
650 689
650 690
651 689
651 690
651 691
652 653
652 692
652 693
653 654
653 693
653 694
654 655
654 693
654 694
654 695
655 656
655 694
655 695
656 657
656 695
656 696
657 658
657 696
658 696
659 660
659 697
659 698
660 697
660 698
660 699
661 662
661 700
661 701
662 663
662 700
662 701
662 702
663 664
663 701
663 702
663 703
664 665
664 702
664 703
665 666
665 703
665 704
666 667
666 704
666 705
667 668
667 704
667 705
667 706
668 669
668 705
668 706
668 707
669 670
669 706
669 707
669 708
670 671
670 707
670 708
670 709
671 672
671 708
671 709
671 710
672 673
672 709
672 710
672 711
673 674
673 710
673 711
673 712
674 675
674 711
674 712
674 713
675 676
675 712
675 713
675 714
676 677
676 713
676 714
676 715
677 678
677 714
677 715
677 716
678 679
678 715
678 716
678 717
679 680
679 716
679 717
679 718
680 681
680 717
680 718
681 682
681 718
681 719
682 683
682 719
683 684
683 719
683 720
684 685
684 720
684 721
685 720
685 721
685 722
686 687
686 722
687 688
687 723
688 723
688 724
689 690
689 724
689 725
689 726
690 691
690 725
690 726
690 727
691 692
691 726
691 727
692 727
692 728
693 694
693 728
693 729
693 730
694 695
694 729
694 730
694 731
695 730
695 731
695 732
696 732
696 733
697 698
697 734
697 735
698 699
698 735
698 736
699 736
700 701
700 737
700 738
701 702
701 737
701 738
701 739
702 703
702 738
702 739
702 740
703 739
703 740
703 741
704 705
704 741
705 706
705 742
706 707
706 742
706 743
707 708
707 742
707 743
707 744
708 709
708 743
708 744
708 745
709 710
709 744
709 745
710 711
710 745
711 712
711 746
712 713
712 746
712 747
713 714
713 746
713 747
713 748
714 715
714 747
714 748
714 749
715 716
715 748
715 749
716 717
716 749
717 718
719 750
720 721
720 751
720 752
721 722
721 751
721 752
721 753
722 752
722 753
723 724
723 754
723 755
724 725
724 754
724 755
724 756
725 726
725 755
725 756
725 757
726 727
726 756
726 757
726 758
727 757
727 758
727 759
728 729
728 759
728 760
729 730
729 760
730 731
730 760
730 761
731 732
731 761
731 762
732 733
732 761
732 762
732 763
733 762
733 763
733 764
734 735
734 764
736 765
737 738
737 766
737 767
738 739
738 766
738 767
739 740
739 767
739 768
740 741
740 768
740 769
741 768
741 769
742 743
742 770
742 771
742 772
743 744
743 771
743 772
743 773
744 745
744 772
744 773
745 773
745 774
746 747
746 775
746 776
747 748
747 776
747 777
748 749
748 776
748 777
748 778
749 777
749 778
749 779
750 782
750 783
750 784
751 752
751 784
751 785
751 786
752 753
752 785
752 786
752 787
753 786
753 787
753 788
754 755
754 789
754 790
754 791
755 756
755 790
755 791
755 792
756 757
756 791
756 792
756 793
757 758
757 792
757 793
757 794
758 759
758 793
758 794
758 795
759 794
759 795
759 796
760 796
760 797
761 762
761 798
761 799
762 763
762 798
762 799
762 800
763 764
763 799
763 800
764 800
764 801
765 803
765 804
766 767
766 805
766 806
767 805
767 806
767 807
768 769
768 807
768 808
768 809
769 808
769 809
770 771
770 810
771 772
771 810
771 811
772 773
772 810
772 811
772 812
773 811
773 812
773 813
774 775
774 813
774 814
774 815
775 814
775 815
775 816
776 777
776 816
776 817
777 778
777 817
777 818
778 779
778 818
778 819
779 780
779 818
779 819
779 820
780 781
780 819
780 820
780 821
781 782
781 820
781 821
782 783
782 821
782 822
783 784
783 822
784 785
784 822
784 823
785 786
785 823
785 824
786 787
786 823
786 824
786 825
787 788
787 824
787 825
788 789
788 825
788 826
789 790
789 826
789 827
790 791
790 826
790 827
791 792
791 827
791 828
792 793
792 828
792 829
793 794
793 828
793 829
793 830
794 795
794 829
794 830
794 831
795 796
795 830
795 831
796 797
796 831
796 832
797 832
798 799
798 833
799 800
799 833
799 834
800 833
800 834
801 802
801 835
802 803
802 835
803 804
803 835
803 836
804 836
805 806
805 837
805 838
806 807
806 837
806 838
806 839
807 808
807 838
807 839
807 840
808 809
808 839
808 840
808 841
809 840
809 841
809 842
810 811
810 843
810 844
811 812
811 844
811 845
812 813
812 844
812 845
812 846
813 814
813 845
813 846
813 847
814 815
814 846
814 847
815 816
815 847
816 817
817 848
818 819
818 848
818 849
819 820
819 849
820 821
820 850
821 850
821 851
822 851
822 852
822 853
823 824
823 853
823 854
823 855
824 825
824 854
824 855
824 856
825 855
825 856
825 857
826 827
826 857
826 858
826 859
827 858
827 859
827 860
828 829
828 860
828 861
828 862
829 830
829 861
829 862
829 863
830 831
830 862
830 863
830 864
831 863
831 864
831 865
832 865
832 866
833 834
833 867
833 868
834 868
834 869
835 870
836 871
837 838
837 872
837 873
838 839
838 872
838 873
838 874
839 840
839 873
839 874
840 841
840 874
840 875
841 842
841 875
841 876
842 843
842 875
842 876
842 877
843 876
843 877
843 878
844 845
844 878
844 879
844 880
845 846
845 879
845 880
846 847
846 880
846 881
847 881
847 882
848 849
848 884
848 885
848 886
849 885
849 886
849 887
850 851
850 888
850 889
851 852
851 889
852 853
852 890
853 854
853 890
854 855
854 890
854 891
855 856
855 891
856 857
856 891
856 892
857 858
857 892
857 893
858 859
858 892
858 893
858 894
859 860
859 893
859 894
859 895
860 861
860 894
860 895
860 896
861 862
861 895
861 896
861 897
862 863
862 896
862 897
862 898
863 864
863 897
863 898
863 899
864 865
864 898
864 899
864 900
865 866
865 899
865 900
865 901
866 900
866 901
866 902
867 868
867 902
867 903
867 904
868 903
868 904
868 905
869 905
869 906
869 907
870 907
870 908
870 909
871 909
871 910
872 873
872 911
873 874
873 911
873 912
874 912
874 913
875 876
875 913
875 914
876 877
876 914
876 915
877 878
877 915
877 916
878 879
878 915
878 916
878 917
879 880
879 916
879 917
879 918
880 917
880 918
880 919
881 882
881 919
881 920
881 921
882 883
882 920
882 921
882 922
883 884
883 921
883 922
883 923
884 885
884 922
884 923
884 924
885 886
885 923
885 924
885 925
886 887
886 924
886 925
886 926
887 888
887 925
887 926
887 927
888 889
888 926
888 927
888 928
889 927
889 928
890 929
890 930
891 931
891 932
892 893
892 932
892 933
892 934
893 894
893 933
893 934
893 935
894 895
894 934
894 935
894 936
895 896
895 935
895 936
895 937
896 897
896 936
896 937
896 938
897 898
897 937
897 938
898 899
898 938
898 939
899 900
899 939
899 940
900 901
900 939
900 940
900 941
901 902
901 940
901 941
901 942
902 903
902 941
902 942
902 943
903 904
903 942
903 943
903 944
904 905
904 943
904 944
904 945
905 906
905 944
905 945
906 907
906 945
907 908
907 946
908 909
908 946
909 910
909 946
909 947
910 947
911 948
912 913
912 948
912 949
912 950
913 914
913 949
913 950
913 951
914 950
914 951
914 952
915 916
915 952
915 953
915 954
916 917
916 953
916 954
916 955
917 918
917 954
917 955
917 956
918 919
918 955
918 956
918 957
919 920
919 956
919 957
920 921
920 957
920 958
921 922
921 958
921 959
922 923
922 958
922 959
922 960
923 924
923 959
923 960
923 961
924 925
924 960
924 961
925 926
925 961
926 927
927 928
927 962
928 962
928 963
929 930
929 963
929 964
929 965
930 964
930 965
930 966
931 932
931 966
931 967
931 968
932 933
932 967
932 968
932 969
933 934
933 968
933 969
934 935
934 969
934 970
935 936
935 970
935 971
936 937
936 970
936 971
936 972
937 938
937 971
937 972
937 973
938 972
938 973
939 940
939 974
940 941
940 974
940 975
941 942
941 975
942 943
942 975
942 976
943 944
943 976
943 977
944 945
944 976
944 977
944 978
945 977
945 978
945 979
946 980
946 981
946 982
947 982
947 983
948 949
948 984
948 985
948 986
949 950
949 985
949 986
949 987
950 951
950 986
950 987
950 988
951 952
951 987
951 988
951 989
952 953
952 988
952 989
952 990
953 954
953 989
953 990
953 991
954 955
954 990
954 991
955 956
955 991
956 957
956 992
957 992
958 959
958 993
958 994
959 960
959 993
959 994
959 995
960 961
960 994
960 995
961 995
961 996
962 963
962 998
962 999
963 964
963 998
963 999
963 1000
964 965
964 999
964 1000
965 966
965 1000
965 1001
966 967
966 1001
966 1002
967 968
967 1001
967 1002
967 1003
968 969
968 1002
968 1003
968 1004
969 1003
969 1004
969 1005
970 971
970 1005
970 1006
971 972
971 1006
971 1007
972 973
972 1006
972 1007
972 1008
973 1007
973 1008
973 1009
974 1009
974 1010
974 1011
975 1011
975 1012
976 977
976 1012
977 978
977 1013
978 979
978 1013
979 980
979 1013
979 1014
980 981
980 1014
980 1015
981 982
981 1014
981 1015
981 1016
982 983
982 1015
982 1016
982 1017
983 1016
983 1017
984 985
984 1018
985 986
985 1018
985 1019
986 987
986 1019
986 1020
987 988
987 1019
987 1020
988 989
988 1020
988 1021
989 990
989 1021
990 991
990 1021
991 1022
992 1023
993 994
993 1023
993 1024
993 1025
994 995
994 1024
994 1025
994 1026
995 1025
995 1026
996 997
996 1027
996 1028
997 1027
997 1028
997 1029
998 999
998 1029
998 1030
999 1000
999 1030
999 1031
1000 1031
1000 1032
1001 1002
1001 1032
1001 1033
1002 1003
1002 1033
1002 1034
1003 1004
1003 1033
1003 1034
1003 1035
1004 1005
1004 1034
1004 1035
1004 1036
1005 1035
1005 1036
1005 1037
1006 1007
1006 1037
1006 1038
1006 1039
1007 1008
1007 1038
1007 1039
1007 1040
1008 1009
1008 1039
1008 1040
1008 1041
1009 1010
1009 1040
1009 1041
1009 1042
1010 1011
1010 1041
1010 1042
1010 1043
1011 1042
1011 1043
1012 1044
1012 1045
1013 1046
1013 1047
1013 1048
1014 1015
1014 1048
1014 1049
1014 1050
1015 1016
1015 1049
1015 1050
1015 1051
1016 1017
1016 1050
1016 1051
1016 1052
1017 1051
1017 1052
1018 1053
1018 1054
1019 1020
1019 1054
1021 1055
1021 1056
1022 1057
1022 1058
1022 1059
1023 1024
1023 1060
1023 1061
1023 1062
1024 1025
1024 1061
1024 1062
1024 1063
1025 1026
1025 1062
1025 1063
1025 1064
1026 1063
1026 1064
1026 1065
1027 1028
1027 1065
1027 1066
1027 1067
1028 1029
1028 1066
1028 1067
1028 1068
1029 1030
1029 1067
1029 1068
1029 1069
1030 1068
1030 1069
1030 1070
1031 1032
1031 1070
1031 1071
1031 1072
1032 1071
1032 1072
1032 1073
1033 1034
1033 1073
1033 1074
1033 1075
1034 1035
1034 1074
1034 1075
1034 1076
1035 1036
1035 1075
1035 1076
1035 1077
1036 1037
1036 1076
1036 1077
1036 1078
1037 1038
1037 1077
1037 1078
1037 1079
1038 1039
1038 1078
1038 1079
1038 1080
1039 1040
1039 1079
1039 1080
1039 1081
1040 1041
1040 1080
1040 1081
1040 1082
1041 1042
1041 1081
1041 1082
1041 1083
1042 1043
1042 1082
1042 1083
1042 1084
1043 1083
1043 1084
1043 1085
1044 1045
1044 1085
1044 1086
1044 1087
1045 1046
1045 1086
1045 1087
1045 1088
1046 1047
1046 1087
1046 1088
1046 1089
1047 1048
1047 1088
1047 1089
1047 1090
1048 1049
1048 1089
1048 1090
1048 1091
1049 1050
1049 1090
1049 1091
1049 1092
1050 1051
1050 1091
1050 1092
1050 1093
1051 1052
1051 1092
1051 1093
1051 1094
1052 1093
1052 1094
1053 1054
1053 1095
1054 1095
1054 1096
1055 1056
1055 1098
1055 1099
1055 1100
1056 1057
1056 1099
1056 1100
1056 1101
1057 1058
1057 1100
1057 1101
1057 1102
1058 1059
1058 1101
1058 1102
1058 1103
1059 1060
1059 1102
1059 1103
1059 1104
1060 1061
1060 1103
1060 1104
1060 1105
1061 1062
1061 1104
1061 1105
1061 1106
1062 1063
1062 1105
1062 1106
1062 1107
1063 1064
1063 1106
1063 1107
1064 1065
1064 1107
1064 1108
1065 1066
1065 1108
1065 1109
1066 1067
1066 1108
1066 1109
1066 1110
1067 1068
1067 1109
1067 1110
1067 1111
1068 1069
1068 1110
1068 1111
1069 1070
1069 1111
1069 1112
1070 1071
1070 1112
1071 1072
1071 1112
1071 1113
1072 1073
1072 1113
1073 1074
1073 1113
1073 1114
1074 1075
1074 1114
1074 1115
1075 1076
1075 1114
1075 1115
1075 1116
1076 1077
1076 1115
1076 1116
1076 1117
1077 1078
1077 1116
1077 1117
1077 1118
1078 1079
1078 1117
1078 1118
1079 1080
1079 1118
1080 1081
1080 1119
1081 1082
1081 1119
1081 1120
1082 1083
1082 1119
1082 1120
1082 1121
1083 1084
1083 1120
1083 1121
1084 1085
1084 1121
1084 1122
1085 1086
1085 1122
1085 1123
1086 1087
1086 1122
1086 1123
1086 1124
1087 1088
1087 1123
1087 1124
1087 1125
1088 1089
1088 1124
1088 1125
1088 1126
1089 1090
1089 1125
1089 1126
1089 1127
1090 1091
1090 1126
1090 1127
1091 1092
1091 1127
1091 1128
1092 1093
1092 1128
1092 1129
1093 1094
1093 1128
1093 1129
1093 1130
1094 1129
1094 1130
1095 1131
1096 1097
1096 1132
1097 1098
1097 1132
1097 1133
1098 1099
1098 1133
1098 1134
1099 1100
1099 1133
1099 1134
1099 1135
1100 1101
1100 1134
1100 1135
1101 1102
1101 1135
1102 1103
1102 1136
1103 1104
1103 1136
1103 1137
1104 1105
1104 1136
1104 1137
1104 1138
1105 1106
1105 1137
1105 1138
1106 1107
1106 1138
1108 1109
1108 1139
1108 1140
1109 1110
1109 1139
1109 1140
1110 1111
1110 1140
1110 1141
1111 1141
1111 1142
1112 1142
1112 1143
1112 1144
1113 1144
1113 1145
1114 1115
1114 1146
1115 1116
1115 1146
1115 1147
1116 1117
1116 1147
1116 1148
1117 1118
1117 1147
1117 1148
1117 1149
1118 1148
1118 1149
1119 1120
1119 1150
1119 1151
1119 1152
1120 1121
1120 1151
1120 1152
1120 1153
1121 1152
1121 1153
1122 1123
1122 1154
1122 1155
1123 1124
1123 1154
1123 1155
1124 1125
1124 1155
1124 1156
1125 1126
1125 1156
1126 1127
1126 1156
1126 1157
1127 1157
1128 1129
1128 1158
1128 1159
1129 1130
1129 1158
1129 1159
1129 1160
1130 1159
1130 1160
1131 1161
1131 1162
1132 1162
1132 1163
1132 1164
1133 1134
1133 1164
1133 1165
1133 1166
1134 1135
1134 1165
1134 1166
1135 1166
1136 1137
1136 1167
1136 1168
1136 1169
1137 1138
1137 1168
1137 1169
1138 1169
1138 1170
1139 1140
1139 1172
1139 1173
1140 1172
1140 1173
1140 1174
1141 1142
1141 1174
1141 1175
1141 1176
1142 1143
1142 1175
1142 1176
1142 1177
1143 1144
1143 1176
1143 1177
1144 1145
1144 1177
1145 1178
1146 1178
1146 1179
1147 1148
1147 1180
1148 1149
1148 1180
1148 1181
1149 1181
1149 1182
1150 1151
1150 1182
1150 1183
1151 1152
1151 1183
1151 1184
1152 1153
1152 1184
1152 1185
1153 1184
1153 1185
1153 1186
1154 1155
1154 1186
1154 1187
1155 1187
1155 1188
1156 1188
1157 1189
1157 1190
1158 1159
1158 1190
1158 1191
1158 1192
1159 1160
1159 1191
1159 1192
1159 1193
1160 1192
1160 1193
1161 1162
1161 1194
1161 1195
1162 1163
1162 1194
1162 1195
1163 1164
1163 1195
1163 1196
1164 1165
1164 1196
1164 1197
1165 1166
1165 1196
1165 1197
1165 1198
1166 1197
1166 1198
1166 1199
1167 1168
1167 1200
1167 1201
1167 1202
1168 1169
1168 1201
1168 1202
1169 1202
1169 1203
1170 1171
1170 1203
1170 1204
1171 1204
1172 1173
1172 1205
1172 1206
1173 1174
1173 1205
1173 1206
1173 1207
1174 1175
1174 1206
1174 1207
1174 1208
1175 1176
1175 1207
1175 1208
1175 1209
1176 1177
1176 1208
1176 1209
1177 1209
1177 1210
1178 1179
1178 1211
1178 1212
1178 1213
1179 1212
1179 1213
1180 1214
1181 1182
1181 1214
1181 1215
1181 1216
1182 1183
1182 1215
1182 1216
1182 1217
1183 1216
1183 1217
1183 1218
1184 1185
1184 1218
1184 1219
1185 1186
1185 1219
1185 1220
1186 1187
1186 1220
1186 1221
1187 1220
1187 1221
1187 1222
1188 1222
1188 1223
1189 1190
1189 1224
1189 1225
1190 1191
1190 1224
1190 1225
1190 1226
1191 1192
1191 1225
1191 1226
1191 1227
1192 1193
1192 1226
1192 1227
1193 1227
1194 1195
1194 1228
1194 1229
1195 1228
1195 1229
1195 1230
1196 1197
1196 1230
1196 1231
1196 1232
1197 1198
1197 1231
1197 1232
1197 1233
1198 1199
1198 1232
1198 1233
1199 1200
1199 1233
1200 1201
1201 1202
1201 1234
1202 1234
1202 1235
1203 1204
1203 1235
1203 1236
1203 1237
1204 1236
1204 1237
1205 1206
1205 1238
1205 1239
1206 1207
1206 1239
1207 1208
1207 1239
1207 1240
1208 1209
1208 1240
1208 1241
1209 1240
1209 1241
1209 1242
1210 1211
1210 1242
1210 1243
1210 1244
1211 1212
1211 1243
1211 1244
1211 1245
1212 1213
1212 1244
1212 1245
1213 1245
1214 1215
1214 1246
1214 1247
1214 1248
1215 1216
1215 1247
1215 1248
1215 1249
1216 1217
1216 1248
1216 1249
1216 1250
1217 1218
1217 1249
1217 1250
1218 1219
1218 1250
1218 1251
1219 1251
1219 1252
1220 1221
1220 1252
1220 1253
1220 1254
1221 1222
1221 1253
1221 1254
1222 1254
1222 1255
1223 1255
1223 1256
1224 1225
1224 1256
1224 1257
1224 1258
1225 1226
1225 1257
1225 1258
1225 1259
1226 1227
1226 1258
1226 1259
1226 1260
1227 1259
1227 1260
1227 1261
1228 1229
1229 1230
1230 1231
1230 1262
1231 1232
1231 1262
1231 1263
1232 1233
1232 1262
1232 1263
1233 1263
1233 1264
1234 1235
1234 1266
1234 1267
1234 1268
1235 1236
1235 1267
1235 1268
1235 1269
1236 1237
1236 1268
1236 1269
1236 1270
1237 1269
1237 1270
1237 1271
1238 1271
1238 1272
1238 1273
1239 1273
1239 1274
1240 1241
1240 1274
1240 1275
1240 1276
1241 1242
1241 1275
1241 1276
1241 1277
1242 1243
1242 1276
1242 1277
1242 1278
1243 1244
1243 1277
1243 1278
1243 1279
1244 1245
1244 1278
1244 1279
1244 1280
1245 1279
1245 1280
1245 1281
1246 1247
1246 1282
1246 1283
1246 1284
1247 1248
1247 1283
1247 1284
1247 1285
1248 1249
1248 1284
1248 1285
1248 1286
1249 1250
1249 1285
1249 1286
1249 1287
1250 1286
1250 1287
1250 1288
1251 1252
1251 1288
1251 1289
1252 1253
1252 1289
1252 1290
1253 1254
1253 1290
1253 1291
1254 1290
1254 1291
1254 1292
1255 1292
1255 1293
1256 1257
1256 1293
1256 1294
1257 1258
1257 1294
1257 1295
1258 1259
1258 1295
1258 1296
1259 1260
1259 1295
1259 1296
1260 1261
1260 1296
1262 1263
1262 1299
1262 1300
1262 1301
1263 1300
1263 1301
1263 1302
1264 1265
1264 1302
1264 1303
1265 1266
1265 1303
1265 1304
1266 1267
1266 1303
1266 1304
1266 1305
1267 1268
1267 1304
1267 1305
1268 1269
1268 1305
1268 1306
1269 1270
1269 1306
1269 1307
1270 1271
1270 1306
1270 1307
1270 1308
1271 1272
1271 1307
1271 1308
1271 1309
1272 1273
1272 1308
1272 1309
1273 1309
1274 1275
1274 1310
1275 1276
1275 1310
1276 1277
1276 1311
1277 1278
1277 1311
1277 1312
1278 1279
1278 1311
1278 1312
1278 1313
1279 1280
1279 1312
1279 1313
1280 1281
1280 1313
1280 1314
1281 1282
1281 1314
1281 1315
1282 1283
1282 1314
1282 1315
1282 1316
1283 1284
1283 1315
1283 1316
1283 1317
1284 1285
1284 1316
1284 1317
1284 1318
1285 1286
1285 1317
1285 1318
1286 1287
1286 1318
1286 1319
1287 1288
1287 1319
1288 1289
1288 1319
1288 1320
1289 1320
1290 1291
1290 1321
1291 1292
1291 1321
1292 1322
1293 1294
1293 1322
1293 1323
1294 1323
1294 1324
1295 1296
1295 1324
1295 1325
1295 1326
1296 1325
1296 1326
1296 1327
1297 1298
1297 1328
1298 1299
1298 1328
1299 1300
1299 1328
1299 1329
1300 1301
1300 1329
1300 1330
1301 1302
1301 1329
1301 1330
1301 1331
1302 1330
1302 1331
1302 1332
1303 1304
1303 1332
1303 1333
1303 1334
1304 1305
1304 1333
1304 1334
1304 1335
1305 1334
1305 1335
1305 1336
1306 1307
1306 1336
1306 1337
1307 1308
1307 1337
1307 1338
1308 1309
1308 1337
1308 1338
1308 1339
1309 1338
1309 1339
1309 1340
1310 1341
1310 1342
1311 1312
1311 1343
1311 1344
1311 1345
1312 1313
1312 1344
1312 1345
1312 1346
1313 1345
1313 1346
1313 1347
1314 1315
1314 1347
1314 1348
1314 1349
1315 1316
1315 1348
1315 1349
1315 1350
1316 1317
1316 1349
1316 1350
1316 1351
1317 1318
1317 1350
1317 1351
1317 1352
1318 1351
1318 1352
1318 1353
1319 1353
1319 1354
1320 1354
1320 1355
1320 1356
1321 1356
1321 1357
1321 1358
1322 1359
1322 1360
1322 1361
1323 1324
1323 1361
1323 1362
1324 1325
1324 1362
1324 1363
1325 1326
1325 1362
1325 1363
1325 1364
1326 1327
1326 1363
1326 1364
1327 1364
1327 1365
1328 1366
1328 1367
1328 1368
1329 1330
1329 1368
1329 1369
1330 1331
1330 1369
1330 1370
1331 1332
1331 1370
1332 1333
1332 1370
1332 1371
1333 1334
1333 1371
1333 1372
1334 1335
1334 1371
1334 1372
1335 1336
1335 1372
1335 1373
1336 1373
1337 1338
1337 1374
1338 1339
1338 1374
1338 1375
1339 1340
1339 1375
1339 1376
1340 1375
1340 1376
1340 1377
1341 1342
1341 1377
1341 1378
1341 1379
1342 1343
1342 1378
1342 1379
1342 1380
1343 1344
1343 1379
1343 1380
1343 1381
1344 1345
1344 1380
1344 1381
1344 1382
1345 1346
1345 1381
1345 1382
1346 1347
1346 1382
1347 1348
1347 1383
1348 1349
1348 1383
1348 1384
1349 1350
1349 1383
1349 1384
1349 1385
1350 1351
1350 1384
1350 1385
1351 1352
1351 1385
1351 1386
1352 1353
1352 1386
1352 1387
1353 1386
1353 1387
1354 1355
1354 1388
1354 1389
1355 1356
1355 1388
1355 1389
1356 1357
1356 1389
1356 1390
1357 1358
1357 1390
1357 1391
1358 1359
1358 1390
1358 1391
1358 1392
1359 1360
1359 1391
1359 1392
1359 1393
1360 1361
1360 1392
1360 1393
1360 1394
1361 1393
1361 1394
1361 1395
1362 1363
1362 1395
1362 1396
1362 1397
1363 1364
1363 1396
1363 1397
1363 1398
1364 1397
1364 1398
1364 1399
1365 1399
1365 1400
1366 1367
1366 1401
1366 1402
1367 1368
1367 1401
1367 1402
1368 1369
1368 1402
1368 1403
1369 1403
1369 1404
1370 1404
1370 1405
1371 1372
1371 1406
1371 1407
1372 1406
1372 1407
1372 1408
1373 1408
1373 1409
1373 1410
1374 1410
1374 1411
1375 1376
1375 1411
1375 1412
1375 1413
1376 1377
1376 1412
1376 1413
1376 1414
1377 1378
1377 1413
1377 1414
1378 1379
1378 1414
1378 1415
1379 1380
1379 1415
1379 1416
1380 1381
1380 1415
1380 1416
1380 1417
1381 1382
1381 1416
1381 1417
1381 1418
1382 1417
1382 1418
1383 1384
1383 1419
1383 1420
1384 1385
1384 1419
1384 1420
1384 1421
1385 1420
1385 1421
1385 1422
1386 1387
1386 1422
1386 1423
1387 1423
1387 1424
1388 1389
1388 1424
1388 1425
1388 1426
1389 1425
1389 1426
1389 1427
1390 1391
1390 1427
1390 1428
1390 1429
1391 1392
1391 1428
1391 1429
1391 1430
1392 1393
1392 1429
1392 1430
1392 1431
1393 1394
1393 1430
1393 1431
1393 1432
1394 1395
1394 1431
1394 1432
1395 1396
1395 1432
1395 1433
1396 1397
1396 1433
1396 1434
1397 1398
1397 1433
1397 1434
1397 1435
1398 1399
1398 1434
1398 1435
1398 1436
1399 1400
1399 1435
1399 1436
1400 1436
1401 1402
1401 1437
1401 1438
1402 1437
1402 1438
1402 1439
1403 1404
1403 1439
1403 1440
1403 1441
1404 1405
1404 1440
1404 1441
1404 1442
1405 1441
1405 1442
1405 1443
1406 1407
1406 1443
1406 1444
1406 1445
1407 1408
1407 1444
1407 1445
1407 1446
1408 1409
1408 1445
1408 1446
1408 1447
1409 1410
1409 1446
1409 1447
1409 1448
1410 1447
1410 1448
1410 1449
1411 1412
1411 1449
1411 1450
1411 1451
1412 1413
1412 1450
1412 1451
1413 1414
1413 1451
1413 1452
1414 1452
1414 1453
1415 1416
1415 1453
1415 1454
1415 1455
1416 1417
1416 1454
1416 1455
1416 1456
1417 1418
1417 1455
1417 1456
1418 1456
1418 1457
1419 1420
1419 1458
1419 1459
1420 1421
1420 1459
1420 1460
1421 1422
1421 1459
1421 1460
1421 1461
1422 1460
1422 1461
1422 1462
1423 1424
1423 1462
1424 1425
1425 1426
1425 1463
1426 1427
1426 1463
1426 1464
1427 1428
1427 1463
1427 1464
1427 1465
1428 1429
1428 1464
1428 1465
1428 1466
1429 1430
1429 1465
1429 1466
1430 1431
1430 1466
1431 1432
1431 1467
1432 1467
1432 1468
1433 1434
1433 1468
1433 1469
1433 1470
1434 1435
1434 1469
1434 1470
1434 1471
1435 1436
1435 1470
1435 1471
1435 1472
1436 1471
1436 1472
1436 1473
1437 1438
1437 1474
1437 1475
1438 1439
1438 1474
1438 1475
1438 1476
1439 1440
1439 1475
1439 1476
1439 1477
1440 1441
1440 1476
1440 1477
1440 1478
1441 1442
1441 1477
1441 1478
1441 1479
1442 1443
1442 1478
1442 1479
1442 1480
1443 1444
1443 1479
1443 1480
1443 1481
1444 1445
1444 1480
1444 1481
1444 1482
1445 1446
1445 1481
1445 1482
1445 1483
1446 1447
1446 1482
1446 1483
1446 1484
1447 1448
1447 1483
1447 1484
1447 1485
1448 1449
1448 1484
1448 1485
1449 1450
1449 1485
1449 1486
1450 1451
1450 1486
1450 1487
1451 1486
1451 1487
1451 1488
1452 1453
1452 1488
1452 1489
1452 1490
1453 1454
1453 1489
1453 1490
1453 1491
1454 1455
1454 1490
1454 1491
1454 1492
1455 1456
1455 1491
1455 1492
1455 1493
1456 1492
1456 1493
1456 1494
1457 1458
1457 1494
1457 1495
1457 1496
1458 1495
1458 1496
1458 1497
1459 1460
1459 1497
1459 1498
1460 1461
1460 1498
1460 1499
1461 1462
1461 1499
1461 1500
1462 1499
1462 1500
1462 1501
1463 1464
1463 1502
1463 1503
1463 1504
1464 1465
1464 1503
1464 1504
1464 1505
1465 1466
1465 1504
1465 1505
1466 1505
1466 1506
1467 1468
1467 1507
1467 1508
1467 1509
1468 1469
1468 1508
1468 1509
1468 1510
1469 1470
1469 1509
1469 1510
1469 1511
1470 1471
1470 1510
1470 1511
1470 1512
1471 1472
1471 1511
1471 1512
1471 1513
1472 1473
1472 1512
1472 1513
1472 1514
1473 1513
1473 1514
1474 1475
1474 1515
1475 1476
1475 1515
1476 1477
1476 1516
1477 1478
1477 1516
1477 1517
1478 1479
1478 1516
1478 1517
1479 1480
1479 1517
1479 1518
1480 1481
1480 1518
1480 1519
1481 1482
1481 1518
1481 1519
1482 1483
1482 1519
1482 1520
1483 1484
1483 1520
1484 1485
1484 1520
1484 1521
1485 1521
1485 1522
1486 1487
1486 1522
1486 1523
1487 1488
1487 1523
1488 1489
1488 1523
1488 1524
1489 1490
1489 1524
1490 1491
1490 1524
1491 1492
1491 1525
1492 1493
1492 1525
1492 1526
1493 1494
1493 1525
1493 1526
1494 1495
1494 1526
1494 1527
1495 1496
1495 1527
1495 1528
1496 1497
1496 1527
1496 1528
1496 1529
1497 1498
1497 1528
1497 1529
1497 1530
1498 1529
1498 1530
1498 1531
1499 1500
1499 1531
1499 1532
1499 1533
1500 1501
1500 1532
1500 1533
1501 1533
1501 1534
1502 1503
1502 1534
1502 1535
1503 1504
1503 1535
1503 1536
1504 1505
1504 1536
1504 1537
1505 1536
1505 1537
1505 1538
1506 1507
1506 1538
1506 1539
1506 1540
1507 1508
1507 1539
1507 1540
1507 1541
1508 1509
1508 1540
1508 1541
1509 1510
1509 1541
1509 1542
1510 1511
1510 1542
1510 1543
1511 1512
1511 1542
1511 1543
1511 1544
1512 1513
1512 1543
1512 1544
1513 1514
1513 1544
1513 1545
1514 1545
1515 1546
1515 1547
1516 1517
1516 1548
1516 1549
1516 1550
1517 1549
1517 1550
1517 1551
1518 1519
1518 1551
1518 1552
1518 1553
1519 1552
1519 1553
1519 1554
1520 1554
1520 1555
1521 1522
1521 1555
1521 1556
1521 1557
1522 1556
1522 1557
1522 1558
1523 1558
1523 1559
1523 1560
1524 1560
1525 1526
1525 1561
1525 1562
1526 1561
1526 1562
1526 1563
1527 1528
1527 1563
1527 1564
1527 1565
1528 1529
1528 1564
1528 1565
1528 1566
1529 1530
1529 1565
1529 1566
1529 1567
1530 1531
1530 1566
1530 1567
1530 1568
1531 1532
1531 1567
1531 1568
1531 1569
1532 1533
1532 1568
1532 1569
1533 1569
1533 1570
1534 1535
1534 1570
1534 1571
1534 1572
1535 1571
1535 1572
1535 1573
1536 1537
1536 1573
1536 1574
1536 1575
1537 1538
1537 1574
1537 1575
1537 1576
1538 1539
1538 1575
1538 1576
1538 1577
1539 1540
1539 1576
1539 1577
1540 1541
1540 1577
1540 1578
1541 1578
1541 1579
1542 1543
1542 1579
1542 1580
1543 1544
1543 1580
1543 1581
1544 1581
1546 1547
1546 1582
1546 1583
1547 1548
1547 1582
1547 1583
1547 1584
1548 1549
1548 1583
1548 1584
1548 1585
1549 1550
1549 1584
1549 1585
1549 1586
1550 1551
1550 1585
1550 1586
1550 1587
1551 1552
1551 1586
1551 1587
1552 1553
1552 1587
1552 1588
1553 1554
1553 1588
1553 1589
1554 1588
1554 1589
1554 1590
1555 1556
1555 1590
1555 1591
1555 1592
1556 1557
1556 1591
1556 1592
1556 1593
1557 1558
1557 1592
1557 1593
1557 1594
1558 1559
1558 1593
1558 1594
1558 1595
1559 1560
1559 1594
1559 1595
1559 1596
1560 1595
1560 1596
1560 1597
1561 1562
1561 1599
1561 1600
1561 1601
1562 1563
1562 1600
1562 1601
1562 1602
1563 1564
1563 1601
1563 1602
1564 1565
1564 1602
1564 1603
1565 1566
1565 1603
1565 1604
1566 1567
1566 1603
1566 1604
1567 1568
1567 1604
1567 1605
1568 1569
1568 1605
1568 1606
1569 1605
1569 1606
1570 1571
1570 1607
1570 1608
1571 1572
1571 1607
1571 1608
1571 1609
1572 1573
1572 1608
1572 1609
1572 1610
1573 1574
1573 1609
1573 1610
1573 1611
1574 1575
1574 1610
1574 1611
1574 1612
1575 1576
1575 1611
1575 1612
1575 1613
1576 1577
1576 1612
1576 1613
1577 1613
1577 1614
1578 1579
1578 1614
1578 1615
1578 1616
1579 1580
1579 1615
1579 1616
1580 1616
1580 1617
1581 1617
1581 1618
1582 1583
1583 1584
1584 1585
1585 1586
1586 1587
1588 1589
1589 1590
1590 1591
1591 1592
1592 1593
1593 1594
1594 1595
1595 1596
1596 1597
1597 1598
1598 1599
1599 1600
1600 1601
1601 1602
1603 1604
1605 1606
1607 1608
1608 1609
1609 1610
1610 1611
1611 1612
1612 1613
1614 1615
1615 1616
1617 1618
