# FromNodeId	ToNodeId
0 1
0 28
1 2
1 28
1 29
2 3
2 28
2 29
2 30
3 4
3 29
3 30
3 31
4 5
4 30
4 31
4 32
5 6
5 31
5 32
5 33
6 7
6 32
6 33
6 34
7 8
7 33
7 34
7 35
8 9
8 34
8 35
8 36
9 10
9 35
9 36
9 37
10 11
10 36
10 37
10 38
11 12
11 37
11 38
11 39
12 13
12 38
12 39
12 40
13 39
13 40
13 41
14 15
14 41
14 42
15 16
15 42
15 43
16 42
16 43
16 44
17 18
17 44
17 45
17 46
18 19
18 45
18 46
18 47
19 20
19 46
19 47
19 48
20 21
20 47
20 48
20 49
21 22
21 48
21 49
21 50
22 23
22 49
22 50
22 51
23 24
23 50
23 51
24 25
24 51
24 52
25 26
25 52
25 53
26 27
26 52
26 53
26 54
27 53
27 54
28 29
28 55
28 56
28 57
29 30
29 56
29 57
29 58
30 31
30 57
30 58
30 59
31 32
31 58
31 59
31 60
32 33
32 59
32 60
32 61
33 34
33 60
33 61
34 35
34 61
34 62
35 36
35 62
36 37
36 62
36 63
37 38
37 63
37 64
38 39
38 63
38 64
39 40
39 64
39 65
40 41
40 65
40 66
41 65
41 66
41 67
42 43
42 67
42 68
43 44
43 68
43 69
44 45
44 68
44 69
44 70
45 46
45 69
45 70
46 47
46 70
47 48
48 49
48 71
49 50
49 71
49 72
50 51
50 71
50 72
50 73
51 72
51 73
51 74
52 53
52 74
52 75
52 76
53 54
53 75
53 76
53 77
54 76
54 77
55 56
55 78
56 57
56 78
56 79
57 58
57 78
57 79
57 80
58 59
58 79
58 80
58 81
59 60
59 80
59 81
59 82
60 61
60 81
60 82
60 83
61 82
61 83
61 84
62 84
62 85
63 64
63 86
63 87
64 86
64 87
64 88
65 66
65 88
65 89
65 90
66 67
66 89
66 90
66 91
67 90
67 91
67 92
68 69
68 92
68 93
68 94
69 70
69 93
69 94
69 95
70 94
70 95
70 96
71 72
71 98
71 99
71 100
72 73
72 99
72 100
72 101
73 74
73 100
73 101
73 102
74 75
74 101
74 102
74 103
75 76
75 102
75 103
76 77
76 103
76 104
77 104
78 79
78 105
78 106
78 107
79 80
79 106
79 107
79 108
80 81
80 107
80 108
80 109
81 82
81 108
81 109
81 110
82 83
82 109
82 110
82 111
83 84
83 110
83 111
83 112
84 85
84 111
84 112
84 113
85 112
85 113
85 114
86 87
86 114
86 115
86 116
87 88
87 115
87 116
87 117
88 89
88 116
88 117
89 90
89 117
89 118
90 91
90 118
90 119
91 92
91 118
91 119
91 120
92 93
92 119
92 120
93 94
93 120
93 121
94 95
94 121
95 96
95 121
96 97
97 98
97 122
98 99
98 122
98 123
99 100
99 122
99 123
99 124
100 101
100 123
100 124
100 125
101 102
101 124
101 125
101 126
102 103
102 125
102 126
103 126
103 127
104 127
105 106
105 128
105 129
106 107
106 128
106 129
106 130
107 108
107 129
107 130
108 109
108 130
108 131
109 110
109 131
109 132
110 111
110 131
110 132
111 112
111 132
111 133
112 113
112 133
112 134
113 114
113 133
113 134
113 135
114 115
114 134
114 135
115 116
115 135
115 136
116 117
116 136
116 137
117 136
117 137
117 138
118 119
118 138
118 139
119 120
119 139
119 140
120 139
120 140
121 141
122 123
122 142
122 143
123 124
123 143
124 125
124 143
124 144
125 126
125 144
125 145
126 144
126 145
126 146
127 146
127 147
127 148
128 129
128 149
129 130
129 149
129 150
130 149
130 150
130 151
131 132
131 151
131 152
132 152
132 153
133 134
133 153
133 154
133 155
134 135
134 154
134 155
134 156
135 155
135 156
135 157
136 137
136 157
136 158
136 159
137 138
137 158
137 159
137 160
138 159
138 160
138 161
139 140
139 161
139 162
140 162
140 163
141 164
141 165
142 165
142 166
142 167
143 167
143 168
143 169
144 145
144 169
144 170
145 146
145 170
146 147
147 148
147 171
148 171
149 150
149 172
149 173
150 151
150 173
150 174
151 174
151 175
152 153
152 175
152 176
152 177
153 154
153 176
153 177
153 178
154 155
154 177
154 178
154 179
155 156
155 178
155 179
155 180
156 157
156 179
156 180
156 181
157 158
157 180
157 181
157 182
158 159
158 181
158 182
158 183
159 160
159 182
159 183
159 184
160 161
160 183
160 184
160 185
161 162
161 184
161 185
161 186
162 185
162 186
163 187
163 188
164 165
164 188
164 189
165 166
165 189
165 190
166 167
166 189
166 190
166 191
167 168
167 190
167 191
167 192
168 169
168 191
168 192
168 193
169 170
169 192
169 193
169 194
170 193
170 194
171 196
171 197
172 173
172 198
173 198
174 175
174 199
174 200
175 176
175 199
175 200
175 201
176 177
176 200
176 201
176 202
177 178
177 201
177 202
178 179
178 202
178 203
179 180
179 203
179 204
180 181
180 203
180 204
181 182
181 204
181 205
182 183
182 205
182 206
183 184
183 205
183 206
183 207
184 185
184 206
184 207
184 208
185 186
185 207
185 208
186 208
186 209
187 188
187 209
187 210
187 211
188 210
188 211
188 212
189 190
189 212
189 213
190 191
190 213
190 214
191 192
191 214
191 215
192 193
192 214
192 215
192 216
193 194
193 215
193 216
193 217
194 216
194 217
195 196
195 218
196 197
196 218
196 219
197 219
198 220
198 221
199 200
199 222
199 223
199 224
200 201
200 223
200 224
200 225
201 202
201 224
201 225
201 226
202 225
202 226
202 227
203 204
203 227
203 228
204 228
204 229
205 206
205 229
205 230
205 231
206 207
206 230
206 231
206 232
207 208
207 231
207 232
208 232
209 210
209 233
210 211
210 233
211 212
211 233
211 234
212 213
212 234
212 235
213 234
213 235
213 236
214 215
214 236
214 237
214 238
215 216
215 237
215 238
216 217
216 238
216 239
217 239
217 240
218 240
218 241
218 242
219 242
220 221
220 243
221 222
221 243
221 244
222 223
222 244
222 245
223 224
223 244
223 245
223 246
224 225
224 245
224 246
224 247
225 226
225 246
225 247
225 248
226 227
226 247
226 248
227 228
227 248
227 249
228 249
229 230
229 250
230 231
230 250
230 251
231 232
231 250
231 251
231 252
232 251
232 252
232 253
233 255
234 235
234 256
234 257
235 236
235 256
235 257
236 237
236 257
236 258
237 238
237 258
237 259
238 258
238 259
238 260
239 240
239 260
240 241
240 261
241 242
241 261
241 262
242 261
242 262
242 263
243 264
243 265
244 245
244 265
244 266
244 267
245 246
245 266
245 267
245 268
246 247
246 267
246 268
247 248
247 268
248 269
249 269
250 251
250 270
250 271
251 252
251 271
251 272
252 253
252 272
252 273
253 254
253 272
253 273
253 274
254 273
254 274
254 275
255 275
255 276
255 277
256 257
256 277
256 278
257 278
257 279
258 259
258 279
258 280
259 260
259 280
259 281
260 281
260 282
261 262
261 283
261 284
262 263
262 284
263 284
264 265
264 285
264 286
265 266
265 285
265 286
266 267
266 286
266 287
267 268
267 287
268 287
268 288
269 289
270 271
270 290
270 291
271 291
271 292
272 273
272 292
272 293
273 274
273 293
273 294
274 275
274 294
275 276
275 294
275 295
276 277
276 295
276 296
277 295
277 296
277 297
278 279
278 297
278 298
279 280
279 298
279 299
280 298
280 299
280 300
281 282
281 300
281 301
281 302
282 283
282 301
282 302
282 303
283 302
283 303
283 304
284 304
285 286
285 305
285 306
286 305
286 306
286 307
287 307
287 308
287 309
288 289
288 309
288 310
288 311
289 310
289 311
289 312
290 291
290 313
290 314
290 315
291 314
291 315
291 316
292 293
292 316
292 317
293 317
293 318
294 318
294 319
294 320
295 296
295 320
295 321
296 297
296 321
296 322
297 322
297 323
298 299
298 323
298 324
299 300
299 324
299 325
300 301
300 324
300 325
300 326
301 302
301 325
301 326
301 327
302 303
302 326
302 327
302 328
303 304
303 327
303 328
303 329
304 328
304 329
304 330
305 306
305 332
305 333
306 307
306 332
306 333
306 334
307 308
307 333
307 334
308 309
308 334
309 310
309 335
310 311
310 335
310 336
311 312
311 335
311 336
311 337
312 313
312 336
312 337
312 338
313 314
313 337
313 338
313 339
314 315
314 338
314 339
314 340
315 316
315 339
315 340
316 317
316 340
316 341
317 341
318 319
318 342
318 343
319 320
319 342
319 343
319 344
320 321
320 343
320 344
320 345
321 344
321 345
321 346
322 323
322 346
322 347
322 348
323 347
323 348
323 349
324 325
324 349
324 350
324 351
325 326
325 350
325 351
325 352
326 327
326 351
326 352
327 328
327 352
328 329
328 353
329 330
329 353
329 354
330 331
330 353
330 354
330 355
331 354
331 355
332 333
332 356
332 357
333 334
333 356
333 357
333 358
334 357
334 358
334 359
335 336
335 360
335 361
335 362
336 337
336 361
336 362
336 363
337 338
337 362
337 363
337 364
338 339
338 363
338 364
339 340
339 364
339 365
340 365
340 366
341 366
341 367
341 368
342 343
342 368
342 369
342 370
343 344
343 369
343 370
343 371
344 345
344 370
344 371
344 372
345 346
345 371
345 372
346 347
346 372
346 373
347 348
347 373
347 374
348 349
348 373
348 374
348 375
349 350
349 374
349 375
349 376
350 351
350 375
350 376
351 352
351 376
351 377
352 377
352 378
353 354
353 379
353 380
353 381
354 355
354 380
354 381
354 382
355 381
355 382
356 357
356 383
356 384
357 358
357 383
357 384
357 385
358 359
358 384
358 385
358 386
359 360
359 385
359 386
359 387
360 361
360 386
360 387
360 388
361 362
361 387
361 388
361 389
362 363
362 388
362 389
362 390
363 364
363 389
363 390
364 390
364 391
365 366
365 391
365 392
365 393
366 367
366 392
366 393
367 368
367 393
368 369
368 394
369 370
369 394
370 371
370 394
370 395
371 372
371 395
371 396
372 395
372 396
372 397
373 374
373 397
373 398
374 375
374 398
374 399
375 376
375 399
375 400
376 399
376 400
376 401
377 378
377 401
377 402
378 379
378 402
379 380
379 403
380 381
380 403
380 404
381 382
381 403
381 404
382 404
383 384
383 405
383 406
384 385
384 405
384 406
384 407
385 386
385 406
385 407
385 408
386 387
386 407
386 408
386 409
387 388
387 408
387 409
387 410
388 389
388 409
388 410
388 411
389 390
389 410
389 411
389 412
390 411
390 412
390 413
391 392
391 413
391 414
392 393
392 414
392 415
393 414
393 415
393 416
394 417
394 418
394 419
395 396
395 419
395 420
395 421
396 397
396 420
396 421
396 422
397 398
397 421
397 422
397 423
398 422
398 423
399 400
399 424
400 401
400 424
400 425
401 402
401 425
401 426
402 425
402 426
402 427
403 404
403 428
403 429
404 429
405 406
405 430
405 431
406 407
406 430
406 431
407 408
407 431
407 432
408 409
408 432
408 433
409 410
409 432
409 433
409 434
410 411
410 433
410 434
410 435
411 412
411 434
411 435
411 436
412 413
412 435
412 436
412 437
413 436
413 437
413 438
414 415
414 438
414 439
414 440
415 416
415 439
415 440
416 417
416 440
416 441
417 418
417 441
418 419
418 441
418 442
419 420
419 442
420 421
420 442
420 443
421 422
421 443
421 444
422 423
422 443
422 444
423 444
424 445
424 446
425 426
425 446
425 447
425 448
426 427
426 447
426 448
426 449
427 428
427 448
427 449
428 429
428 449
428 450
429 450
429 451
430 431
430 453
431 453
431 454
432 433
432 454
433 434
434 435
434 455
435 436
435 455
435 456
436 437
436 455
436 456
436 457
437 438
437 456
437 457
438 439
438 457
438 458
439 440
439 458
439 459
440 458
440 459
440 460
441 460
441 461
441 462
442 462
442 463
442 464
443 444
443 464
443 465
444 465
445 446
445 466
445 467
446 447
446 467
446 468
447 448
447 468
447 469
448 449
448 468
448 469
448 470
449 469
449 470
449 471
450 451
450 471
450 472
450 473
451 452
451 472
451 473
451 474
452 473
452 474
453 454
453 475
453 476
454 475
454 476
454 477
455 456
455 479
455 480
455 481
456 457
456 480
456 481
457 481
457 482
458 459
458 482
458 483
458 484
459 460
459 483
459 484
459 485
460 461
460 484
460 485
461 462
461 485
461 486
462 463
462 486
462 487
463 464
463 486
463 487
463 488
464 487
464 488
464 489
465 489
465 490
465 491
466 467
466 491
466 492
467 492
467 493
468 469
468 493
468 494
468 495
469 470
469 494
469 495
469 496
470 471
470 495
470 496
471 472
471 496
471 497
472 473
472 497
472 498
473 474
473 497
473 498
474 498
475 476
475 499
475 500
475 501
476 477
476 500
476 501
477 478
477 501
477 502
478 479
478 502
478 503
479 480
479 502
479 503
479 504
480 481
480 503
480 504
481 504
481 505
482 483
482 505
482 506
482 507
483 484
483 506
483 507
484 485
484 507
485 508
486 487
486 508
486 509
486 510
487 488
487 509
487 510
487 511
488 489
488 510
488 511
488 512
489 490
489 511
489 512
489 513
490 491
490 512
490 513
491 492
491 513
491 514
492 514
492 515
493 494
493 515
493 516
494 495
494 516
494 517
495 496
495 517
496 517
496 518
497 498
497 518
497 519
497 520
498 519
498 520
498 521
499 500
500 501
500 522
501 522
501 523
502 503
502 523
502 524
503 504
503 524
503 525
504 524
504 525
504 526
505 506
505 526
505 527
505 528
506 507
506 527
506 528
506 529
507 528
507 529
507 530
508 509
508 531
508 532
508 533
509 510
509 532
509 533
510 511
510 533
510 534
511 512
511 534
511 535
512 513
512 534
512 535
512 536
513 535
513 536
513 537
514 515
514 537
514 538
514 539
515 516
515 538
515 539
515 540
516 539
516 540
516 541
517 541
517 542
517 543
518 519
518 543
518 544
518 545
519 520
519 544
519 545
519 546
520 521
520 545
520 546
521 546
522 523
522 547
522 548
522 549
523 548
523 549
523 550
524 525
524 550
524 551
524 552
525 526
525 551
525 552
525 553
526 527
526 552
526 553
526 554
527 528
527 553
527 554
528 529
528 554
528 555
529 530
529 555
529 556
530 531
530 555
530 556
531 532
531 556
531 557
532 533
532 557
532 558
533 557
533 558
533 559
534 535
534 559
534 560
534 561
535 536
535 560
535 561
535 562
536 537
536 561
536 562
536 563
537 538
537 562
537 563
537 564
538 539
538 563
538 564
538 565
539 540
539 564
539 565
540 541
540 565
540 566
541 542
541 566
541 567
542 543
542 566
542 567
542 568
543 544
543 567
543 568
543 569
544 545
544 568
544 569
545 546
545 569
545 570
546 570
546 571
547 548
547 572
547 573
547 574
548 549
548 573
548 574
548 575
549 550
549 574
549 575
549 576
550 551
550 575
550 576
551 552
551 576
551 577
552 553
552 577
552 578
553 554
553 577
553 578
554 578
554 579
555 556
555 579
555 580
555 581
556 580
556 581
556 582
557 558
557 582
557 583
557 584
558 559
558 583
558 584
558 585
559 560
559 584
559 585
559 586
560 561
560 585
560 586
560 587
561 562
561 586
561 587
562 563
562 587
562 588
563 564
563 588
563 589
564 565
564 588
564 589
564 590
565 589
565 590
565 591
566 567
566 591
566 592
566 593
567 568
567 592
567 593
567 594
568 569
568 593
568 594
569 594
569 595
570 571
570 595
570 596
570 597
571 596
571 597
572 573
572 598
573 574
573 598
573 599
574 575
574 599
574 600
575 576
575 599
575 600
575 601
576 600
576 601
576 602
577 578
577 602
577 603
577 604
578 603
578 604
579 580
579 605
579 606
580 581
580 605
580 606
580 607
581 582
581 606
581 607
581 608
582 583
582 607
582 608
582 609
583 584
583 608
583 609
584 585
584 609
584 610
585 586
585 610
585 611
586 587
586 610
586 611
587 611
588 589
588 612
588 613
589 590
589 612
589 613
589 614
590 591
590 613
590 614
590 615
591 592
591 614
591 615
591 616
592 593
592 615
592 616
592 617
593 594
593 616
593 617
593 618
594 617
594 618
594 619
595 596
595 619
595 620
595 621
596 597
596 620
596 621
597 621
598 622
599 600
599 622
599 623
599 624
600 601
600 623
600 624
601 602
601 624
601 625
602 603
602 625
602 626
603 604
603 625
603 626
603 627
604 626
604 627
604 628
605 606
605 628
605 629
606 607
606 629
606 630
607 608
607 630
607 631
608 609
608 630
608 631
608 632
609 631
609 632
609 633
610 611
610 633
610 634
610 635
611 634
611 635
611 636
612 613
612 637
612 638
612 639
613 614
613 638
613 639
613 640
614 615
614 639
614 640
614 641
615 616
615 640
615 641
615 642
616 617
616 641
616 642
616 643
617 618
617 642
617 643
618 619
618 643
618 644
619 620
619 644
619 645
620 621
620 644
620 645
620 646
621 645
621 646
622 623
622 647
622 648
622 649
623 624
623 648
623 649
623 650
624 649
624 650
625 626
625 651
625 652
626 627
626 651
626 652
626 653
627 628
627 652
627 653
628 629
628 653
628 654
629 654
629 655
630 631
630 655
630 656
631 632
631 656
631 657
632 633
632 656
632 657
632 658
633 634
633 657
633 658
633 659
634 635
634 658
634 659
634 660
635 636
635 659
635 660
635 661
636 637
636 660
636 661
636 662
637 638
637 661
637 662
638 639
638 662
638 663
639 640
639 663
640 641
640 663
640 664
641 642
641 664
641 665
642 643
642 664
642 665
643 665
643 666
644 645
644 666
644 667
645 646
645 667
647 648
647 668
647 669
648 649
648 668
648 669
648 670
649 650
649 669
649 670
649 671
650 670
650 671
650 672
651 652
651 672
651 673
651 674
652 653
652 673
652 674
652 675
653 674
653 675
653 676
654 655
654 676
654 677
654 678
655 677
655 678
656 657
656 679
656 680
657 658
657 679
657 680
657 681
658 659
658 680
658 681
658 682
659 660
659 681
659 682
659 683
660 661
660 682
660 683
660 684
661 662
661 683
661 684
661 685
662 684
662 685
662 686
663 686
663 687
663 688
664 665
664 688
664 689
665 689
666 667
666 690
666 691
667 690
667 691
667 692
668 669
668 695
668 696
669 670
669 695
669 696
669 697
670 671
670 696
670 697
670 698
671 672
671 697
671 698
671 699
672 673
672 698
672 699
672 700
673 674
673 699
673 700
673 701
674 675
674 700
674 701
674 702
675 676
675 701
675 702
675 703
676 677
676 702
676 703
676 704
677 678
677 703
677 704
678 704
678 705
679 680
679 705
679 706
679 707
680 681
680 706
680 707
680 708
681 682
681 707
681 708
681 709
682 683
682 708
682 709
683 684
683 709
683 710
684 685
684 710
685 686
685 710
685 711
686 687
686 711
686 712
687 688
687 711
687 712
687 713
688 712
688 713
688 714
689 714
689 715
689 716
690 691
690 716
690 717
691 692
691 717
692 693
692 717
692 718
693 694
693 718
693 719
694 718
694 719
695 696
696 697
697 698
698 699
699 700
700 701
701 702
702 703
703 704
705 706
706 707
707 708
708 709
711 712
712 713
713 714
714 715
715 716
718 719
