# FromNodeId	ToNodeId
1 2
1 25
2 25
3 4
3 26
3 27
4 5
4 26
4 27
4 28
5 6
5 27
5 28
6 7
6 28
6 29
7 8
7 29
8 9
8 29
9 10
11 30
11 31
12 13
12 31
12 32
12 33
13 14
13 32
13 33
13 34
14 15
14 33
14 34
15 16
15 34
15 35
16 17
16 35
16 36
17 18
17 35
17 36
17 37
18 19
18 36
18 37
18 38
19 20
19 37
19 38
19 39
20 21
20 38
20 39
20 40
21 22
21 39
21 40
21 41
22 23
22 40
22 41
23 41
23 42
24 42
24 43
25 45
25 46
26 27
26 47
26 48
26 49
27 28
27 48
27 49
27 50
28 49
28 50
28 51
29 51
29 52
29 53
30 31
30 56
30 57
30 58
31 32
31 57
31 58
31 59
32 33
32 58
32 59
32 60
33 34
33 59
33 60
34 60
34 61
35 36
35 61
35 62
35 63
36 37
36 62
36 63
36 64
37 38
37 63
37 64
38 39
38 64
38 65
39 40
39 65
39 66
40 41
40 65
40 66
40 67
41 66
41 67
41 68
42 43
42 68
42 69
42 70
43 69
43 70
44 45
44 71
44 72
45 46
45 71
45 72
45 73
46 72
46 73
46 74
47 48
47 74
47 75
48 49
48 75
48 76
49 50
49 75
49 76
49 77
50 51
50 76
50 77
50 78
51 52
51 77
51 78
51 79
52 53
52 78
52 79
53 54
53 79
53 80
54 55
54 80
54 81
55 56
55 80
55 81
56 57
56 81
56 82
57 58
57 82
57 83
58 59
58 82
58 83
58 84
59 60
59 83
59 84
59 85
60 84
60 85
60 86
61 62
61 86
61 87
61 88
62 63
62 87
62 88
63 64
63 88
63 89
64 89
64 90
65 66
65 90
65 91
65 92
66 67
66 91
66 92
67 68
67 92
67 93
68 69
68 93
69 70
69 93
69 94
70 94
71 72
71 95
72 73
72 95
72 96
73 74
73 95
73 96
73 97
74 96
74 97
74 98
75 76
75 98
75 99
76 77
76 99
76 100
77 78
77 100
77 101
78 79
78 100
78 101
78 102
79 101
79 102
79 103
80 81
80 103
80 104
80 105
81 104
81 105
82 83
82 106
82 107
83 84
83 106
83 107
83 108
84 85
84 107
84 108
84 109
85 86
85 108
85 109
85 110
86 87
86 109
86 110
86 111
87 88
87 110
87 111
87 112
88 111
88 112
89 90
89 113
89 114
90 91
90 113
90 114
90 115
91 92
91 114
91 115
92 115
92 116
93 116
93 117
93 118
94 118
94 119
95 96
95 120
95 121
96 97
96 121
97 98
97 121
97 122
98 99
98 122
98 123
99 122
99 123
99 124
100 101
100 124
100 125
101 102
101 125
101 126
102 103
102 125
102 126
102 127
103 104
103 126
103 127
103 128
104 105
104 127
104 128
105 128
105 129
106 107
106 129
106 130
107 108
107 130
108 109
108 131
109 110
109 131
109 132
110 111
110 131
110 132
110 133
111 112
111 132
111 133
111 134
112 133
112 134
113 114
113 135
113 136
114 115
114 135
114 136
114 137
115 136
115 137
116 117
116 138
116 139
117 118
117 138
117 139
117 140
118 119
118 139
118 140
118 141
119 140
119 141
120 142
120 143
121 143
121 144
121 145
122 123
122 145
122 146
122 147
123 124
123 146
123 147
123 148
124 147
124 148
124 149
125 126
125 149
125 150
126 127
126 150
126 151
127 128
127 151
127 152
128 151
128 152
128 153
129 130
129 153
129 154
129 155
130 154
130 155
131 132
131 156
131 157
132 133
132 157
132 158
133 134
133 157
133 158
134 158
134 159
135 136
135 159
135 160
136 137
136 160
136 161
137 161
138 139
138 162
139 140
139 162
139 163
140 141
140 162
140 163
140 164
141 163
141 164
142 143
142 165
142 166
143 144
143 165
143 166
143 167
144 145
144 166
144 167
144 168
145 146
145 167
145 168
145 169
146 147
146 168
146 169
146 170
147 148
147 169
147 170
147 171
148 149
148 170
148 171
148 172
149 150
149 171
149 172
149 173
150 172
150 173
150 174
151 152
151 174
151 175
152 153
152 175
153 154
153 175
153 176
154 155
154 176
154 177
155 176
155 177
155 178
156 178
156 179
157 158
157 179
157 180
157 181
158 180
158 181
158 182
159 160
159 182
159 183
159 184
160 183
160 184
161 185
161 186
162 163
162 187
162 188
163 164
163 188
163 189
164 189
165 166
165 190
165 191
166 167
166 190
166 191
166 192
167 168
167 191
167 192
167 193
168 169
168 192
168 193
169 170
169 193
169 194
170 171
170 194
170 195
171 172
171 194
171 195
171 196
172 173
172 195
172 196
172 197
173 174
173 196
173 197
173 198
174 197
174 198
174 199
175 199
175 200
176 177
176 200
176 201
177 178
177 201
177 202
178 201
178 202
178 203
179 180
179 203
180 181
180 204
181 182
181 204
181 205
182 183
182 204
182 205
182 206
183 184
183 205
183 206
183 207
184 206
184 207
184 208
185 186
185 208
185 209
185 210
186 187
186 209
186 210
186 211
187 188
187 210
187 211
187 212
188 211
188 212
188 213
189 213
189 214
190 191
190 215
191 192
191 215
191 216
192 193
192 216
192 217
193 216
193 217
193 218
194 195
194 218
194 219
194 220
195 196
195 219
195 220
195 221
196 197
196 220
196 221
196 222
197 198
197 221
197 222
198 199
198 222
198 223
199 223
199 224
200 224
200 225
201 202
201 226
201 227
202 203
202 226
202 227
202 228
203 227
203 228
204 205
204 229
204 230
204 231
205 206
205 230
205 231
206 207
206 231
206 232
207 208
207 232
207 233
208 209
208 232
208 233
208 234
209 210
209 233
209 234
209 235
210 211
210 234
210 235
210 236
211 212
211 235
211 236
211 237
212 213
212 236
212 237
212 238
213 214
213 237
213 238
214 238
215 239
216 217
216 240
216 241
217 218
217 240
217 241
217 242
218 219
218 241
218 242
218 243
219 220
219 242
219 243
219 244
220 221
220 243
220 244
220 245
221 222
221 244
221 245
221 246
222 245
222 246
222 247
223 224
223 247
223 248
223 249
224 225
224 248
224 249
224 250
225 249
225 250
225 251
226 227
226 251
226 252
227 228
227 252
227 253
228 253
228 254
229 230
229 254
229 255
229 256
230 231
230 255
230 256
230 257
231 256
231 257
231 258
232 233
232 258
232 259
233 234
233 259
233 260
234 235
234 259
234 260
234 261
235 236
235 260
235 261
235 262
236 237
236 261
236 262
237 238
237 262
238 263
239 264
239 265
240 241
240 265
240 266
241 242
241 266
241 267
242 243
242 267
242 268
243 244
243 267
243 268
243 269
244 245
244 268
244 269
245 246
245 269
245 270
246 247
246 270
247 248
247 270
247 271
248 249
248 271
249 250
249 271
249 272
250 251
250 272
250 273
251 252
251 272
251 273
251 274
252 273
252 274
252 275
253 254
253 275
253 276
253 277
254 255
254 276
254 277
254 278
255 256
255 277
255 278
256 257
256 278
256 279
257 258
257 279
258 279
258 280
259 260
259 280
260 261
260 281
261 262
261 281
261 282
262 281
262 282
263 283
264 265
264 284
265 266
265 284
265 285
266 285
266 286
267 268
267 286
267 287
267 288
268 269
268 287
268 288
268 289
269 288
269 289
269 290
270 290
270 291
270 292
271 292
271 293
271 294
272 273
272 294
272 295
272 296
273 274
273 295
273 296
274 275
274 296
274 297
275 276
275 297
276 277
276 297
276 298
277 278
277 298
277 299
278 298
278 299
278 300
279 300
279 301
280 302
280 303
281 282
281 304
281 305
281 306
282 305
282 306
284 307
284 308
285 286
285 308
285 309
285 310
286 287
286 309
286 310
286 311
287 288
287 310
287 311
287 312
288 289
288 311
288 312
288 313
289 290
289 312
289 313
289 314
290 291
290 313
290 314
290 315
291 292
291 314
291 315
291 316
292 293
292 315
292 316
292 317
293 294
293 316
293 317
293 318
294 295
294 317
294 318
294 319
295 296
295 318
295 319
295 320
296 319
296 320
296 321
297 321
297 322
298 299
298 322
298 323
298 324
299 300
299 323
299 324
300 301
300 324
300 325
301 325
301 326
302 303
302 326
302 327
303 304
303 327
303 328
304 305
304 327
304 328
304 329
305 306
305 328
305 329
306 329
306 330
307 308
307 333
307 334
308 309
308 333
308 334
309 310
309 334
310 311
311 312
311 335
312 313
312 335
312 336
313 314
313 335
313 336
313 337
314 315
314 336
314 337
314 338
315 316
315 337
315 338
315 339
316 317
316 338
316 339
316 340
317 318
317 339
317 340
317 341
318 319
318 340
318 341
318 342
319 320
319 341
319 342
319 343
320 321
320 342
320 343
321 343
321 344
322 323
322 344
322 345
322 346
323 324
323 345
323 346
323 347
324 346
324 347
324 348
325 326
325 348
325 349
325 350
326 349
326 350
326 351
327 328
327 351
327 352
327 353
328 329
328 352
328 353
328 354
329 353
329 354
329 355
330 331
330 355
330 356
331 332
331 356
333 334
333 357
333 358
334 357
334 358
334 359
335 336
335 360
335 361
336 337
336 360
336 361
336 362
337 338
337 361
337 362
337 363
338 339
338 362
338 363
338 364
339 340
339 363
339 364
340 341
340 364
340 365
341 342
341 365
341 366
342 343
342 365
342 366
342 367
343 366
343 367
344 345
344 368
344 369
345 346
345 368
345 369
345 370
346 347
346 369
346 370
346 371
347 348
347 370
347 371
347 372
348 349
348 371
348 372
348 373
349 350
349 372
349 373
349 374
350 351
350 373
350 374
350 375
351 352
351 374
351 375
351 376
352 353
352 375
352 376
352 377
353 354
353 376
353 377
354 355
354 377
354 378
355 356
355 378
355 379
356 378
356 379
356 380
357 358
357 382
358 359
358 382
358 383
359 383
359 384
360 361
360 385
360 386
361 362
361 386
361 387
362 363
362 386
362 387
362 388
363 364
363 387
363 388
363 389
364 388
364 389
364 390
365 366
365 390
366 367
367 391
368 369
368 391
368 392
368 393
369 370
369 392
369 393
370 371
370 393
370 394
371 372
371 394
372 373
372 394
372 395
373 374
373 395
373 396
374 375
374 395
374 396
374 397
375 376
375 396
375 397
375 398
376 377
376 397
376 398
376 399
377 398
377 399
377 400
378 379
378 400
378 401
378 402
379 380
379 401
379 402
379 403
380 381
380 402
380 403
380 404
381 403
381 404
382 405
383 384
383 405
383 406
384 385
384 406
384 407
385 406
385 407
385 408
386 387
386 408
386 409
386 410
387 388
387 409
387 410
388 389
388 410
388 411
389 390
389 411
389 412
390 411
390 412
391 392
391 414
391 415
392 393
392 415
392 416
393 415
393 416
393 417
394 417
394 418
394 419
395 396
395 419
395 420
395 421
396 397
396 420
396 421
396 422
397 398
397 421
397 422
397 423
398 399
398 422
398 423
398 424
399 400
399 423
399 424
399 425
400 401
400 424
400 425
401 402
401 425
402 403
402 426
403 404
403 426
403 427
404 426
404 427
405 428
405 429
406 407
406 429
406 430
407 408
407 430
407 431
408 409
408 430
408 431
409 410
409 431
409 432
410 432
410 433
411 412
411 433
411 434
411 435
412 434
412 435
412 436
413 414
413 436
413 437
414 437
414 438
415 416
415 438
415 439
415 440
416 417
416 439
416 440
417 418
417 440
417 441
418 419
418 441
418 442
419 420
419 441
419 442
419 443
420 421
420 442
420 443
420 444
421 422
421 443
421 444
421 445
422 423
422 444
422 445
422 446
423 424
423 445
423 446
423 447
424 425
424 446
424 447
424 448
425 447
425 448
425 449
426 427
426 450
426 451
427 451
428 429
428 452
428 453
428 454
429 453
429 454
430 431
430 455
430 456
431 455
431 456
431 457
432 433
432 457
432 458
432 459
433 434
433 458
433 459
433 460
434 435
434 459
434 460
434 461
435 436
435 460
435 461
435 462
436 461
436 462
436 463
437 438
437 463
437 464
437 465
438 439
438 464
438 465
438 466
439 440
439 465
439 466
439 467
440 466
440 467
440 468
441 442
441 468
441 469
441 470
442 443
442 469
442 470
442 471
443 444
443 470
443 471
443 472
444 445
444 471
444 472
444 473
445 446
445 472
445 473
445 474
446 447
446 473
446 474
447 448
447 474
447 475
448 449
448 475
448 476
449 450
449 475
449 476
449 477
450 476
450 477
450 478
451 478
451 479
452 453
452 480
452 481
453 454
453 480
453 481
453 482
454 481
454 482
454 483
455 456
455 483
455 484
456 457
456 484
456 485
457 458
457 484
457 485
457 486
458 459
458 485
458 486
458 487
459 460
459 486
459 487
459 488
460 461
460 487
460 488
461 462
461 488
461 489
462 463
462 489
462 490
463 464
463 489
463 490
464 465
464 490
464 491
465 466
465 491
466 467
466 491
466 492
467 468
467 492
468 469
468 492
468 493
469 470
469 493
469 494
470 471
470 493
470 494
471 472
471 494
471 495
472 473
472 495
472 496
473 474
473 495
473 496
473 497
474 496
474 497
474 498
475 476
475 498
475 499
475 500
476 477
476 499
476 500
477 478
477 500
477 501
478 479
478 501
478 502
479 501
479 502
480 481
480 503
481 482
481 503
481 504
482 483
482 504
482 505
483 504
483 505
483 506
484 485
484 506
484 507
484 508
485 486
485 507
485 508
486 487
486 508
486 509
487 488
487 509
487 510
488 509
488 510
488 511
489 490
489 511
489 512
490 512
492 513
492 514
493 494
493 514
493 515
493 516
494 515
494 516
494 517
495 496
495 517
495 518
495 519
496 497
496 518
496 519
496 520
497 498
497 519
497 520
497 521
498 499
498 520
498 521
498 522
499 500
499 521
499 522
500 522
500 523
501 502
501 523
501 524
502 524
503 525
503 526
504 505
504 526
504 527
504 528
505 506
505 527
505 528
505 529
506 507
506 528
506 529
506 530
507 508
507 529
507 530
508 530
509 510
509 531
509 532
510 511
510 531
510 532
511 512
511 532
511 533
512 533
512 534
513 514
513 535
513 536
514 515
514 536
515 516
515 536
515 537
516 517
516 537
516 538
517 518
517 537
517 538
517 539
518 519
518 538
518 539
518 540
519 520
519 539
519 540
519 541
520 521
520 540
520 541
520 542
521 522
521 541
521 542
521 543
522 542
522 543
523 524
523 544
524 544
524 545
525 526
525 546
525 547
526 527
526 546
526 547
527 528
527 547
527 548
528 529
528 548
528 549
529 530
529 548
529 549
529 550
530 549
530 550
530 551
531 532
531 552
531 553
531 554
532 553
532 554
532 555
533 534
533 555
533 556
533 557
534 556
534 557
534 558
535 559
535 560
535 561
536 561
536 562
536 563
537 538
537 563
537 564
537 565
538 539
538 564
538 565
538 566
539 540
539 565
539 566
539 567
540 541
540 566
540 567
540 568
541 542
541 567
541 568
541 569
542 543
542 568
542 569
542 570
543 569
543 570
543 571
544 571
544 572
544 573
545 573
545 574
546 547
547 575
548 549
548 575
548 576
548 577
549 550
549 576
549 577
549 578
550 551
550 577
550 578
550 579
551 552
551 578
551 579
551 580
552 553
552 579
552 580
552 581
553 554
553 580
553 581
553 582
554 555
554 581
554 582
554 583
555 556
555 582
555 583
556 557
556 583
556 584
557 558
557 584
557 585
558 559
558 584
558 585
559 560
559 585
559 586
560 561
560 586
560 587
561 562
561 586
561 587
561 588
562 563
562 587
562 588
562 589
563 564
563 588
563 589
563 590
564 565
564 589
564 590
564 591
565 566
565 590
565 591
565 592
566 567
566 591
566 592
566 593
567 568
567 592
567 593
568 569
568 593
568 594
569 570
569 594
569 595
570 571
570 594
570 595
570 596
571 572
571 595
571 596
572 573
572 596
572 597
573 574
573 597
574 597
575 576
575 599
575 600
575 601
576 577
576 600
576 601
577 578
577 601
577 602
578 579
578 602
578 603
579 580
579 602
579 603
579 604
580 581
580 603
580 604
580 605
581 582
581 604
581 605
581 606
582 583
582 605
582 606
582 607
583 606
583 607
583 608
584 585
584 608
584 609
585 609
585 610
586 587
586 610
586 611
587 588
587 611
588 589
589 590
589 612
590 591
590 612
590 613
591 592
591 612
591 613
592 593
592 613
592 614
593 614
594 595
594 615
594 616
595 596
595 615
595 616
595 617
596 616
596 617
596 618
597 618
597 619
597 620
598 599
598 621
598 622
599 600
599 621
599 622
599 623
600 601
600 622
600 623
600 624
601 623
601 624
601 625
602 603
602 625
602 626
602 627
603 604
603 626
603 627
603 628
604 605
604 627
604 628
604 629
605 606
605 628
605 629
606 607
606 629
606 630
607 608
607 630
607 631
608 609
608 630
608 631
608 632
609 631
609 632
609 633
610 611
610 633
610 634
611 634
611 635
612 613
612 637
612 638
612 639
613 638
613 639
613 640
614 640
614 641
615 616
615 642
615 643
616 617
616 642
616 643
616 644
617 618
617 643
617 644
617 645
618 619
618 644
618 645
618 646
619 620
619 645
619 646
619 647
620 646
620 647
621 622
621 648
621 649
622 623
622 648
622 649
623 624
623 649
623 650
624 625
624 650
625 626
625 650
626 627
626 651
627 628
627 651
627 652
628 629
628 651
628 652
629 652
629 653
630 631
630 653
630 654
631 632
631 654
632 633
634 635
634 655
634 656
635 636
635 655
635 656
635 657
636 637
636 656
636 657
636 658
637 638
637 657
637 658
637 659
638 639
638 658
638 659
638 660
639 640
639 659
639 660
640 641
640 660
641 661
642 643
642 661
642 662
642 663
643 644
643 662
643 663
643 664
644 645
644 663
644 664
644 665
645 646
645 664
645 665
645 666
646 647
646 665
646 666
646 667
647 666
647 667
648 649
648 668
648 669
649 668
649 669
650 670
650 671
651 652
651 672
651 673
651 674
652 673
652 674
652 675
653 654
653 675
653 676
653 677
654 676
654 677
654 678
655 656
655 681
655 682
656 657
656 682
656 683
657 658
657 682
657 683
657 684
658 659
658 683
658 684
658 685
659 660
659 684
659 685
659 686
660 685
660 686
660 687
661 662
661 688
661 689
661 690
662 663
662 689
662 690
662 691
663 664
663 690
663 691
663 692
664 665
664 691
664 692
664 693
665 666
665 692
665 693
665 694
666 667
666 693
666 694
666 695
667 694
667 695
668 669
668 696
669 696
670 671
670 697
670 698
671 672
671 697
671 698
671 699
672 673
672 698
672 699
673 674
673 699
673 700
674 675
674 700
674 701
675 676
675 700
675 701
675 702
676 677
676 701
676 702
676 703
677 678
677 702
677 703
677 704
678 679
678 703
678 704
678 705
679 680
679 704
679 705
680 681
680 705
680 706
681 706
681 707
682 683
682 707
682 708
682 709
683 684
683 708
683 709
683 710
684 685
684 709
684 710
684 711
685 686
685 710
685 711
685 712
686 687
686 711
686 712
686 713
687 688
687 712
687 713
687 714
688 689
688 713
688 714
688 715
689 690
689 714
689 715
690 691
690 715
690 716
691 692
691 716
691 717
692 693
692 716
692 717
692 718
693 694
693 717
693 718
694 695
694 718
694 719
695 719
697 698
698 699
700 701
701 702
702 703
703 704
704 705
706 707
707 708
708 709
709 710
710 711
711 712
712 713
713 714
714 715
716 717
717 718
