# FromNodeId	ToNodeId
0 1
0 38
0 39
1 2
1 38
1 39
1 40
2 3
2 39
2 40
2 41
3 4
3 40
3 41
3 42
4 5
4 41
4 42
4 43
5 42
5 43
5 44
6 7
6 44
6 45
6 46
7 8
7 45
7 46
8 46
8 47
9 10
9 47
9 48
9 49
10 11
10 48
10 49
11 12
11 49
12 50
13 14
13 50
13 51
13 52
14 15
14 51
14 52
14 53
15 52
15 53
15 54
16 54
16 55
16 56
17 18
17 56
17 57
17 58
18 19
18 57
18 58
18 59
19 20
19 58
19 59
20 21
20 59
21 22
21 60
22 23
22 60
22 61
23 24
23 60
23 61
23 62
24 25
24 61
24 62
24 63
25 26
25 62
25 63
25 64
26 27
26 63
26 64
26 65
27 28
27 64
27 65
27 66
28 65
28 66
28 67
29 30
29 67
29 68
29 69
30 31
30 68
30 69
30 70
31 69
31 70
31 71
32 33
32 71
32 72
33 34
33 72
33 73
34 35
34 73
34 74
35 36
35 73
35 74
35 75
36 37
36 74
36 75
36 76
37 75
37 76
38 39
38 77
38 78
39 40
39 77
39 78
39 79
40 41
40 78
40 79
40 80
41 42
41 79
41 80
41 81
42 43
42 80
42 81
42 82
43 44
43 81
43 82
43 83
44 45
44 82
44 83
44 84
45 46
45 83
45 84
46 84
46 85
47 48
47 85
47 86
47 87
48 49
48 86
48 87
48 88
49 87
49 88
49 89
50 51
50 90
50 91
51 52
51 91
52 53
52 91
52 92
53 54
53 92
53 93
54 55
54 92
54 93
54 94
55 56
55 93
55 94
55 95
56 57
56 94
56 95
56 96
57 58
57 95
57 96
57 97
58 59
58 96
58 97
59 97
59 98
60 61
60 99
61 62
61 99
61 100
62 63
62 99
62 100
62 101
63 64
63 100
63 101
63 102
64 65
64 101
64 102
64 103
65 66
65 102
65 103
65 104
66 67
66 103
66 104
66 105
67 68
67 104
67 105
67 106
68 69
68 105
68 106
69 70
69 106
69 107
70 71
70 107
71 72
71 107
72 108
73 74
73 108
73 109
73 110
74 75
74 109
74 110
74 111
75 76
75 110
75 111
75 112
76 111
76 112
77 78
78 79
78 113
79 80
79 113
79 114
80 81
80 113
80 114
80 115
81 82
81 114
81 115
81 116
82 83
82 115
82 116
82 117
83 84
83 116
83 117
83 118
84 117
84 118
84 119
85 86
85 119
85 120
86 87
86 120
86 121
87 88
87 120
87 121
87 122
88 89
88 121
88 122
88 123
89 90
89 122
89 123
89 124
90 123
90 124
90 125
91 125
91 126
91 127
92 93
92 127
92 128
93 94
93 128
93 129
94 95
94 128
94 129
94 130
95 96
95 129
95 130
95 131
96 97
96 130
96 131
96 132
97 131
97 132
97 133
98 133
98 134
98 135
99 100
99 136
99 137
99 138
100 101
100 137
100 138
100 139
101 102
101 138
101 139
101 140
102 103
102 139
102 140
103 104
103 140
104 105
105 106
105 141
106 141
106 142
107 142
107 143
107 144
108 109
108 145
108 146
109 110
109 146
109 147
110 111
110 146
110 147
110 148
111 112
111 147
111 148
111 149
112 148
112 149
113 114
113 151
113 152
113 153
114 115
114 152
114 153
114 154
115 116
115 153
115 154
115 155
116 117
116 154
116 155
116 156
117 118
117 155
117 156
117 157
118 119
118 156
118 157
118 158
119 157
119 158
119 159
120 121
120 159
120 160
120 161
121 122
121 160
121 161
121 162
122 123
122 161
122 162
122 163
123 124
123 162
123 163
123 164
124 125
124 163
124 164
124 165
125 126
125 164
125 165
125 166
126 127
126 165
126 166
127 166
127 167
128 129
128 167
128 168
128 169
129 130
129 168
129 169
129 170
130 131
130 169
130 170
130 171
131 132
131 170
131 171
131 172
132 133
132 171
132 172
132 173
133 134
133 172
133 173
134 135
134 173
134 174
135 136
135 174
135 175
136 137
136 174
136 175
136 176
137 138
137 175
137 176
137 177
138 139
138 176
138 177
138 178
139 140
139 177
139 178
140 178
140 179
141 142
141 181
141 182
141 183
142 143
142 182
142 183
143 144
143 183
143 184
144 145
144 184
144 185
145 184
145 185
145 186
146 147
146 186
146 187
146 188
147 148
147 187
147 188
147 189
148 149
148 188
148 189
148 190
149 189
149 190
150 151
150 191
150 192
151 152
151 191
151 192
151 193
152 153
152 192
152 193
152 194
153 154
153 193
153 194
153 195
154 155
154 194
154 195
154 196
155 156
155 195
155 196
156 157
156 196
156 197
157 158
157 197
157 198
158 159
158 197
158 198
158 199
159 160
159 198
159 199
159 200
160 161
160 199
160 200
160 201
161 162
161 200
161 201
161 202
162 163
162 201
162 202
162 203
163 164
163 202
163 203
163 204
164 165
164 203
164 204
165 166
165 204
165 205
166 205
167 168
167 206
168 169
168 206
169 170
169 206
169 207
170 171
170 207
170 208
171 172
171 207
171 208
171 209
172 173
172 208
172 209
172 210
173 209
173 210
173 211
174 175
174 211
174 212
175 176
175 212
176 177
176 213
177 178
177 213
177 214
178 213
178 214
178 215
179 180
179 215
179 216
179 217
180 181
180 216
180 217
180 218
181 182
181 217
181 218
181 219
182 183
182 218
182 219
183 219
183 220
184 185
184 220
184 221
184 222
185 186
185 221
185 222
185 223
186 187
186 222
186 223
186 224
187 188
187 223
187 224
187 225
188 189
188 224
188 225
188 226
189 190
189 225
189 226
189 227
190 226
190 227
191 192
191 228
191 229
192 193
192 228
192 229
192 230
193 194
193 229
193 230
193 231
194 195
194 230
194 231
194 232
195 196
195 231
195 232
195 233
196 232
196 233
196 234
197 198
197 234
197 235
197 236
198 199
198 235
198 236
198 237
199 200
199 236
199 237
199 238
200 201
200 237
200 238
200 239
201 202
201 238
201 239
201 240
202 203
202 239
202 240
203 204
203 240
203 241
204 241
205 242
205 243
206 244
207 208
207 245
207 246
208 209
208 245
208 246
208 247
209 210
209 246
209 247
209 248
210 211
210 247
210 248
210 249
211 212
211 248
211 249
211 250
212 249
212 250
213 214
213 251
213 252
213 253
214 215
214 252
214 253
214 254
215 216
215 253
215 254
215 255
216 217
216 254
216 255
216 256
217 218
217 255
217 256
217 257
218 219
218 256
218 257
218 258
219 257
219 258
219 259
220 221
220 259
220 260
221 222
221 260
221 261
222 223
222 260
222 261
223 224
223 261
223 262
224 225
224 262
225 226
225 262
226 227
226 263
227 263
228 229
228 264
229 230
229 264
229 265
230 231
230 264
230 265
230 266
231 232
231 265
231 266
231 267
232 233
232 266
232 267
233 234
233 267
234 235
234 268
235 236
235 268
235 269
236 237
236 268
236 269
236 270
237 238
237 269
237 270
238 239
238 270
238 271
239 240
239 271
240 271
240 272
241 272
241 273
241 274
242 243
242 274
242 275
242 276
243 275
243 276
243 277
244 277
244 278
244 279
245 246
245 279
245 280
246 247
246 280
247 248
247 281
248 249
248 281
248 282
249 250
249 281
249 282
249 283
250 282
250 283
250 284
251 252
251 284
251 285
252 253
252 285
253 254
253 285
254 255
254 286
255 256
255 286
256 257
256 286
257 258
257 287
258 259
258 287
258 288
259 287
259 288
259 289
260 261
260 289
260 290
260 291
261 290
261 291
261 292
262 292
262 293
263 294
263 295
264 265
264 296
264 297
264 298
265 266
265 297
265 298
265 299
266 267
266 298
266 299
266 300
267 299
267 300
267 301
268 269
268 302
268 303
268 304
269 270
269 303
269 304
270 304
270 305
271 305
271 306
271 307
272 273
272 307
272 308
272 309
273 274
273 308
273 309
273 310
274 275
274 309
274 310
275 276
275 310
275 311
276 277
276 311
276 312
277 278
277 311
277 312
277 313
278 279
278 312
278 313
278 314
279 280
279 313
279 314
280 314
280 315
281 282
281 316
281 317
281 318
282 283
282 317
282 318
282 319
283 284
283 318
283 319
283 320
284 319
284 320
284 321
285 321
286 322
286 323
286 324
287 288
287 325
287 326
288 289
288 325
288 326
288 327
289 290
289 326
289 327
289 328
290 291
290 327
290 328
290 329
291 292
291 328
291 329
291 330
292 293
292 329
292 330
292 331
293 330
293 331
294 295
294 332
295 332
296 297
296 333
297 298
297 333
297 334
298 299
298 334
298 335
299 300
299 334
299 335
299 336
300 301
300 335
300 336
301 302
301 336
301 337
302 303
302 337
302 338
303 304
303 337
303 338
304 338
304 339
305 306
305 339
305 340
305 341
306 307
306 340
306 341
307 308
307 341
307 342
308 309
308 342
309 310
309 342
309 343
310 343
311 312
311 344
311 345
312 313
312 344
312 345
312 346
313 314
313 345
313 346
313 347
314 346
314 347
314 348
315 316
315 348
315 349
316 317
316 349
316 350
317 318
317 349
317 350
317 351
318 319
318 350
318 351
318 352
319 320
319 351
319 352
319 353
320 321
320 352
320 353
320 354
321 353
321 354
321 355
322 323
322 356
322 357
322 358
323 324
323 357
323 358
324 358
324 359
325 326
325 359
325 360
325 361
326 327
326 360
326 361
326 362
327 328
327 361
327 362
327 363
328 329
328 362
328 363
328 364
329 330
329 363
329 364
329 365
330 331
330 364
330 365
330 366
331 365
331 366
331 367
332 367
332 368
332 369
333 370
333 371
334 335
334 371
334 372
334 373
335 336
335 372
335 373
336 373
336 374
337 338
337 374
337 375
337 376
338 375
338 376
338 377
339 340
339 377
339 378
339 379
340 341
340 378
340 379
340 380
341 379
341 380
342 381
342 382
343 382
343 383
343 384
344 345
344 384
344 385
344 386
345 346
345 385
345 386
345 387
346 347
346 386
346 387
346 388
347 348
347 387
347 388
347 389
348 388
348 389
348 390
349 350
349 390
349 391
350 351
350 391
351 352
351 391
351 392
352 353
352 392
353 354
353 392
353 393
354 355
354 393
354 394
355 356
355 393
355 394
355 395
356 357
356 394
356 395
356 396
357 358
357 395
357 396
357 397
358 396
358 397
358 398
359 360
359 398
359 399
359 400
360 361
360 399
360 400
360 401
361 362
361 400
361 401
361 402
362 363
362 401
362 402
362 403
363 364
363 402
363 403
363 404
364 365
364 403
364 404
364 405
365 366
365 404
365 405
365 406
366 367
366 405
366 406
366 407
367 368
367 406
367 407
367 408
368 369
368 407
368 408
368 409
369 408
369 409
370 371
370 410
370 411
371 372
371 410
371 411
371 412
372 373
372 411
372 412
372 413
373 412
373 413
374 375
374 414
375 376
375 414
376 377
376 414
376 415
377 378
377 415
377 416
378 379
378 415
378 416
378 417
379 380
379 416
379 417
379 418
380 417
380 418
380 419
381 382
381 419
381 420
381 421
382 383
382 420
382 421
382 422
383 384
383 421
383 422
383 423
384 385
384 422
384 423
384 424
385 386
385 423
385 424
385 425
386 387
386 424
386 425
386 426
387 388
387 425
387 426
387 427
388 389
388 426
388 427
389 390
389 427
389 428
390 428
390 429
391 429
391 430
391 431
392 431
392 432
392 433
393 394
393 433
393 434
393 435
394 395
394 434
394 435
394 436
395 396
395 435
395 436
395 437
396 397
396 436
396 437
397 398
397 437
397 438
398 399
398 438
399 400
399 438
399 439
400 401
400 439
400 440
401 402
401 439
401 440
401 441
402 403
402 440
402 441
402 442
403 404
403 441
403 442
403 443
404 405
404 442
404 443
404 444
405 406
405 443
405 444
405 445
406 407
406 444
406 445
406 446
407 408
407 445
407 446
408 409
408 446
408 447
409 447
410 411
410 448
410 449
411 412
411 448
411 449
411 450
412 413
412 449
412 450
412 451
413 450
413 451
413 452
414 453
414 454
415 416
415 454
415 455
415 456
416 417
416 455
416 456
416 457
417 418
417 456
417 457
417 458
418 419
418 457
418 458
418 459
419 420
419 458
419 459
419 460
420 421
420 459
420 460
420 461
421 422
421 460
421 461
421 462
422 423
422 461
422 462
422 463
423 424
423 462
423 463
423 464
424 425
424 463
424 464
424 465
425 426
425 464
425 465
425 466
426 427
426 465
426 466
426 467
427 466
427 467
427 468
428 429
428 468
428 469
428 470
429 430
429 469
429 470
429 471
430 431
430 470
430 471
431 432
431 471
431 472
432 433
432 472
432 473
433 434
433 472
433 473
433 474
434 435
434 473
434 474
434 475
435 436
435 474
435 475
435 476
436 437
436 475
436 476
436 477
437 476
437 477
438 478
438 479
439 440
439 479
439 480
439 481
440 441
440 480
440 481
440 482
441 442
441 481
441 482
441 483
442 443
442 482
442 483
442 484
443 444
443 483
443 484
443 485
444 445
444 484
444 485
444 486
445 446
445 485
445 486
445 487
446 486
446 487
447 488
448 449
448 489
448 490
449 450
449 489
449 490
449 491
450 451
450 490
450 491
450 492
451 452
451 491
451 492
451 493
452 492
452 493
453 454
453 494
453 495
454 455
454 494
454 495
454 496
455 456
455 495
455 496
455 497
456 457
456 496
456 497
456 498
457 458
457 497
457 498
457 499
458 459
458 498
458 499
458 500
459 460
459 499
459 500
459 501
460 461
460 500
460 501
461 462
461 501
462 463
463 464
463 502
464 465
464 502
464 503
465 466
465 502
465 503
466 467
466 503
466 504
467 468
467 504
467 505
468 469
468 504
468 505
468 506
469 470
469 505
469 506
469 507
470 471
470 506
470 507
470 508
471 507
471 508
472 473
472 509
472 510
473 474
473 509
473 510
474 475
474 510
475 476
475 511
476 477
476 511
476 512
477 511
477 512
477 513
478 479
478 513
478 514
478 515
479 480
479 514
479 515
480 481
480 515
480 516
481 482
481 516
481 517
482 483
482 516
482 517
482 518
483 484
483 517
483 518
484 485
484 518
484 519
485 486
485 519
486 487
486 519
486 520
487 520
487 521
488 521
488 522
489 490
489 523
489 524
490 491
490 523
490 524
490 525
491 492
491 524
491 525
491 526
492 493
492 525
492 526
493 526
493 527
494 495
494 527
494 528
495 496
495 528
496 497
496 528
496 529
497 498
497 529
497 530
498 499
498 529
498 530
498 531
499 500
499 530
499 531
499 532
500 501
500 531
500 532
500 533
501 532
501 533
501 534
502 503
502 536
502 537
503 537
503 538
504 505
504 538
504 539
504 540
505 506
505 539
505 540
506 507
506 540
506 541
507 508
507 541
508 541
509 510
509 542
509 543
510 542
510 543
510 544
511 512
511 545
511 546
512 513
512 546
513 514
513 546
514 515
514 547
515 547
515 548
516 517
516 548
516 549
516 550
517 518
517 549
517 550
517 551
518 550
518 551
518 552
519 552
519 553
519 554
520 521
520 554
520 555
521 522
521 555
523 524
523 556
523 557
524 525
524 556
524 557
524 558
525 526
525 557
525 558
525 559
526 558
526 559
526 560
527 560
527 561
527 562
528 562
528 563
528 564
529 530
529 564
529 565
529 566
530 531
530 565
530 566
531 532
531 566
531 567
532 533
532 567
532 568
533 534
533 567
533 568
533 569
534 535
534 568
534 569
534 570
535 536
535 569
535 570
536 537
536 570
537 571
538 539
538 571
539 540
539 572
540 572
540 573
541 573
541 574
542 543
542 575
542 576
542 577
543 544
543 576
543 577
543 578
544 545
544 577
544 578
544 579
545 578
545 579
545 580
546 580
546 581
547 548
547 582
547 583
548 549
548 582
548 583
548 584
549 550
549 583
549 584
549 585
550 551
550 584
550 585
551 552
551 585
552 553
552 586
553 554
553 586
553 587
554 555
554 586
554 587
554 588
555 587
555 588
555 589
556 557
556 591
556 592
557 558
557 591
557 592
558 559
558 592
558 593
559 560
559 593
559 594
560 561
560 593
560 594
560 595
561 562
561 594
561 595
562 563
562 595
562 596
563 564
563 596
563 597
564 565
564 596
564 597
564 598
565 566
565 597
565 598
565 599
566 598
566 599
566 600
567 568
567 600
567 601
568 569
568 601
568 602
569 570
569 602
569 603
570 602
570 603
570 604
571 605
571 606
572 573
572 607
572 608
573 574
573 607
573 608
573 609
574 608
574 609
574 610
575 576
575 610
575 611
576 577
576 611
576 612
577 578
577 611
577 612
578 579
578 612
578 613
579 580
579 613
580 581
580 613
580 614
581 614
582 583
582 615
582 616
582 617
583 584
583 616
583 617
583 618
584 585
584 617
584 618
584 619
585 618
585 619
585 620
586 587
586 621
586 622
586 623
587 588
587 622
587 623
587 624
588 589
588 623
588 624
588 625
589 590
589 624
589 625
589 626
590 625
590 626
591 592
591 627
591 628
592 627
592 628
592 629
593 594
593 629
593 630
593 631
594 595
594 630
594 631
594 632
595 631
595 632
596 597
596 633
596 634
597 598
597 633
597 634
597 635
598 599
598 634
598 635
598 636
599 600
599 635
599 636
599 637
600 601
600 636
600 637
600 638
601 637
601 638
601 639
602 603
602 639
602 640
602 641
603 604
603 640
603 641
603 642
604 605
604 641
604 642
604 643
605 642
605 643
605 644
606 644
606 645
606 646
607 608
607 646
607 647
607 648
608 609
608 647
608 648
609 610
609 648
609 649
610 649
610 650
611 612
611 650
611 651
612 651
612 652
613 652
613 653
613 654
614 654
614 655
614 656
615 616
615 656
615 657
615 658
616 617
616 657
616 658
616 659
617 618
617 658
617 659
617 660
618 619
618 659
618 660
618 661
619 620
619 660
619 661
619 662
620 621
620 661
620 662
620 663
621 622
621 662
621 663
622 623
622 663
622 664
623 624
623 664
623 665
624 625
624 664
624 665
624 666
625 626
625 665
625 666
625 667
626 666
626 667
627 628
628 629
628 668
629 630
629 668
629 669
630 631
630 668
630 669
630 670
631 632
631 669
631 670
631 671
632 670
632 671
632 672
633 634
633 672
634 635
634 673
635 636
635 673
635 674
636 637
636 673
636 674
636 675
637 638
637 674
637 675
638 639
638 675
639 640
639 676
640 641
640 676
640 677
641 642
641 676
641 677
642 643
642 677
642 678
643 644
643 678
644 645
644 678
644 679
645 646
645 679
645 680
646 647
646 679
646 680
646 681
647 648
647 680
647 681
647 682
648 681
648 682
649 650
649 683
649 684
650 683
650 684
650 685
651 652
651 685
651 686
651 687
652 653
652 686
652 687
652 688
653 654
653 687
653 688
653 689
654 655
654 688
654 689
654 690
655 656
655 689
655 690
655 691
656 657
656 690
656 691
656 692
657 658
657 691
657 692
657 693
658 659
658 692
658 693
658 694
659 660
659 693
659 694
660 661
660 694
661 662
661 695
662 663
662 695
663 695
663 696
664 665
664 696
665 666
665 697
666 667
666 697
667 697
668 669
669 670
669 699
670 671
670 699
670 700
671 672
671 699
671 700
671 701
672 700
672 701
672 702
673 674
673 703
673 704
674 675
674 703
674 704
674 705
675 704
675 705
675 706
676 677
676 707
676 708
677 708
677 709
678 709
678 710
679 680
679 711
679 712
680 681
680 711
680 712
680 713
681 682
681 712
681 713
681 714
682 713
682 714
682 715
683 684
683 715
683 716
683 717
684 685
684 716
684 717
684 718
685 686
685 717
685 718
685 719
686 687
686 718
686 719
686 720
687 688
687 719
687 720
687 721
688 689
688 720
688 721
688 722
689 690
689 721
689 722
689 723
690 691
690 722
690 723
690 724
691 692
691 723
691 724
691 725
692 693
692 724
692 725
692 726
693 694
693 725
693 726
693 727
694 726
694 727
694 728
695 729
696 730
697 731
697 732
698 733
698 734
699 700
699 736
699 737
700 701
700 737
701 702
701 737
701 738
702 738
702 739
703 704
703 739
703 740
703 741
704 705
704 740
704 741
704 742
705 706
705 741
705 742
705 743
706 707
706 742
706 743
706 744
707 708
707 743
707 744
707 745
708 744
708 745
708 746
709 710
709 746
709 747
710 747
710 748
711 712
711 748
711 749
711 750
712 713
712 749
712 750
712 751
713 714
713 750
713 751
713 752
714 715
714 751
714 752
714 753
715 716
715 752
715 753
715 754
716 717
716 753
716 754
716 755
717 718
717 754
717 755
718 719
718 755
718 756
719 720
719 756
719 757
720 721
720 756
720 757
720 758
721 722
721 757
721 758
721 759
722 723
722 758
722 759
723 724
723 759
723 760
724 725
724 760
725 726
725 760
725 761
726 727
726 761
726 762
727 728
727 761
727 762
728 729
728 762
728 763
729 763
729 764
730 731
730 766
730 767
731 767
731 768
732 768
732 769
733 734
733 770
733 771
734 735
734 770
734 771
734 772
735 736
735 771
735 772
735 773
736 772
736 773
736 774
737 774
737 775
737 776
738 739
738 776
738 777
739 740
739 777
739 778
740 741
740 777
740 778
740 779
741 742
741 778
741 779
741 780
742 743
742 779
742 780
743 744
743 780
743 781
744 745
744 781
744 782
745 746
745 781
745 782
745 783
746 782
746 783
746 784
747 748
747 784
747 785
747 786
748 749
748 785
748 786
749 750
749 786
749 787
750 751
750 787
750 788
751 752
751 787
751 788
752 753
752 788
752 789
753 754
753 789
753 790
754 755
754 789
754 790
754 791
755 790
755 791
755 792
756 757
756 792
756 793
756 794
757 758
757 793
757 794
758 759
758 794
758 795
759 795
759 796
760 796
760 797
761 762
761 798
762 798
762 799
763 764
763 799
763 800
763 801
764 765
764 800
764 801
764 802
765 766
765 801
765 802
765 803
766 767
766 802
766 803
766 804
767 803
767 804
767 805
768 769
768 805
768 806
769 806
770 771
770 807
770 808
771 772
771 807
771 808
771 809
772 773
772 808
772 809
772 810
773 774
773 809
773 810
773 811
774 775
774 810
774 811
774 812
775 776
775 811
775 812
775 813
776 812
776 813
776 814
777 778
777 814
777 815
778 779
778 815
779 780
779 815
779 816
780 816
780 817
781 782
781 817
781 818
782 783
782 818
782 819
783 784
783 818
783 819
784 785
784 819
784 820
785 786
785 820
785 821
786 820
786 821
786 822
787 788
787 822
787 823
787 824
788 823
788 824
788 825
789 790
789 825
789 826
790 791
790 826
790 827
791 792
791 827
791 828
792 793
792 827
792 828
792 829
793 794
793 828
793 829
793 830
794 829
794 830
795 796
795 831
796 797
796 831
797 831
797 832
798 832
798 833
798 834
799 800
799 834
799 835
799 836
800 801
800 835
800 836
800 837
801 802
801 836
801 837
801 838
802 803
802 837
802 838
802 839
803 804
803 838
803 839
803 840
804 805
804 839
804 840
804 841
805 840
805 841
806 842
807 808
807 843
807 844
808 809
808 843
808 844
808 845
809 810
809 844
809 845
809 846
810 811
810 845
810 846
810 847
811 812
811 846
811 847
812 813
812 847
812 848
813 814
813 848
813 849
814 848
814 849
815 850
815 851
816 817
816 851
816 852
816 853
817 852
817 853
817 854
818 819
818 854
818 855
818 856
819 855
819 856
820 821
820 857
821 822
821 857
822 823
822 857
822 858
823 824
823 858
823 859
824 825
824 858
824 859
824 860
825 826
825 859
825 860
825 861
826 860
826 861
826 862
827 828
827 862
827 863
827 864
828 829
828 863
828 864
828 865
829 830
829 864
829 865
830 865
830 866
831 867
831 868
831 869
832 833
832 869
832 870
832 871
833 834
833 870
833 871
833 872
834 835
834 871
834 872
835 836
835 872
835 873
836 837
836 873
836 874
837 838
837 873
837 874
837 875
838 839
838 874
838 875
839 840
839 875
839 876
840 841
840 876
840 877
841 876
841 877
842 878
843 844
843 879
844 845
844 879
844 880
845 846
845 880
845 881
846 847
846 880
846 881
846 882
847 881
847 882
848 849
848 883
848 884
849 883
849 884
849 885
850 851
850 885
850 886
851 852
851 886
851 887
852 853
852 887
852 888
853 854
853 887
853 888
853 889
854 855
854 888
854 889
854 890
855 856
855 889
855 890
855 891
856 890
856 891
856 892
857 893
858 859
858 894
859 860
859 894
860 861
860 894
861 862
861 895
862 863
862 895
862 896
863 864
863 895
863 896
863 897
864 865
864 896
864 897
864 898
865 897
865 898
865 899
866 867
866 899
866 900
867 868
867 900
867 901
868 869
868 901
869 870
869 901
869 902
870 871
870 902
870 903
871 872
871 902
871 903
871 904
872 903
872 904
872 905
873 874
873 905
873 906
873 907
874 875
874 906
874 907
874 908
875 907
875 908
875 909
876 877
876 909
876 910
876 911
877 910
877 911
877 912
878 912
878 913
879 914
879 915
880 881
880 915
880 916
880 917
881 882
881 916
881 917
881 918
882 917
882 918
882 919
883 884
883 919
883 920
883 921
884 885
884 920
884 921
884 922
885 886
885 921
885 922
885 923
886 922
886 923
886 924
887 888
887 924
887 925
887 926
888 889
888 925
888 926
888 927
889 890
889 926
889 927
889 928
890 891
890 927
890 928
891 892
891 928
891 929
892 929
893 930
893 931
894 932
894 933
895 896
895 934
896 897
896 935
897 898
897 935
898 899
898 935
898 936
899 900
899 936
899 937
900 936
900 937
901 938
902 903
902 939
902 940
903 904
903 939
903 940
903 941
904 905
904 940
904 941
904 942
905 906
905 941
905 942
905 943
906 907
906 942
906 943
906 944
907 908
907 943
907 944
908 909
908 944
909 910
909 945
910 911
910 945
910 946
911 912
911 945
911 946
911 947
912 913
912 946
912 947
912 948
913 947
913 948
914 915
914 949
915 916
915 949
915 950
916 917
916 949
916 950
916 951
917 918
917 950
917 951
917 952
918 919
918 951
918 952
919 920
919 952
920 921
921 922
921 953
922 923
922 953
922 954
923 924
923 953
923 954
923 955
924 925
924 954
924 955
924 956
925 926
925 955
925 956
925 957
926 927
926 956
926 957
926 958
927 928
927 957
927 958
927 959
928 958
928 959
928 960
929 960
929 961
930 931
930 962
931 962
932 933
932 963
932 964
933 934
933 963
933 964
933 965
934 964
934 965
934 966
935 967
935 968
935 969
936 937
936 969
936 970
936 971
937 970
937 971
937 972
938 972
938 973
938 974
939 940
939 974
939 975
940 941
940 975
940 976
941 942
941 975
941 976
941 977
942 943
942 976
942 977
942 978
943 944
943 977
943 978
943 979
944 978
944 979
944 980
945 946
945 981
945 982
946 947
946 981
946 982
946 983
947 948
947 982
947 983
947 984
948 983
948 984
949 950
949 985
949 986
950 951
950 986
950 987
951 952
951 986
951 987
951 988
952 987
952 988
952 989
953 954
953 991
953 992
954 955
954 991
954 992
955 956
955 992
955 993
956 957
956 993
956 994
957 958
957 993
957 994
957 995
958 959
958 994
958 995
958 996
959 960
959 995
959 996
959 997
960 961
960 996
960 997
960 998
961 997
961 998
961 999
962 1000
962 1001
963 964
963 1002
964 965
964 1002
964 1003
965 966
965 1002
965 1003
965 1004
966 967
966 1003
966 1004
966 1005
967 968
967 1004
967 1005
967 1006
968 969
968 1005
968 1006
969 970
969 1006
969 1007
970 971
970 1007
970 1008
971 972
971 1007
971 1008
971 1009
972 973
972 1008
972 1009
973 974
973 1009
973 1010
974 1010
974 1011
975 976
975 1011
975 1012
976 977
976 1012
976 1013
977 978
977 1012
977 1013
978 979
978 1013
979 980
980 1014
981 982
981 1014
981 1015
982 983
982 1015
983 984
983 1015
983 1016
984 1016
985 1017
985 1018
986 987
986 1018
986 1019
987 988
987 1019
987 1020
988 989
988 1019
988 1020
988 1021
989 990
989 1020
989 1021
990 1021
990 1022
991 992
991 1022
991 1023
991 1024
992 1023
992 1024
992 1025
993 994
993 1025
993 1026
993 1027
994 995
994 1026
994 1027
994 1028
995 996
995 1027
995 1028
996 997
996 1028
996 1029
997 998
997 1029
997 1030
998 999
998 1029
998 1030
999 1000
999 1030
999 1031
1000 1001
1000 1031
1001 1031
1002 1003
1002 1032
1002 1033
1003 1004
1003 1032
1003 1033
1003 1034
1004 1005
1004 1033
1004 1034
1004 1035
1005 1006
1005 1034
1005 1035
1005 1036
1006 1035
1006 1036
1007 1008
1007 1037
1007 1038
1008 1009
1008 1037
1008 1038
1009 1038
1009 1039
1010 1011
1010 1039
1010 1040
1010 1041
1011 1040
1011 1041
1011 1042
1012 1013
1012 1042
1012 1043
1012 1044
1013 1043
1013 1044
1013 1045
1014 1047
1014 1048
1015 1048
1015 1049
1016 1050
1017 1018
1017 1051
1018 1051
1019 1020
1020 1021
1020 1052
1021 1052
1021 1053
1022 1023
1022 1053
1022 1054
1023 1024
1023 1054
1023 1055
1024 1025
1024 1054
1024 1055
1024 1056
1025 1026
1025 1055
1025 1056
1025 1057
1026 1027
1026 1056
1026 1057
1026 1058
1027 1028
1027 1057
1027 1058
1028 1058
1028 1059
1029 1030
1029 1059
1029 1060
1030 1060
1030 1061
1031 1061
1031 1062
1031 1063
1032 1033
1032 1065
1032 1066
1032 1067
1033 1034
1033 1066
1033 1067
1033 1068
1034 1035
1034 1067
1034 1068
1034 1069
1035 1036
1035 1068
1035 1069
1035 1070
1036 1069
1036 1070
1036 1071
1037 1038
1037 1071
1037 1072
1038 1072
1038 1073
1039 1040
1039 1073
1039 1074
1039 1075
1040 1041
1040 1074
1040 1075
1040 1076
1041 1042
1041 1075
1041 1076
1041 1077
1042 1043
1042 1076
1042 1077
1042 1078
1043 1044
1043 1077
1043 1078
1044 1045
1044 1078
1044 1079
1045 1046
1045 1079
1045 1080
1046 1079
1046 1080
1047 1048
1047 1081
1048 1049
1048 1081
1048 1082
1049 1082
1051 1083
1052 1053
1052 1084
1052 1085
1052 1086
1053 1085
1053 1086
1053 1087
1054 1055
1054 1087
1054 1088
1054 1089
1055 1056
1055 1088
1055 1089
1055 1090
1056 1057
1056 1089
1056 1090
1056 1091
1057 1058
1057 1090
1057 1091
1057 1092
1058 1091
1058 1092
1058 1093
1059 1093
1059 1094
1060 1061
1060 1094
1060 1095
1060 1096
1061 1062
1061 1095
1061 1096
1061 1097
1062 1063
1062 1096
1062 1097
1062 1098
1063 1064
1063 1097
1063 1098
1063 1099
1064 1065
1064 1098
1064 1099
1064 1100
1065 1066
1065 1099
1065 1100
1066 1067
1066 1100
1066 1101
1067 1068
1067 1101
1068 1069
1068 1101
1068 1102
1069 1070
1069 1102
1069 1103
1070 1071
1070 1102
1070 1103
1070 1104
1071 1103
1071 1104
1071 1105
1072 1073
1072 1105
1072 1106
1072 1107
1073 1074
1073 1106
1073 1107
1073 1108
1074 1075
1074 1107
1074 1108
1074 1109
1075 1076
1075 1108
1075 1109
1076 1077
1076 1109
1077 1078
1079 1080
1079 1110
1079 1111
1080 1110
1080 1111
1080 1112
1081 1112
1081 1113
1081 1114
1082 1114
1082 1115
1082 1116
1083 1118
1083 1119
1083 1120
1084 1085
1084 1121
1084 1122
1084 1123
1085 1086
1085 1122
1085 1123
1086 1087
1086 1123
1087 1088
1087 1124
1088 1089
1088 1124
1088 1125
1089 1090
1089 1124
1089 1125
1089 1126
1090 1091
1090 1125
1090 1126
1090 1127
1091 1092
1091 1126
1091 1127
1092 1093
1092 1127
1092 1128
1093 1128
1093 1129
1094 1095
1094 1129
1094 1130
1094 1131
1095 1096
1095 1130
1095 1131
1095 1132
1096 1097
1096 1131
1096 1132
1096 1133
1097 1098
1097 1132
1097 1133
1097 1134
1098 1099
1098 1133
1098 1134
1098 1135
1099 1100
1099 1134
1099 1135
1099 1136
1100 1135
1100 1136
1100 1137
1101 1137
1101 1138
1101 1139
1102 1103
1102 1139
1102 1140
1102 1141
1103 1104
1103 1140
1103 1141
1103 1142
1104 1105
1104 1141
1104 1142
1105 1106
1105 1142
1105 1143
1106 1107
1106 1143
1107 1108
1107 1143
1108 1109
1108 1144
1109 1144
1109 1145
1110 1111
1110 1148
1110 1149
1110 1150
1111 1112
1111 1149
1111 1150
1111 1151
1112 1113
1112 1150
1112 1151
1112 1152
1113 1114
1113 1151
1113 1152
1114 1115
1114 1152
1115 1116
1115 1153
1116 1117
1116 1153
1116 1154
1117 1153
1117 1154
1118 1119
1118 1155
1118 1156
1119 1120
1119 1155
1119 1156
1119 1157
1120 1121
1120 1156
1120 1157
1121 1122
1121 1157
1122 1123
1122 1158
1123 1158
1124 1125
1124 1159
1124 1160
1124 1161
1125 1126
1125 1160
1125 1161
1125 1162
1126 1127
1126 1161
1126 1162
1126 1163
1127 1162
1127 1163
1127 1164
1128 1129
1128 1164
1128 1165
1129 1130
1129 1165
1129 1166
1130 1131
1130 1166
1130 1167
1131 1132
1131 1166
1131 1167
1132 1133
1132 1167
1132 1168
1133 1134
1133 1168
1133 1169
1134 1135
1134 1168
1134 1169
1135 1136
1135 1169
1135 1170
1136 1137
1136 1170
1136 1171
1137 1138
1137 1170
1137 1171
1138 1139
1138 1171
1139 1140
1139 1172
1140 1141
1140 1172
1140 1173
1141 1142
1141 1172
1141 1173
1141 1174
1142 1173
1142 1174
1142 1175
1143 1175
1143 1176
1144 1145
1144 1177
1144 1178
1144 1179
1145 1146
1145 1178
1145 1179
1145 1180
1146 1147
1146 1179
1146 1180
1146 1181
1147 1148
1147 1180
1147 1181
1147 1182
1148 1149
1148 1181
1148 1182
1148 1183
1149 1150
1149 1182
1149 1183
1149 1184
1150 1151
1150 1183
1150 1184
1150 1185
1151 1152
1151 1184
1151 1185
1151 1186
1152 1185
1152 1186
1152 1187
1153 1154
1153 1188
1153 1189
1154 1189
1155 1156
1155 1190
1156 1157
1156 1190
1156 1191
1157 1190
1157 1191
1157 1192
1158 1193
1158 1194
1159 1160
1159 1194
1159 1195
1160 1161
1160 1195
1160 1196
1161 1162
1161 1196
1161 1197
1162 1163
1162 1196
1162 1197
1162 1198
1163 1164
1163 1197
1163 1198
1163 1199
1164 1165
1164 1198
1164 1199
1164 1200
1165 1199
1165 1200
1165 1201
1166 1167
1166 1201
1166 1202
1166 1203
1167 1202
1167 1203
1167 1204
1168 1169
1168 1204
1168 1205
1169 1205
1169 1206
1170 1171
1170 1206
1170 1207
1171 1207
1172 1173
1173 1174
1174 1175
1174 1208
1175 1208
1175 1209
1176 1177
1176 1209
1176 1210
1177 1178
1177 1210
1177 1211
1178 1179
1178 1210
1178 1211
1178 1212
1179 1180
1179 1211
1179 1212
1180 1181
1180 1212
1180 1213
1181 1182
1181 1213
1181 1214
1182 1183
1182 1213
1182 1214
1182 1215
1183 1184
1183 1214
1183 1215
1184 1185
1184 1215
1184 1216
1185 1186
1185 1216
1185 1217
1186 1187
1186 1216
1186 1217
1186 1218
1187 1188
1187 1217
1187 1218
1187 1219
1188 1189
1188 1218
1188 1219
1188 1220
1189 1219
1189 1220
1189 1221
1190 1191
1190 1222
1190 1223
1191 1192
1191 1223
1191 1224
1192 1224
1192 1225
1193 1194
1193 1225
1193 1226
1193 1227
1194 1195
1194 1226
1194 1227
1194 1228
1195 1227
1195 1228
1195 1229
1196 1197
1196 1229
1196 1230
1196 1231
1197 1198
1197 1230
1197 1231
1197 1232
1198 1199
1198 1231
1198 1232
1198 1233
1199 1200
1199 1232
1199 1233
1199 1234
1200 1201
1200 1233
1200 1234
1201 1202
1201 1234
1202 1203
1203 1204
1203 1235
1204 1205
1204 1235
1204 1236
1205 1235
1205 1236
1206 1207
1206 1237
1206 1238
1207 1237
1207 1238
1207 1239
1208 1209
1208 1243
1208 1244
1208 1245
1209 1244
1209 1245
1210 1211
1210 1246
1210 1247
1211 1212
1211 1246
1211 1247
1211 1248
1212 1247
1212 1248
1212 1249
1213 1214
1213 1249
1213 1250
1213 1251
1214 1215
1214 1250
1214 1251
1215 1251
1215 1252
1216 1217
1216 1252
1216 1253
1216 1254
1217 1218
1217 1253
1217 1254
1218 1219
1218 1254
1218 1255
1219 1220
1219 1255
1219 1256
1220 1221
1220 1255
1220 1256
1220 1257
1221 1256
1221 1257
1222 1223
1222 1258
1222 1259
1223 1258
1223 1259
1223 1260
1224 1225
1224 1260
1224 1261
1225 1226
1225 1261
1226 1227
1226 1261
1227 1228
1227 1262
1228 1229
1228 1262
1228 1263
1229 1230
1229 1262
1229 1263
1229 1264
1230 1231
1230 1263
1230 1264
1230 1265
1231 1232
1231 1264
1231 1265
1232 1233
1232 1265
1232 1266
1233 1234
1233 1266
1233 1267
1234 1266
1234 1267
1234 1268
1235 1236
1235 1270
1235 1271
1235 1272
1236 1271
1236 1272
1237 1238
1237 1273
1237 1274
1238 1239
1238 1273
1238 1274
1239 1240
1239 1274
1239 1275
1240 1275
1241 1242
1241 1276
1241 1277
1242 1243
1242 1276
1242 1277
1242 1278
1243 1244
1243 1277
1243 1278
1243 1279
1244 1245
1244 1278
1244 1279
1244 1280
1245 1279
1245 1280
1245 1281
1246 1247
1246 1281
1246 1282
1247 1248
1247 1282
1247 1283
1248 1249
1248 1282
1248 1283
1248 1284
1249 1250
1249 1283
1249 1284
1249 1285
1250 1251
1250 1284
1250 1285
1250 1286
1251 1285
1251 1286
1251 1287
1252 1253
1252 1287
1252 1288
1252 1289
1253 1254
1253 1288
1253 1289
1253 1290
1254 1289
1254 1290
1254 1291
1255 1256
1255 1291
1255 1292
1255 1293
1256 1257
1256 1292
1256 1293
1256 1294
1257 1293
1257 1294
1258 1259
1258 1295
1259 1260
1259 1295
1259 1296
1260 1296
1260 1297
1261 1297
1261 1298
1261 1299
1262 1263
1262 1300
1262 1301
1262 1302
1263 1264
1263 1301
1263 1302
1263 1303
1264 1265
1264 1302
1264 1303
1264 1304
1265 1303
1265 1304
1265 1305
1266 1267
1266 1305
1267 1268
1267 1306
1268 1269
1268 1306
1268 1307
1269 1270
1269 1306
1269 1307
1270 1271
1270 1307
1271 1272
1272 1308
1273 1274
1273 1308
1273 1309
1273 1310
1274 1309
1274 1310
1274 1311
1275 1311
1275 1312
1276 1277
1276 1312
1276 1313
1276 1314
1277 1278
1277 1313
1277 1314
1278 1279
1278 1314
1278 1315
1279 1280
1279 1315
1279 1316
1280 1281
1280 1315
1280 1316
1280 1317
1281 1316
1281 1317
1281 1318
1282 1283
1282 1318
1282 1319
1282 1320
1283 1284
1283 1319
1283 1320
1284 1285
1284 1320
1284 1321
1285 1286
1285 1321
1286 1287
1286 1321
1286 1322
1287 1288
1287 1322
1288 1289
1288 1322
1288 1323
1289 1290
1289 1323
1289 1324
1290 1291
1290 1323
1290 1324
1291 1292
1291 1324
1291 1325
1292 1293
1292 1325
1292 1326
1293 1294
1293 1325
1293 1326
1293 1327
1294 1326
1294 1327
1295 1328
1295 1329
1296 1297
1296 1329
1296 1330
1296 1331
1297 1298
1297 1330
1297 1331
1297 1332
1298 1299
1298 1331
1298 1332
1299 1300
1299 1332
1299 1333
1300 1301
1300 1333
1300 1334
1301 1302
1301 1333
1301 1334
1301 1335
1302 1303
1302 1334
1302 1335
1303 1304
1303 1335
1303 1336
1304 1305
1304 1336
1304 1337
1305 1336
1305 1337
1306 1307
1306 1338
1306 1339
1306 1340
1307 1339
1307 1340
1307 1341
1308 1309
1308 1343
1308 1344
1308 1345
1309 1310
1309 1344
1309 1345
1310 1311
1310 1345
1310 1346
1311 1346
1311 1347
1312 1313
1312 1347
1312 1348
1313 1314
1313 1348
1313 1349
1314 1348
1314 1349
1315 1316
1315 1350
1316 1317
1316 1350
1316 1351
1317 1318
1317 1351
1317 1352
1318 1319
1318 1351
1318 1352
1318 1353
1319 1320
1319 1352
1319 1353
1320 1353
1320 1354
1321 1354
1321 1355
1321 1356
1322 1356
1322 1357
1322 1358
1323 1324
1323 1358
1323 1359
1323 1360
1324 1359
1324 1360
1325 1326
1325 1361
1325 1362
1326 1327
1326 1361
1326 1362
1326 1363
1327 1362
1327 1363
1328 1329
1328 1364
1328 1365
1329 1330
1329 1364
1329 1365
1329 1366
1330 1331
1330 1365
1330 1366
1330 1367
1331 1332
1331 1366
1331 1367
1331 1368
1332 1367
1332 1368
1332 1369
1333 1334
1333 1369
1333 1370
1333 1371
1334 1335
1334 1370
1334 1371
1334 1372
1335 1371
1335 1372
1335 1373
1336 1337
1336 1373
1336 1374
1336 1375
1337 1374
1337 1375
1337 1376
1338 1339
1338 1376
1338 1377
1339 1340
1339 1377
1339 1378
1340 1341
1340 1377
1340 1378
1340 1379
1341 1342
1341 1378
1341 1379
1342 1343
1342 1379
1343 1344
1343 1380
1344 1345
1344 1380
1344 1381
1345 1380
1345 1381
1345 1382
1346 1347
1346 1382
1346 1383
1346 1384
1347 1383
1347 1384
1347 1385
1348 1349
1348 1385
1348 1386
1348 1387
1349 1386
1349 1387
1349 1388
1350 1388
1350 1389
1350 1390
1351 1352
1351 1390
1351 1391
1351 1392
1352 1353
1352 1391
1352 1392
1353 1392
1353 1393
1354 1355
1354 1393
1354 1394
1354 1395
1355 1356
1355 1394
1355 1395
1356 1357
1356 1395
1356 1396
1357 1358
1357 1396
1357 1397
1358 1359
1358 1396
1358 1397
1358 1398
1359 1360
1359 1397
1359 1398
1359 1399
1360 1398
1360 1399
1360 1400
1361 1362
1361 1400
1361 1401
1361 1402
1362 1363
1362 1401
1362 1402
1362 1403
1363 1402
1363 1403
1364 1365
1364 1404
1365 1366
1365 1404
1366 1367
1366 1404
1366 1405
1367 1368
1367 1405
1367 1406
1368 1369
1368 1405
1368 1406
1368 1407
1369 1370
1369 1406
1369 1407
1370 1371
1370 1407
1370 1408
1371 1372
1371 1408
1371 1409
1372 1373
1372 1408
1372 1409
1372 1410
1373 1374
1373 1409
1373 1410
1373 1411
1374 1375
1374 1410
1374 1411
1375 1376
1375 1411
1375 1412
1376 1412
1377 1378
1377 1413
1377 1414
1378 1379
1378 1413
1378 1414
1379 1414
1379 1415
1380 1381
1380 1416
1380 1417
1381 1382
1381 1417
1381 1418
1382 1383
1382 1417
1382 1418
1382 1419
1383 1384
1383 1418
1383 1419
1384 1385
1384 1419
1384 1420
1385 1386
1385 1420
1385 1421
1386 1387
1386 1420
1386 1421
1386 1422
1387 1388
1387 1421
1387 1422
1387 1423
1388 1389
1388 1422
1388 1423
1388 1424
1389 1390
1389 1423
1389 1424
1389 1425
1390 1391
1390 1424
1390 1425
1391 1392
1391 1425
1391 1426
1392 1426
1393 1394
1393 1427
1394 1395
1394 1427
1394 1428
1395 1428
1395 1429
1396 1397
1396 1429
1396 1430
1397 1398
1397 1430
1397 1431
1398 1399
1398 1431
1399 1400
1399 1431
1399 1432
1400 1401
1400 1432
1401 1402
1401 1432
1401 1433
1402 1403
1402 1433
1403 1433
1404 1434
1404 1435
1404 1436
1405 1406
1405 1436
1405 1437
1405 1438
1406 1407
1406 1437
1406 1438
1406 1439
1407 1438
1407 1439
1408 1409
1408 1440
1408 1441
1409 1410
1409 1440
1409 1441
1409 1442
1410 1411
1410 1441
1410 1442
1411 1442
1411 1443
1412 1443
1412 1444
1412 1445
1413 1414
1413 1445
1413 1446
1414 1446
1414 1447
1415 1416
1415 1447
1415 1448
1415 1449
1416 1448
1416 1449
1416 1450
1417 1418
1417 1450
1417 1451
1417 1452
1418 1419
1418 1451
1418 1452
1418 1453
1419 1452
1419 1453
1419 1454
1420 1421
1420 1454
1420 1455
1420 1456
1421 1422
1421 1455
1421 1456
1421 1457
1422 1423
1422 1456
1422 1457
1422 1458
1423 1424
1423 1457
1423 1458
1423 1459
1424 1425
1424 1458
1424 1459
1424 1460
1425 1459
1425 1460
1425 1461
1426 1461
1426 1462
1427 1463
1428 1429
1428 1464
1428 1465
1429 1430
1429 1464
1429 1465
1430 1465
1430 1466
1431 1466
1431 1467
1431 1468
1432 1468
1432 1469
1432 1470
1433 1470
1433 1471
1433 1472
1434 1435
1434 1473
1435 1436
1435 1473
1435 1474
1436 1437
1436 1474
1436 1475
1437 1438
1437 1474
1437 1475
1437 1476
1438 1439
1438 1475
1438 1476
1439 1476
1439 1477
1440 1441
1440 1477
1440 1478
1440 1479
1441 1442
1441 1478
1441 1479
1442 1479
1442 1480
1443 1444
1443 1480
1443 1481
1443 1482
1444 1445
1444 1481
1444 1482
1444 1483
1445 1482
1445 1483
1445 1484
1446 1447
1446 1484
1446 1485
1446 1486
1447 1448
1447 1485
1447 1486
1447 1487
1448 1449
1448 1486
1448 1487
1448 1488
1449 1450
1449 1487
1449 1488
1449 1489
1450 1451
1450 1488
1450 1489
1450 1490
1451 1452
1451 1489
1451 1490
1451 1491
1452 1453
1452 1490
1452 1491
1452 1492
1453 1454
1453 1491
1453 1492
1454 1455
1454 1492
1454 1493
1455 1456
1455 1493
1455 1494
1456 1457
1456 1493
1456 1494
1456 1495
1457 1458
1457 1494
1457 1495
1457 1496
1458 1459
1458 1495
1458 1496
1459 1460
1459 1496
1459 1497
1460 1461
1460 1497
1461 1462
1461 1497
1461 1498
1462 1498
1462 1499
1463 1499
1463 1500
1464 1465
1464 1501
1465 1501
1465 1502
1466 1467
1466 1502
1466 1503
1467 1468
1467 1503
1467 1504
1468 1469
1468 1504
1468 1505
1469 1470
1469 1504
1469 1505
1469 1506
1470 1471
1470 1505
1470 1506
1471 1472
1471 1506
1471 1507
1472 1507
1473 1508
1473 1509
1474 1475
1474 1509
1474 1510
1475 1476
1475 1510
1475 1511
1476 1511
1476 1512
1477 1478
1477 1512
1477 1513
1478 1479
1478 1513
1479 1514
1480 1481
1480 1514
1480 1515
1481 1482
1481 1515
1481 1516
1482 1483
1482 1516
1482 1517
1483 1484
1483 1516
1483 1517
1483 1518
1484 1485
1484 1517
1484 1518
1484 1519
1485 1486
1485 1518
1485 1519
1485 1520
1486 1487
1486 1519
1486 1520
1486 1521
1487 1488
1487 1520
1487 1521
1487 1522
1488 1489
1488 1521
1488 1522
1488 1523
1489 1490
1489 1522
1489 1523
1489 1524
1490 1491
1490 1523
1490 1524
1490 1525
1491 1492
1491 1524
1491 1525
1491 1526
1492 1525
1492 1526
1492 1527
1493 1494
1493 1527
1493 1528
1493 1529
1494 1495
1494 1528
1494 1529
1494 1530
1495 1496
1495 1529
1495 1530
1495 1531
1496 1530
1496 1531
1497 1532
1498 1499
1498 1532
1498 1533
1498 1534
1499 1500
1499 1533
1499 1534
1499 1535
1500 1534
1500 1535
1501 1536
1502 1503
1502 1537
1502 1538
1503 1537
1503 1538
1503 1539
1504 1505
1504 1539
1504 1540
1505 1506
1505 1540
1506 1541
1507 1541
1507 1542
1508 1509
1508 1543
1509 1510
1509 1543
1509 1544
1510 1544
1511 1512
1511 1545
1511 1546
1512 1513
1512 1545
1512 1546
1512 1547
1513 1546
1513 1547
1513 1548
1514 1515
1514 1549
1514 1550
1515 1550
1515 1551
1516 1517
1516 1551
1516 1552
1516 1553
1517 1518
1517 1552
1517 1553
1517 1554
1518 1519
1518 1553
1518 1554
1518 1555
1519 1520
1519 1554
1519 1555
1519 1556
1520 1521
1520 1555
1520 1556
1520 1557
1521 1522
1521 1556
1521 1557
1521 1558
1522 1523
1522 1557
1522 1558
1522 1559
1523 1524
1523 1558
1523 1559
1523 1560
1524 1525
1524 1559
1524 1560
1525 1526
1525 1560
1525 1561
1526 1527
1526 1561
1526 1562
1527 1528
1527 1561
1527 1562
1527 1563
1528 1529
1528 1562
1528 1563
1528 1564
1529 1530
1529 1563
1529 1564
1529 1565
1530 1531
1530 1564
1530 1565
1530 1566
1531 1565
1531 1566
1532 1533
1532 1567
1532 1568
1532 1569
1533 1534
1533 1568
1533 1569
1533 1570
1534 1535
1534 1569
1534 1570
1534 1571
1535 1570
1535 1571
1535 1572
1536 1572
1536 1573
1536 1574
1537 1538
1537 1574
1537 1575
1537 1576
1538 1539
1538 1575
1538 1576
1538 1577
1539 1540
1539 1576
1539 1577
1539 1578
1540 1577
1540 1578
1540 1579
1541 1542
1541 1580
1541 1581
1542 1580
1542 1581
1543 1582
1543 1583
1544 1583
1544 1584
1544 1585
1545 1546
1545 1585
1545 1586
1545 1587
1546 1547
1546 1586
1546 1587
1546 1588
1547 1548
1547 1587
1547 1588
1548 1549
1548 1588
1549 1589
1550 1551
1550 1589
1550 1590
1550 1591
1551 1552
1551 1590
1551 1591
1551 1592
1552 1553
1552 1591
1552 1592
1552 1593
1553 1554
1553 1592
1553 1593
1553 1594
1554 1555
1554 1593
1554 1594
1554 1595
1555 1556
1555 1594
1555 1595
1555 1596
1556 1557
1556 1595
1556 1596
1556 1597
1557 1558
1557 1596
1557 1597
1557 1598
1558 1559
1558 1597
1558 1598
1559 1560
1559 1598
1559 1599
1560 1599
1560 1600
1561 1562
1561 1600
1561 1601
1561 1602
1562 1563
1562 1601
1562 1602
1563 1564
1563 1602
1563 1603
1564 1565
1564 1603
1565 1566
1565 1603
1565 1604
1566 1604
1566 1605
1567 1568
1567 1605
1567 1606
1567 1607
1568 1569
1568 1606
1568 1607
1569 1570
1569 1607
1569 1608
1570 1571
1570 1608
1570 1609
1571 1572
1571 1608
1571 1609
1571 1610
1572 1573
1572 1609
1572 1610
1572 1611
1573 1574
1573 1610
1573 1611
1573 1612
1574 1575
1574 1611
1574 1612
1574 1613
1575 1576
1575 1612
1575 1613
1575 1614
1576 1577
1576 1613
1576 1614
1576 1615
1577 1578
1577 1614
1577 1615
1577 1616
1578 1579
1578 1615
1578 1616
1578 1617
1579 1616
1579 1617
1579 1618
1580 1581
1580 1618
1580 1619
1581 1619
1582 1583
1583 1584
1584 1585
1585 1586
1586 1587
1587 1588
1589 1590
1590 1591
1591 1592
1592 1593
1593 1594
1594 1595
1595 1596
1596 1597
1597 1598
1599 1600
1600 1601
1601 1602
1604 1605
1605 1606
1606 1607
1608 1609
1609 1610
1610 1611
1611 1612
1612 1613
1613 1614
1614 1615
1615 1616
1616 1617
1617 1618
1618 1619
