# FromNodeId	ToNodeId
0 1
0 31
1 2
1 31
1 32
2 3
2 31
2 32
2 33
3 4
3 32
3 33
3 34
4 5
4 33
4 34
4 35
5 34
5 35
5 36
6 36
6 37
6 38
7 8
7 38
7 39
7 40
8 9
8 39
8 40
8 41
9 40
9 41
9 42
10 42
10 43
10 44
11 12
11 44
11 45
11 46
12 13
12 45
12 46
12 47
13 46
13 47
14 15
14 48
14 49
15 48
15 49
15 50
16 17
16 52
17 18
17 52
17 53
18 19
18 53
18 54
19 20
19 53
19 54
19 55
20 21
20 54
20 55
20 56
21 22
21 55
21 56
22 23
22 56
22 57
23 24
23 57
23 58
24 57
24 58
24 59
25 26
25 59
25 60
26 27
26 60
26 61
27 28
27 61
28 29
28 61
28 62
29 30
29 62
30 62
31 32
31 63
31 64
31 65
32 33
32 64
32 65
33 34
33 65
33 66
34 35
34 66
34 67
35 36
35 66
35 67
35 68
36 37
36 67
36 68
37 38
37 68
38 39
38 69
39 40
39 69
39 70
40 41
40 69
40 70
40 71
41 42
41 70
41 71
42 43
42 71
42 72
43 44
43 72
44 45
44 72
44 73
45 46
45 73
45 74
46 47
46 73
46 74
46 75
47 74
47 75
47 76
48 49
48 76
48 77
48 78
49 50
49 77
49 78
49 79
50 51
50 78
50 79
50 80
51 79
51 80
51 81
52 81
52 82
53 54
53 82
53 83
53 84
54 55
54 83
54 84
54 85
55 56
55 84
55 85
55 86
56 85
56 86
57 58
57 87
57 88
58 59
58 87
58 88
58 89
59 60
59 88
59 89
59 90
60 89
60 90
60 91
61 91
61 92
61 93
62 93
62 94
62 95
63 64
63 96
63 97
64 65
64 96
64 97
65 97
65 98
66 67
66 98
66 99
67 68
67 99
67 100
68 100
68 101
69 70
69 102
69 103
69 104
70 71
70 103
70 104
70 105
71 104
71 105
71 106
72 106
72 107
72 108
73 74
73 108
73 109
74 75
74 109
74 110
75 76
75 109
75 110
75 111
76 77
76 110
76 111
76 112
77 78
77 111
77 112
77 113
78 79
78 112
78 113
78 114
79 80
79 113
79 114
79 115
80 81
80 114
80 115
81 115
81 116
82 83
82 116
82 117
82 118
83 84
83 117
83 118
84 85
84 118
84 119
85 86
85 119
85 120
86 119
86 120
86 121
87 88
87 121
87 122
87 123
88 89
88 122
88 123
88 124
89 90
89 123
89 124
89 125
90 91
90 124
90 125
90 126
91 92
91 125
91 126
91 127
92 93
92 126
92 127
92 128
93 94
93 127
93 128
93 129
94 95
94 128
94 129
94 130
95 129
95 130
96 97
96 131
96 132
97 131
97 132
97 133
98 99
98 133
98 134
99 134
99 135
100 101
100 135
100 136
100 137
101 102
101 136
101 137
101 138
102 103
102 137
102 138
103 104
103 138
103 139
104 105
104 139
105 106
105 139
105 140
106 107
106 140
107 108
107 140
107 141
108 141
108 142
109 110
109 142
109 143
109 144
110 111
110 143
110 144
110 145
111 112
111 144
111 145
111 146
112 113
112 145
112 146
112 147
113 114
113 146
113 147
113 148
114 115
114 147
114 148
114 149
115 148
115 149
115 150
116 117
116 150
116 151
116 152
117 118
117 151
117 152
118 152
118 153
119 120
119 153
119 154
119 155
120 121
120 154
120 155
120 156
121 122
121 155
121 156
121 157
122 123
122 156
122 157
122 158
123 124
123 157
123 158
123 159
124 125
124 158
124 159
124 160
125 126
125 159
125 160
125 161
126 127
126 160
126 161
126 162
127 128
127 161
127 162
127 163
128 129
128 162
128 163
128 164
129 130
129 163
129 164
129 165
130 164
130 165
131 132
131 166
131 167
132 133
132 166
132 167
132 168
133 167
133 168
133 169
134 135
134 169
134 170
134 171
135 136
135 170
135 171
135 172
136 137
136 171
136 172
137 138
137 172
137 173
138 173
138 174
139 174
139 175
140 176
141 142
141 177
141 178
142 143
142 177
142 178
143 144
143 178
144 145
144 179
145 146
145 179
145 180
146 147
146 179
146 180
147 148
147 180
147 181
148 149
148 181
148 182
149 150
149 181
149 182
149 183
150 151
150 182
150 183
150 184
151 152
151 183
151 184
151 185
152 184
152 185
152 186
153 154
153 186
154 155
154 187
155 156
155 187
155 188
156 157
156 187
156 188
156 189
157 158
157 188
157 189
157 190
158 159
158 189
158 190
158 191
159 160
159 190
159 191
159 192
160 161
160 191
160 192
160 193
161 162
161 192
161 193
161 194
162 163
162 193
162 194
163 164
163 194
163 195
164 165
164 195
164 196
165 195
165 196
166 167
166 197
166 198
167 168
167 197
167 198
167 199
168 169
168 198
168 199
169 170
169 199
169 200
170 171
170 200
171 172
171 200
171 201
172 201
172 202
173 174
173 202
173 203
173 204
174 175
174 203
174 204
174 205
175 204
175 205
175 206
176 206
176 207
177 178
177 208
178 208
178 209
179 180
179 210
179 211
179 212
180 211
180 212
181 182
181 213
181 214
182 183
182 213
182 214
183 184
183 214
183 215
184 185
184 215
185 186
185 215
186 216
187 188
187 217
187 218
188 189
188 218
189 190
189 218
189 219
190 191
190 219
190 220
191 192
191 219
191 220
191 221
192 193
192 220
192 221
192 222
193 194
193 221
193 222
193 223
194 222
194 223
195 196
195 224
196 224
197 198
197 225
197 226
198 199
198 225
198 226
198 227
199 226
199 227
199 228
200 228
200 229
201 202
201 230
201 231
202 203
202 230
202 231
203 204
203 231
203 232
204 205
204 232
205 206
205 232
205 233
206 207
206 233
206 234
207 233
207 234
208 235
208 236
209 210
209 236
209 237
209 238
210 211
210 237
210 238
211 212
211 238
211 239
212 239
212 240
213 214
213 240
213 241
213 242
214 241
214 242
215 243
215 244
216 217
216 245
216 246
217 246
217 247
218 247
218 248
218 249
219 220
219 249
219 250
220 221
220 250
220 251
221 222
221 250
221 251
221 252
222 223
222 251
222 252
222 253
223 252
223 253
223 254
224 255
224 256
225 226
225 257
225 258
226 227
226 257
226 258
226 259
227 228
227 258
227 259
227 260
228 229
228 259
228 260
229 260
230 231
230 261
231 261
231 262
232 262
232 263
233 234
233 263
233 264
233 265
234 264
234 265
235 236
235 266
235 267
236 237
236 266
236 267
237 238
237 267
237 268
238 268
238 269
239 240
239 269
239 270
239 271
240 241
240 270
240 271
240 272
241 242
241 271
241 272
241 273
242 272
242 273
243 244
243 274
244 245
244 274
244 275
245 246
245 274
245 275
245 276
246 275
246 276
246 277
247 248
247 277
247 278
247 279
248 249
248 278
248 279
249 279
249 280
250 251
250 280
250 281
250 282
251 252
251 281
251 282
251 283
252 253
252 282
252 283
252 284
253 254
253 283
253 284
253 285
254 255
254 284
254 285
255 256
255 285
255 286
256 286
257 258
257 287
257 288
258 259
258 287
258 288
258 289
259 260
259 288
259 289
259 290
260 289
260 290
260 291
261 292
261 293
261 294
262 294
262 295
262 296
263 264
263 296
263 297
264 265
264 297
264 298
265 297
265 298
266 267
266 299
267 299
267 300
268 269
268 300
268 301
269 270
269 301
269 302
270 271
270 302
270 303
271 272
271 302
271 303
271 304
272 273
272 303
272 304
272 305
273 304
273 305
273 306
274 275
274 307
274 308
274 309
275 276
275 308
275 309
275 310
276 277
276 309
276 310
276 311
277 278
277 310
277 311
277 312
278 279
278 311
278 312
278 313
279 312
279 313
279 314
280 281
280 314
280 315
280 316
281 282
281 315
281 316
282 283
282 316
282 317
283 284
283 317
283 318
284 285
284 317
284 318
284 319
285 318
285 319
285 320
286 320
287 288
287 321
287 322
288 289
288 321
288 322
288 323
289 290
289 322
289 323
289 324
290 291
290 323
290 324
290 325
291 292
291 324
291 325
291 326
292 293
292 325
292 326
292 327
293 294
293 326
293 327
293 328
294 295
294 327
294 328
294 329
295 296
295 328
295 329
296 329
296 330
297 298
297 330
297 331
297 332
298 331
298 332
298 333
299 300
299 334
299 335
300 301
300 335
300 336
301 336
302 303
302 337
302 338
303 304
303 337
303 338
303 339
304 305
304 338
304 339
304 340
305 306
305 339
305 340
305 341
306 307
306 340
306 341
306 342
307 308
307 341
307 342
307 343
308 309
308 342
308 343
308 344
309 310
309 343
309 344
310 311
310 344
310 345
311 312
311 345
311 346
312 313
312 345
312 346
312 347
313 314
313 346
313 347
313 348
314 315
314 347
314 348
314 349
315 316
315 348
315 349
315 350
316 349
316 350
316 351
317 318
317 351
317 352
318 319
318 352
318 353
319 320
319 352
319 353
319 354
320 353
320 354
321 322
321 355
321 356
322 323
322 355
322 356
323 324
323 356
323 357
324 325
324 357
325 326
325 357
325 358
326 327
326 358
326 359
327 328
327 358
327 359
328 329
328 359
328 360
329 360
329 361
330 331
330 361
330 362
331 332
331 362
331 363
332 333
332 362
332 363
333 334
333 363
333 364
334 335
334 364
334 365
335 364
335 365
336 366
336 367
337 338
337 367
337 368
337 369
338 339
338 368
338 369
339 340
339 369
339 370
340 341
340 370
340 371
341 342
341 370
341 371
341 372
342 343
342 371
342 372
343 344
343 372
343 373
344 373
344 374
345 346
345 374
345 375
346 347
346 375
347 348
347 375
348 349
348 376
349 350
349 376
350 351
350 376
350 377
351 377
351 378
352 353
352 378
352 379
352 380
353 354
353 379
353 380
353 381
354 380
354 381
354 382
355 356
355 383
355 384
356 383
356 384
356 385
357 385
357 386
358 359
358 387
358 388
359 387
359 388
359 389
360 361
360 389
360 390
361 390
362 363
362 391
363 391
363 392
364 365
364 392
365 393
366 367
366 393
366 394
366 395
367 368
367 394
367 395
368 369
368 395
368 396
369 396
369 397
370 371
370 397
370 398
370 399
371 372
371 398
371 399
371 400
372 399
372 400
372 401
373 374
373 401
373 402
373 403
374 402
374 403
375 404
376 405
376 406
376 407
377 378
377 407
377 408
377 409
378 379
378 408
378 409
379 380
379 409
379 410
380 381
380 410
381 382
381 410
383 384
383 411
383 412
384 385
384 411
384 412
384 413
385 386
385 412
385 413
385 414
386 413
386 414
386 415
387 388
387 415
387 416
387 417
388 389
388 416
388 417
388 418
389 417
389 418
389 419
390 419
390 420
390 421
391 392
391 422
391 423
392 422
392 423
392 424
393 394
393 425
393 426
393 427
394 395
394 426
394 427
394 428
395 427
395 428
395 429
396 397
396 429
396 430
397 398
397 430
397 431
398 399
398 431
398 432
399 400
399 431
399 432
399 433
400 401
400 432
400 433
400 434
401 402
401 433
401 434
402 403
402 434
402 435
403 435
403 436
404 436
404 437
404 438
405 406
405 438
405 439
405 440
406 407
406 439
406 440
406 441
407 408
407 440
407 441
408 409
408 441
408 442
409 442
409 443
410 443
410 444
410 445
411 412
411 447
412 413
412 447
412 448
413 414
413 447
413 448
413 449
414 415
414 448
414 449
414 450
415 416
415 449
415 450
415 451
416 417
416 450
416 451
416 452
417 418
417 451
417 452
418 419
418 452
418 453
419 420
419 453
420 421
420 453
420 454
421 454
421 455
422 423
422 455
422 456
422 457
423 424
423 456
423 457
423 458
424 425
424 457
424 458
425 426
425 458
425 459
426 427
426 459
426 460
427 428
427 459
427 460
428 429
428 460
428 461
429 430
429 461
429 462
430 461
430 462
430 463
431 432
431 463
431 464
431 465
432 433
432 464
432 465
432 466
433 434
433 465
433 466
433 467
434 466
434 467
434 468
435 436
435 468
435 469
435 470
436 437
436 469
436 470
436 471
437 438
437 470
437 471
437 472
438 439
438 471
438 472
439 440
439 472
439 473
440 441
440 473
440 474
441 473
441 474
441 475
442 443
442 475
442 476
443 444
443 476
443 477
444 445
444 476
444 477
444 478
445 446
445 477
445 478
445 479
446 478
446 479
447 448
447 480
447 481
447 482
448 449
448 481
448 482
448 483
449 450
449 482
449 483
449 484
450 451
450 483
450 484
450 485
451 452
451 484
451 485
452 485
453 486
453 487
454 455
454 487
454 488
455 456
455 488
455 489
456 457
456 489
456 490
457 458
457 489
457 490
458 490
458 491
459 460
459 491
459 492
460 492
460 493
461 462
461 493
461 494
462 463
462 494
462 495
463 464
463 495
463 496
464 465
464 495
464 496
464 497
465 466
465 496
465 497
465 498
466 467
466 497
466 498
467 468
467 498
467 499
468 469
468 499
468 500
469 470
469 499
469 500
469 501
470 471
470 500
470 501
470 502
471 472
471 501
471 502
472 502
472 503
473 474
473 503
473 504
473 505
474 475
474 504
474 505
475 505
476 477
476 506
476 507
477 478
477 506
477 507
477 508
478 479
478 507
478 508
478 509
479 508
479 509
480 481
480 510
481 482
481 510
481 511
482 483
482 510
482 511
482 512
483 484
483 511
483 512
484 485
484 512
484 513
485 513
485 514
486 487
486 515
486 516
486 517
487 488
487 516
487 517
487 518
488 517
488 518
488 519
489 490
489 519
489 520
489 521
490 520
490 521
490 522
491 522
491 523
491 524
492 493
492 524
492 525
492 526
493 494
493 525
493 526
494 526
494 527
495 496
495 527
495 528
495 529
496 497
496 528
496 529
496 530
497 498
497 529
497 530
497 531
498 530
498 531
498 532
499 500
499 532
499 533
499 534
500 501
500 533
500 534
500 535
501 502
501 534
501 535
501 536
502 535
502 536
502 537
503 504
503 537
503 538
504 505
504 538
504 539
505 538
505 539
505 540
506 507
506 541
506 542
506 543
507 508
507 542
507 543
508 509
508 543
508 544
509 544
510 511
510 545
510 546
510 547
511 512
511 546
511 547
512 547
513 514
514 515
514 548
515 516
515 548
515 549
516 517
516 548
516 549
516 550
517 518
517 549
517 550
517 551
518 519
518 550
518 551
519 520
519 551
519 552
520 521
520 552
520 553
521 522
521 552
521 553
522 523
522 553
522 554
523 524
523 554
523 555
524 525
524 554
524 555
524 556
525 526
525 555
525 556
526 556
526 557
527 528
527 557
527 558
528 529
528 558
528 559
529 530
529 558
529 559
529 560
530 531
530 559
530 560
530 561
531 532
531 560
531 561
531 562
532 533
532 561
532 562
532 563
533 534
533 562
533 563
534 535
534 563
534 564
535 536
535 564
535 565
536 537
536 564
536 565
536 566
537 565
537 566
537 567
538 539
538 567
538 568
538 569
539 540
539 568
539 569
539 570
540 541
540 569
540 570
540 571
541 542
541 570
541 571
541 572
542 543
542 571
542 572
542 573
543 572
543 573
543 574
544 574
544 575
545 546
545 576
546 547
546 576
546 577
547 576
547 577
547 578
548 549
548 579
548 580
548 581
549 550
549 580
549 581
549 582
550 551
550 581
550 582
550 583
551 582
551 583
551 584
552 553
552 584
552 585
552 586
553 585
553 586
553 587
554 555
554 587
554 588
555 556
555 588
555 589
556 588
556 589
556 590
557 590
557 591
558 559
558 592
559 560
559 592
559 593
560 561
560 593
560 594
561 562
561 593
561 594
561 595
562 563
562 594
562 595
563 595
563 596
564 565
564 596
564 597
564 598
565 566
565 597
565 598
566 567
566 598
566 599
567 568
567 599
567 600
568 569
568 599
568 600
568 601
569 570
569 600
569 601
569 602
570 571
570 601
570 602
570 603
571 572
571 602
571 603
571 604
572 573
572 603
572 604
572 605
573 574
573 604
573 605
573 606
574 575
574 605
574 606
574 607
575 606
575 607
576 577
576 608
576 609
576 610
577 578
577 609
577 610
577 611
578 610
578 611
578 612
579 580
579 613
579 614
579 615
580 581
580 614
580 615
580 616
581 582
581 615
581 616
581 617
582 583
582 616
582 617
582 618
583 584
583 617
583 618
583 619
584 585
584 618
584 619
584 620
585 586
585 619
585 620
585 621
586 587
586 620
586 621
586 622
587 621
587 622
587 623
588 589
588 623
589 590
589 624
590 591
590 624
590 625
591 624
591 625
591 626
592 626
592 627
592 628
593 594
593 628
593 629
593 630
594 595
594 629
594 630
594 631
595 630
595 631
595 632
596 597
596 632
596 633
596 634
597 598
597 633
597 634
597 635
598 634
598 635
598 636
599 600
599 636
599 637
599 638
600 601
600 637
600 638
600 639
601 602
601 638
601 639
601 640
602 603
602 639
602 640
603 604
603 640
604 605
604 641
605 606
605 641
605 642
606 607
606 641
606 642
606 643
607 642
607 643
608 609
608 644
609 610
609 644
609 645
610 611
610 645
611 612
611 645
611 646
612 613
612 646
612 647
613 614
613 646
613 647
613 648
614 615
614 647
614 648
614 649
615 616
615 648
615 649
615 650
616 617
616 649
616 650
616 651
617 618
617 650
617 651
618 619
618 651
618 652
619 620
619 652
619 653
620 621
620 652
620 653
620 654
621 622
621 653
621 654
621 655
622 623
622 654
622 655
622 656
623 655
623 656
624 625
624 657
624 658
625 626
625 658
625 659
626 627
626 658
626 659
626 660
627 628
627 659
627 660
627 661
628 629
628 660
628 661
628 662
629 630
629 661
629 662
629 663
630 631
630 662
630 663
630 664
631 632
631 663
631 664
632 633
632 664
633 634
633 665
634 635
634 665
635 636
635 665
635 666
636 637
636 666
637 638
637 666
637 667
638 639
638 667
638 668
639 640
639 667
639 668
639 669
640 668
640 669
640 670
641 642
641 671
641 672
642 643
642 672
644 673
645 674
646 647
646 675
646 676
647 648
647 675
647 676
648 649
648 676
648 677
649 650
649 677
649 678
650 651
650 677
650 678
651 678
651 679
652 653
652 679
652 680
652 681
653 654
653 680
653 681
653 682
654 655
654 681
654 682
654 683
655 656
655 682
655 683
655 684
656 683
656 684
656 685
657 685
657 686
657 687
658 659
658 687
658 688
659 660
659 688
659 689
660 661
660 688
660 689
660 690
661 662
661 689
661 690
662 663
662 690
662 691
663 664
663 691
663 692
664 691
664 692
664 693
665 694
665 695
666 695
666 696
666 697
667 668
667 697
667 698
667 699
668 669
668 698
668 699
668 700
669 670
669 699
669 700
669 701
670 671
670 700
670 701
671 672
671 701
673 703
673 704
674 704
674 705
675 676
675 705
675 706
675 707
676 706
676 707
677 678
677 708
677 709
678 708
678 709
678 710
679 680
679 710
679 711
680 681
680 711
681 682
681 711
682 683
682 712
683 684
683 712
684 685
684 712
685 686
685 713
686 687
686 713
686 714
687 713
687 714
687 715
688 689
688 715
688 716
689 690
689 716
690 717
691 692
691 717
691 718
692 693
692 718
692 719
693 718
693 719
694 695
694 720
694 721
695 696
695 720
695 721
695 722
696 697
696 721
696 722
696 723
697 698
697 722
697 723
697 724
698 699
698 723
698 724
699 700
699 724
700 701
700 725
701 725
701 726
702 728
702 729
703 704
703 730
703 731
704 730
704 731
704 732
705 706
705 732
705 733
705 734
706 707
706 733
706 734
706 735
707 734
707 735
707 736
708 709
708 736
708 737
708 738
709 710
709 737
709 738
709 739
710 738
710 739
710 740
711 740
711 741
711 742
712 743
713 714
713 744
713 745
714 715
714 745
714 746
715 716
715 746
715 747
716 746
716 747
716 748
717 749
717 750
717 751
718 719
718 751
718 752
718 753
719 752
719 753
719 754
720 721
720 754
720 755
720 756
721 722
721 755
721 756
721 757
722 723
722 756
722 757
722 758
723 724
723 757
723 758
723 759
724 758
724 759
724 760
725 726
725 761
726 727
726 761
727 728
727 762
728 729
728 762
729 762
730 731
730 763
730 764
731 732
731 763
731 764
731 765
732 733
732 764
732 765
732 766
733 734
733 765
733 766
733 767
734 735
734 766
734 767
735 736
735 767
735 768
736 737
736 768
736 769
737 738
737 768
737 769
737 770
738 739
738 769
738 770
738 771
739 740
739 770
739 771
739 772
740 741
740 771
740 772
740 773
741 742
741 772
741 773
741 774
742 773
742 774
742 775
743 744
743 776
743 777
743 778
744 745
744 777
744 778
744 779
745 778
745 779
745 780
746 747
746 780
746 781
747 748
747 781
748 749
748 782
749 750
749 782
749 783
750 751
750 782
750 783
750 784
751 752
751 783
751 784
751 785
752 753
752 784
752 785
752 786
753 754
753 785
753 786
753 787
754 755
754 786
754 787
754 788
755 756
755 787
755 788
755 789
756 757
756 788
756 789
756 790
757 758
757 789
757 790
758 759
758 790
758 791
759 760
759 791
759 792
760 791
760 792
760 793
761 793
761 794
762 795
762 796
762 797
763 764
763 798
763 799
764 765
764 798
764 799
764 800
765 766
765 799
765 800
766 767
766 800
766 801
767 801
767 802
768 769
768 802
768 803
768 804
769 770
769 803
769 804
769 805
770 771
770 804
770 805
770 806
771 772
771 805
771 806
772 773
772 806
772 807
773 774
773 807
773 808
774 775
774 807
774 808
774 809
775 776
775 808
775 809
775 810
776 777
776 809
776 810
776 811
777 778
777 810
777 811
777 812
778 779
778 811
778 812
778 813
779 780
779 812
779 813
779 814
780 781
780 813
780 814
780 815
781 814
781 815
781 816
782 783
782 817
782 818
782 819
783 784
783 818
783 819
784 785
784 819
784 820
785 786
785 820
785 821
786 787
786 820
786 821
786 822
787 788
787 821
787 822
787 823
788 789
788 822
788 823
788 824
789 790
789 823
789 824
789 825
790 824
790 825
790 826
791 792
791 826
791 827
791 828
792 793
792 827
792 828
792 829
793 828
793 829
793 830
794 795
794 830
794 831
794 832
795 796
795 831
795 832
795 833
796 797
796 832
796 833
796 834
797 833
797 834
798 799
798 835
798 836
799 800
799 835
799 836
799 837
800 836
800 837
800 838
801 802
801 838
801 839
802 803
802 839
802 840
803 804
803 840
803 841
804 805
804 840
804 841
804 842
805 806
805 841
805 842
805 843
806 842
806 843
806 844
807 808
807 844
807 845
807 846
808 809
808 845
808 846
808 847
809 810
809 846
809 847
809 848
810 811
810 847
810 848
811 812
811 848
811 849
812 813
812 849
813 814
813 849
813 850
814 815
814 850
814 851
815 816
815 850
815 851
815 852
816 817
816 851
816 852
816 853
817 818
817 852
817 853
818 819
818 853
818 854
819 854
820 821
820 855
820 856
821 822
821 855
821 856
821 857
822 823
822 856
822 857
822 858
823 824
823 857
823 858
823 859
824 825
824 858
824 859
824 860
825 826
825 859
825 860
825 861
826 827
826 860
826 861
826 862
827 828
827 861
827 862
827 863
828 829
828 862
828 863
828 864
829 830
829 863
829 864
830 831
830 864
830 865
831 832
831 865
831 866
832 833
832 865
832 866
832 867
833 834
833 866
833 867
834 867
835 836
835 868
835 869
836 837
836 868
836 869
836 870
837 838
837 869
837 870
837 871
838 839
838 870
838 871
839 871
839 872
840 841
840 872
840 873
840 874
841 842
841 873
841 874
841 875
842 843
842 874
842 875
842 876
843 844
843 875
843 876
843 877
844 845
844 876
844 877
844 878
845 846
845 877
845 878
845 879
846 847
846 878
846 879
846 880
847 848
847 879
847 880
848 880
848 881
849 881
849 882
849 883
850 851
850 883
850 884
850 885
851 852
851 884
851 885
851 886
852 853
852 885
852 886
852 887
853 886
853 887
853 888
854 888
854 889
854 890
855 856
855 890
855 891
855 892
856 857
856 891
856 892
856 893
857 858
857 892
857 893
858 859
858 893
858 894
859 860
859 894
859 895
860 861
860 894
860 895
861 862
861 895
861 896
862 863
862 896
862 897
863 864
863 896
863 897
864 897
864 898
865 866
865 898
865 899
866 867
866 899
866 900
867 900
867 901
868 869
868 902
868 903
869 870
869 902
869 903
869 904
870 871
870 903
870 904
870 905
871 904
871 905
872 873
872 906
872 907
873 874
873 906
873 907
873 908
874 875
874 907
874 908
874 909
875 876
875 908
875 909
875 910
876 877
876 909
876 910
876 911
877 878
877 910
877 911
877 912
878 879
878 911
878 912
878 913
879 880
879 912
879 913
879 914
880 913
880 914
880 915
881 882
881 915
881 916
882 883
882 916
882 917
883 884
883 916
883 917
883 918
884 885
884 917
884 918
884 919
885 886
885 918
885 919
886 887
886 919
886 920
887 888
887 920
888 889
888 920
888 921
889 890
889 921
890 891
890 921
890 922
891 892
891 922
892 893
892 922
892 923
893 923
894 895
894 924
894 925
895 924
895 925
895 926
896 897
896 926
896 927
896 928
897 927
897 928
897 929
898 899
898 929
898 930
898 931
899 930
899 931
899 932
900 901
900 932
902 903
902 933
902 934
903 904
903 933
903 934
904 905
904 934
904 935
905 935
905 936
906 907
906 936
906 937
906 938
907 908
907 937
907 938
907 939
908 909
908 938
908 939
908 940
909 910
909 939
909 940
909 941
910 911
910 940
910 941
910 942
911 912
911 941
911 942
911 943
912 913
912 942
912 943
912 944
913 914
913 943
913 944
913 945
914 915
914 944
914 945
914 946
915 945
915 946
915 947
916 917
916 947
916 948
916 949
917 918
917 948
917 949
917 950
918 919
918 949
918 950
918 951
919 950
919 951
919 952
920 952
920 953
920 954
921 954
921 955
921 956
922 956
922 957
922 958
923 958
923 959
924 925
924 960
924 961
925 926
925 960
925 961
926 927
926 961
926 962
927 928
927 962
927 963
928 929
928 962
928 963
928 964
929 930
929 963
929 964
930 931
930 964
930 965
931 932
931 965
931 966
932 965
932 966
932 967
933 934
933 968
933 969
934 968
934 969
934 970
935 936
935 970
935 971
935 972
936 937
936 971
936 972
937 938
937 972
937 973
938 939
938 973
938 974
939 940
939 973
939 974
939 975
940 941
940 974
940 975
941 942
941 975
941 976
942 943
942 976
942 977
943 944
943 976
943 977
943 978
944 945
944 977
944 978
944 979
945 946
945 978
945 979
945 980
946 947
946 979
946 980
946 981
947 948
947 980
947 981
947 982
948 949
948 981
948 982
948 983
949 950
949 982
949 983
949 984
950 951
950 983
950 984
950 985
951 952
951 984
951 985
952 953
952 985
952 986
953 954
953 986
953 987
954 955
954 986
954 987
955 956
955 987
955 988
956 957
956 988
957 958
957 988
957 989
958 959
958 989
959 989
960 961
960 990
960 991
961 990
961 991
961 992
962 963
962 992
962 993
963 964
963 993
964 994
965 966
965 994
965 995
966 967
966 995
967 995
967 996
968 969
968 997
968 998
969 970
969 997
969 998
970 971
970 998
970 999
971 972
971 999
971 1000
972 999
972 1000
972 1001
973 974
973 1001
973 1002
973 1003
974 975
974 1002
974 1003
974 1004
975 1003
975 1004
975 1005
976 977
976 1005
976 1006
977 978
977 1006
978 979
979 980
979 1007
980 981
980 1007
980 1008
981 982
981 1007
981 1008
981 1009
982 983
982 1008
982 1009
982 1010
983 984
983 1009
983 1010
983 1011
984 985
984 1010
984 1011
985 1011
985 1012
986 987
986 1012
986 1013
986 1014
987 1013
987 1014
988 1015
988 1016
989 1016
989 1017
990 991
990 1018
991 992
991 1018
991 1019
992 993
992 1018
992 1019
992 1020
993 1019
993 1020
994 1021
994 1022
994 1023
995 1023
995 1024
995 1025
996 1025
997 998
997 1026
997 1027
998 1026
998 1027
998 1028
999 1000
999 1028
999 1029
999 1030
1000 1001
1000 1029
1000 1030
1001 1002
1001 1030
1001 1031
1002 1003
1002 1031
1002 1032
1003 1004
1003 1031
1003 1032
1003 1033
1004 1005
1004 1032
1004 1033
1005 1006
1005 1033
1005 1034
1006 1034
1006 1035
1007 1008
1007 1037
1007 1038
1007 1039
1008 1009
1008 1038
1008 1039
1008 1040
1009 1010
1009 1039
1009 1040
1009 1041
1010 1011
1010 1040
1010 1041
1010 1042
1011 1041
1011 1042
1011 1043
1012 1013
1012 1043
1012 1044
1012 1045
1013 1014
1013 1044
1013 1045
1014 1045
1014 1046
1015 1016
1015 1046
1015 1047
1015 1048
1016 1047
1016 1048
1017 1049
1018 1019
1018 1050
1018 1051
1019 1020
1019 1051
1020 1052
1021 1022
1021 1052
1021 1053
1022 1023
1022 1053
1022 1054
1023 1024
1023 1054
1023 1055
1024 1025
1024 1054
1024 1055
1024 1056
1025 1055
1025 1056
1025 1057
1026 1027
1026 1058
1026 1059
1027 1028
1027 1058
1027 1059
1027 1060
1028 1029
1028 1059
1028 1060
1029 1030
1029 1060
1029 1061
1030 1061
1030 1062
1031 1032
1031 1062
1031 1063
1031 1064
1032 1033
1032 1063
1032 1064
1033 1064
1034 1035
1034 1065
1034 1066
1035 1036
1035 1065
1035 1066
1035 1067
1036 1037
1036 1066
1036 1067
1036 1068
1037 1038
1037 1067
1037 1068
1037 1069
1038 1039
1038 1068
1038 1069
1038 1070
1039 1040
1039 1069
1039 1070
1039 1071
1040 1041
1040 1070
1040 1071
1040 1072
1041 1042
1041 1071
1041 1072
1041 1073
1042 1043
1042 1072
1042 1073
1042 1074
1043 1044
1043 1073
1043 1074
1043 1075
1044 1045
1044 1074
1044 1075
1044 1076
1045 1075
1045 1076
1046 1047
1046 1077
1047 1048
1047 1077
1047 1078
1048 1077
1048 1078
1048 1079
1049 1079
1049 1080
1049 1081
1050 1051
1050 1081
1050 1082
1051 1082
1052 1053
1052 1083
1052 1084
1053 1084
1053 1085
1054 1055
1054 1085
1054 1086
1054 1087
1055 1056
1055 1086
1055 1087
1055 1088
1056 1057
1056 1087
1056 1088
1056 1089
1057 1088
1057 1089
1058 1059
1059 1060
1061 1062
1061 1090
1061 1091
1062 1063
1062 1090
1062 1091
1062 1092
1063 1064
1063 1091
1063 1092
1063 1093
1064 1092
1064 1093
1064 1094
1065 1066
1065 1095
1065 1096
1065 1097
1066 1067
1066 1096
1066 1097
1067 1068
1067 1097
1067 1098
1068 1069
1068 1098
1068 1099
1069 1070
1069 1098
1069 1099
1069 1100
1070 1071
1070 1099
1070 1100
1071 1072
1071 1100
1071 1101
1072 1073
1072 1101
1073 1074
1073 1101
1073 1102
1074 1075
1074 1102
1074 1103
1075 1076
1075 1102
1075 1103
1075 1104
1076 1103
1076 1104
1076 1105
1077 1078
1077 1106
1077 1107
1078 1079
1078 1106
1078 1107
1078 1108
1079 1080
1079 1107
1079 1108
1079 1109
1080 1081
1080 1108
1080 1109
1080 1110
1081 1109
1081 1110
1081 1111
1082 1111
1082 1112
1082 1113
1083 1084
1083 1113
1083 1114
1084 1114
1084 1115
1085 1086
1085 1115
1085 1116
1086 1087
1086 1116
1086 1117
1087 1088
1087 1116
1087 1117
1087 1118
1088 1089
1088 1117
1088 1118
1088 1119
1089 1118
1089 1119
1090 1091
1090 1123
1090 1124
1090 1125
1091 1092
1091 1124
1091 1125
1091 1126
1092 1093
1092 1125
1092 1126
1093 1094
1093 1126
1093 1127
1094 1095
1094 1127
1094 1128
1095 1096
1095 1127
1095 1128
1096 1097
1096 1128
1096 1129
1097 1129
1098 1099
1098 1130
1099 1100
1099 1130
1099 1131
1100 1130
1100 1131
1100 1132
1101 1132
1101 1133
1101 1134
1102 1103
1102 1134
1102 1135
1102 1136
1103 1104
1103 1135
1103 1136
1104 1105
1104 1136
1104 1137
1105 1137
1106 1107
1106 1138
1106 1139
1107 1108
1107 1138
1107 1139
1107 1140
1108 1109
1108 1139
1108 1140
1108 1141
1109 1110
1109 1140
1109 1141
1110 1111
1110 1141
1110 1142
1111 1112
1111 1142
1112 1113
1112 1142
1112 1143
1113 1114
1113 1143
1114 1143
1114 1144
1115 1144
1115 1145
1115 1146
1116 1117
1116 1146
1116 1147
1117 1118
1117 1147
1117 1148
1118 1119
1118 1148
1118 1149
1119 1148
1119 1149
1120 1121
1120 1150
1120 1151
1121 1122
1121 1150
1121 1151
1121 1152
1122 1123
1122 1151
1122 1152
1122 1153
1123 1124
1123 1152
1123 1153
1123 1154
1124 1125
1124 1153
1124 1154
1124 1155
1125 1126
1125 1154
1125 1155
1126 1155
1126 1156
1127 1128
1127 1156
1127 1157
1127 1158
1128 1157
1128 1158
1129 1159
1130 1131
1130 1160
1131 1132
1131 1160
1131 1161
1132 1133
1132 1161
1133 1134
1133 1161
1133 1162
1134 1135
1134 1162
1134 1163
1135 1136
1135 1162
1135 1163
1135 1164
1136 1163
1136 1164
1136 1165
1137 1165
1137 1166
1137 1167
1138 1139
1138 1167
1138 1168
1139 1140
1139 1168
1140 1141
1140 1169
1141 1169
1141 1170
1142 1170
1142 1171
1143 1171
1143 1172
1143 1173
1144 1145
1144 1173
1144 1174
1144 1175
1145 1146
1145 1174
1145 1175
1145 1176
1146 1147
1146 1175
1146 1176
1146 1177
1147 1176
1147 1177
1147 1178
1148 1149
1148 1178
1148 1179
1148 1180
1149 1179
1149 1180
1150 1151
1150 1181
1151 1152
1151 1181
1151 1182
1152 1153
1152 1181
1152 1182
1152 1183
1153 1154
1153 1182
1153 1183
1153 1184
1154 1155
1154 1183
1154 1184
1155 1184
1155 1185
1156 1157
1156 1185
1156 1186
1156 1187
1157 1158
1157 1186
1157 1187
1157 1188
1158 1187
1158 1188
1158 1189
1159 1190
1159 1191
1159 1192
1160 1192
1160 1193
1161 1193
1161 1194
1161 1195
1162 1163
1162 1195
1162 1196
1163 1164
1163 1196
1163 1197
1164 1165
1164 1197
1164 1198
1165 1166
1165 1197
1165 1198
1165 1199
1166 1167
1166 1198
1166 1199
1166 1200
1167 1168
1167 1199
1167 1200
1168 1200
1168 1201
1169 1170
1169 1202
1169 1203
1169 1204
1170 1203
1170 1204
1170 1205
1171 1172
1171 1205
1171 1206
1171 1207
1172 1173
1172 1206
1172 1207
1172 1208
1173 1174
1173 1207
1173 1208
1173 1209
1174 1175
1174 1208
1174 1209
1175 1176
1175 1209
1175 1210
1176 1177
1176 1210
1176 1211
1177 1178
1177 1210
1177 1211
1177 1212
1178 1179
1178 1211
1178 1212
1178 1213
1179 1180
1179 1212
1179 1213
1179 1214
1180 1213
1180 1214
1181 1182
1181 1215
1181 1216
1181 1217
1182 1183
1182 1216
1182 1217
1182 1218
1183 1184
1183 1217
1183 1218
1184 1218
1184 1219
1185 1186
1185 1219
1185 1220
1185 1221
1186 1187
1186 1220
1186 1221
1186 1222
1187 1188
1187 1221
1187 1222
1187 1223
1188 1189
1188 1222
1188 1223
1188 1224
1189 1190
1189 1223
1189 1224
1189 1225
1190 1191
1190 1224
1190 1225
1190 1226
1191 1192
1191 1225
1191 1226
1191 1227
1192 1226
1192 1227
1192 1228
1193 1194
1193 1228
1193 1229
1193 1230
1194 1195
1194 1229
1194 1230
1194 1231
1195 1196
1195 1230
1195 1231
1195 1232
1196 1231
1196 1232
1196 1233
1197 1198
1197 1233
1197 1234
1197 1235
1198 1199
1198 1234
1198 1235
1198 1236
1199 1200
1199 1235
1199 1236
1199 1237
1200 1236
1200 1237
1200 1238
1201 1202
1201 1238
1201 1239
1202 1203
1202 1239
1202 1240
1203 1204
1203 1240
1204 1205
1204 1240
1205 1206
1205 1241
1206 1207
1206 1241
1206 1242
1207 1208
1207 1241
1207 1242
1207 1243
1208 1209
1208 1242
1208 1243
1208 1244
1209 1243
1209 1244
1209 1245
1210 1211
1210 1245
1210 1246
1211 1212
1211 1246
1212 1213
1212 1247
1213 1214
1213 1247
1213 1248
1214 1247
1214 1248
1215 1216
1215 1249
1216 1217
1216 1249
1216 1250
1217 1218
1217 1250
1217 1251
1218 1250
1218 1251
1218 1252
1219 1220
1219 1252
1219 1253
1219 1254
1220 1221
1220 1253
1220 1254
1220 1255
1221 1222
1221 1254
1221 1255
1221 1256
1222 1223
1222 1255
1222 1256
1222 1257
1223 1224
1223 1256
1223 1257
1223 1258
1224 1225
1224 1257
1224 1258
1224 1259
1225 1226
1225 1258
1225 1259
1225 1260
1226 1227
1226 1259
1226 1260
1226 1261
1227 1228
1227 1260
1227 1261
1227 1262
1228 1229
1228 1261
1228 1262
1228 1263
1229 1230
1229 1262
1229 1263
1229 1264
1230 1231
1230 1263
1230 1264
1230 1265
1231 1232
1231 1264
1231 1265
1231 1266
1232 1233
1232 1265
1232 1266
1233 1234
1233 1266
1234 1235
1235 1236
1235 1267
1236 1237
1236 1267
1236 1268
1237 1238
1237 1267
1237 1268
1237 1269
1238 1239
1238 1268
1238 1269
1239 1269
1239 1270
1240 1270
1240 1271
1241 1242
1241 1272
1242 1243
1242 1273
1243 1244
1243 1273
1244 1245
1244 1273
1244 1274
1245 1246
1245 1274
1245 1275
1246 1274
1246 1275
1246 1276
1247 1248
1247 1277
1247 1278
1247 1279
1248 1278
1248 1279
1250 1251
1251 1252
1252 1253
1253 1254
1254 1255
1255 1256
1256 1257
1257 1258
1258 1259
1259 1260
1260 1261
1261 1262
1262 1263
1263 1264
1264 1265
1265 1266
1267 1268
1268 1269
1270 1271
1274 1275
1275 1276
1276 1277
1277 1278
1278 1279
