# FromNodeId	ToNodeId
0 1
0 23
0 24
1 2
1 23
1 24
1 25
2 3
2 24
2 25
2 26
3 4
3 25
3 26
3 27
4 26
4 27
4 28
5 30
5 31
5 32
6 7
6 33
6 34
7 8
7 33
7 34
7 35
8 9
8 34
8 35
8 36
9 10
9 35
9 36
9 37
10 36
10 37
10 38
11 38
11 39
11 40
12 40
12 41
12 42
13 14
13 42
13 43
14 15
14 43
14 44
15 44
15 45
16 17
16 46
16 47
16 48
17 18
17 47
17 48
17 49
18 19
18 48
18 49
18 50
19 20
19 49
19 50
20 21
20 50
20 51
21 51
21 52
22 52
22 53
23 24
23 54
24 25
24 54
24 55
25 26
25 54
25 55
25 56
26 27
26 55
26 56
26 57
27 28
27 56
27 57
27 58
28 29
28 57
28 58
28 59
29 58
29 59
29 60
30 31
30 60
31 32
32 61
33 34
33 61
33 62
34 35
34 62
34 63
35 36
35 63
35 64
36 37
36 63
36 64
36 65
37 38
37 64
37 65
37 66
38 39
38 65
38 66
38 67
39 40
39 66
39 67
39 68
40 41
40 67
40 68
40 69
41 42
41 68
41 69
42 43
42 69
42 70
43 70
44 45
44 71
44 72
45 46
45 71
45 72
45 73
46 47
46 72
46 73
46 74
47 48
47 73
47 74
47 75
48 49
48 74
48 75
48 76
49 50
49 75
49 76
50 76
50 77
51 52
51 77
51 78
51 79
52 53
52 78
52 79
52 80
53 79
53 80
54 55
54 81
54 82
54 83
55 56
55 82
55 83
56 57
56 83
56 84
57 58
57 84
58 59
58 84
58 85
59 60
59 85
59 86
60 85
60 86
60 87
61 62
61 89
61 90
61 91
62 90
62 91
62 92
63 64
63 92
63 93
64 65
64 93
65 66
65 93
65 94
66 67
66 94
66 95
67 68
67 94
67 95
67 96
68 69
68 95
68 96
68 97
69 96
69 97
69 98
70 98
70 99
70 100
71 72
71 100
71 101
71 102
72 73
72 101
72 102
72 103
73 74
73 102
73 103
73 104
74 75
74 103
74 104
74 105
75 76
75 104
75 105
75 106
76 105
76 106
76 107
77 78
77 107
77 108
78 79
78 108
78 109
79 80
79 109
79 110
80 109
80 110
81 82
81 111
82 83
82 111
83 112
84 112
84 113
84 114
85 86
85 114
85 115
85 116
86 87
86 115
86 116
87 88
87 116
88 89
89 90
89 117
90 91
90 117
90 118
91 92
91 117
91 118
92 118
92 119
93 119
93 120
93 121
94 95
94 121
94 122
95 96
95 122
95 123
96 97
96 123
96 124
97 98
97 123
97 124
97 125
98 99
98 124
98 125
98 126
99 100
99 125
99 126
99 127
100 101
100 126
100 127
100 128
101 102
101 127
101 128
101 129
102 103
102 128
102 129
102 130
103 104
103 129
103 130
103 131
104 105
104 130
104 131
104 132
105 106
105 131
105 132
105 133
106 107
106 132
106 133
106 134
107 108
107 133
107 134
107 135
108 134
108 135
108 136
109 110
109 136
109 137
109 138
110 137
110 138
111 139
111 140
112 113
112 141
112 142
113 114
113 141
113 142
113 143
114 115
114 142
114 143
114 144
115 116
115 143
115 144
115 145
116 144
116 145
116 146
117 118
117 148
117 149
117 150
118 149
118 150
118 151
119 120
119 151
119 152
119 153
120 121
120 152
120 153
120 154
121 122
121 153
121 154
121 155
122 154
122 155
122 156
123 124
123 156
123 157
124 125
124 157
125 126
125 158
126 127
126 158
126 159
127 128
127 158
127 159
127 160
128 129
128 159
128 160
129 130
129 160
130 131
130 161
131 132
131 161
131 162
132 133
132 161
132 162
132 163
133 134
133 162
133 163
133 164
134 135
134 163
134 164
134 165
135 136
135 164
135 165
135 166
136 137
136 165
136 166
136 167
137 138
137 166
137 167
138 167
139 140
139 168
139 169
140 168
140 169
140 170
141 142
141 170
141 171
142 143
142 171
142 172
143 144
143 171
143 172
143 173
144 145
144 172
144 173
144 174
145 146
145 173
145 174
145 175
146 147
146 174
146 175
146 176
147 148
147 175
147 176
147 177
148 149
148 176
148 177
149 150
149 177
150 151
150 178
151 152
151 178
151 179
152 153
152 178
152 179
152 180
153 154
153 179
153 180
153 181
154 155
154 180
154 181
154 182
155 156
155 181
155 182
155 183
156 157
156 182
156 183
156 184
157 183
157 184
157 185
158 159
158 186
158 187
158 188
159 160
159 187
159 188
160 188
161 162
161 189
161 190
162 163
162 190
162 191
163 164
163 190
163 191
164 165
164 191
164 192
165 166
165 192
165 193
166 167
166 192
166 193
167 193
167 194
168 169
169 170
169 195
170 195
170 196
171 172
171 196
171 197
171 198
172 173
172 197
172 198
172 199
173 174
173 198
173 199
174 175
174 199
174 200
175 176
175 200
175 201
176 177
176 200
176 201
176 202
177 201
177 202
177 203
178 179
178 204
178 205
179 180
179 204
179 205
180 181
180 205
180 206
181 182
181 206
181 207
182 183
182 206
182 207
182 208
183 184
183 207
183 208
183 209
184 185
184 208
184 209
184 210
185 186
185 209
185 210
186 187
186 210
186 211
187 188
187 211
187 212
188 211
188 212
188 213
189 214
190 191
190 215
190 216
191 215
191 216
192 193
192 217
192 218
193 217
193 218
193 219
194 219
194 220
195 196
195 222
195 223
195 224
196 197
196 223
196 224
197 198
197 224
197 225
198 199
198 225
198 226
199 225
199 226
199 227
200 201
200 227
200 228
200 229
201 202
201 228
201 229
201 230
202 203
202 229
202 230
202 231
203 230
203 231
203 232
204 205
204 232
204 233
204 234
205 233
205 234
205 235
206 207
206 235
206 236
206 237
207 208
207 236
207 237
207 238
208 209
208 237
208 238
208 239
209 210
209 238
209 239
210 239
210 240
211 212
211 240
211 241
211 242
212 213
212 241
212 242
213 242
213 243
214 243
214 244
215 216
215 244
217 218
217 245
217 246
218 219
218 245
218 246
218 247
219 220
219 246
219 247
219 248
220 247
220 248
221 222
221 249
222 223
222 249
222 250
223 224
223 249
223 250
223 251
224 250
224 251
224 252
225 226
225 252
225 253
226 227
226 253
226 254
227 228
227 253
227 254
227 255
228 229
228 254
228 255
228 256
229 230
229 255
229 256
230 231
230 256
230 257
231 232
231 257
231 258
232 233
232 257
232 258
232 259
233 234
233 258
233 259
233 260
234 235
234 259
234 260
234 261
235 236
235 260
235 261
236 237
236 261
236 262
237 238
237 262
237 263
238 239
238 262
238 263
238 264
239 263
239 264
239 265
240 241
240 265
240 266
241 242
241 266
241 267
242 267
242 268
243 268
243 269
244 270
244 271
245 246
245 273
245 274
246 247
246 273
246 274
246 275
247 248
247 274
247 275
247 276
248 275
248 276
249 250
249 277
249 278
250 251
250 278
250 279
251 252
251 279
251 280
252 279
252 280
252 281
253 254
253 281
254 255
254 282
255 256
255 282
255 283
256 282
256 283
256 284
257 258
257 284
257 285
257 286
258 259
258 285
258 286
258 287
259 260
259 286
259 287
259 288
260 261
260 287
260 288
260 289
261 288
261 289
261 290
262 263
262 290
262 291
262 292
263 264
263 291
263 292
264 265
264 292
265 266
265 293
266 293
267 268
267 294
267 295
268 269
268 294
268 295
268 296
269 295
269 296
269 297
270 271
270 297
270 298
270 299
271 272
271 298
271 299
271 300
272 299
272 300
272 301
273 274
273 301
273 302
274 275
274 302
274 303
275 276
275 302
275 303
276 303
277 278
277 304
278 304
278 305
279 280
279 305
279 306
280 281
280 306
281 307
282 283
283 284
283 308
284 285
284 308
285 286
285 308
286 287
287 288
287 309
288 289
288 309
288 310
289 290
289 309
289 310
289 311
290 291
290 310
290 311
291 292
291 311
291 312
292 312
293 313
293 314
294 295
294 314
294 315
295 296
295 315
295 316
296 297
296 316
296 317
297 298
297 316
297 317
297 318
298 299
298 317
298 318
298 319
299 300
299 318
299 319
299 320
300 301
300 319
300 320
300 321
301 320
301 321
301 322
302 303
302 322
302 323
302 324
303 323
303 324
303 325
304 326
304 327
305 306
305 327
305 328
305 329
306 328
306 329
306 330
307 331
307 332
307 333
308 334
308 335
308 336
309 310
309 337
309 338
310 311
310 338
311 338
311 339
312 339
312 340
312 341
313 314
313 342
313 343
313 344
314 315
314 343
314 344
314 345
315 344
315 345
315 346
316 317
316 346
316 347
317 318
317 347
317 348
318 319
318 348
318 349
319 320
319 348
319 349
319 350
320 321
320 349
320 350
320 351
321 322
321 350
321 351
321 352
322 323
322 351
322 352
322 353
323 324
323 352
323 353
323 354
324 325
324 353
324 354
325 354
326 327
326 355
327 328
327 355
328 329
329 330
329 356
330 331
330 356
330 357
331 332
331 356
331 357
331 358
332 333
332 357
332 358
332 359
333 358
333 359
333 360
334 335
334 360
335 336
335 361
336 361
336 362
337 362
337 363
337 364
338 364
338 365
339 340
339 365
339 366
339 367
340 341
340 366
340 367
340 368
341 342
341 367
341 368
342 343
342 368
342 369
343 344
343 369
343 370
344 345
344 369
344 370
344 371
345 346
345 370
345 371
345 372
346 347
346 371
346 372
346 373
347 372
347 373
347 374
348 349
348 374
349 350
349 375
350 351
350 375
350 376
351 352
351 375
351 376
351 377
352 353
352 376
352 377
352 378
353 354
353 377
353 378
353 379
354 378
354 379
355 380
355 381
356 357
356 383
356 384
356 385
357 358
357 384
357 385
358 359
358 385
358 386
359 360
359 386
359 387
360 386
360 387
360 388
361 362
361 389
361 390
361 391
362 363
362 390
362 391
362 392
363 364
363 391
363 392
363 393
364 392
364 393
364 394
365 366
365 394
365 395
365 396
366 367
366 395
366 396
366 397
367 368
367 396
367 397
367 398
368 397
368 398
368 399
369 370
369 399
369 400
369 401
370 371
370 400
370 401
370 402
371 372
371 401
371 402
371 403
372 373
372 402
372 403
372 404
373 374
373 403
373 404
373 405
374 404
374 405
374 406
375 376
375 407
375 408
375 409
376 377
376 408
376 409
376 410
377 378
377 409
377 410
377 411
378 379
378 410
378 411
378 412
379 411
379 412
379 413
380 381
380 414
381 382
381 414
381 415
382 383
382 415
383 384
383 415
384 385
384 416
385 416
385 417
386 387
386 417
386 418
386 419
387 388
387 418
387 419
387 420
388 389
388 419
388 420
389 390
389 420
389 421
390 391
390 421
390 422
391 392
391 421
391 422
391 423
392 393
392 422
392 423
392 424
393 394
393 423
393 424
393 425
394 395
394 424
394 425
394 426
395 396
395 425
395 426
395 427
396 397
396 426
396 427
397 398
397 427
397 428
398 399
398 428
398 429
399 400
399 428
399 429
400 401
400 429
400 430
401 402
401 430
401 431
402 403
402 430
402 431
402 432
403 404
403 431
403 432
403 433
404 405
404 432
404 433
405 406
405 433
405 434
406 407
406 434
406 435
407 408
407 434
407 435
407 436
408 409
408 435
408 436
408 437
409 410
409 436
409 437
409 438
410 411
410 437
410 438
410 439
411 412
411 438
411 439
412 413
412 439
412 440
413 440
414 441
414 442
415 442
415 443
416 417
416 444
416 445
416 446
417 418
417 445
417 446
417 447
418 419
418 446
418 447
418 448
419 420
419 447
419 448
419 449
420 448
420 449
420 450
421 422
421 450
421 451
422 423
422 451
423 424
423 452
424 425
424 452
424 453
425 426
425 452
425 453
426 427
426 453
426 454
427 454
427 455
428 429
428 455
428 456
429 456
429 457
430 431
430 457
430 458
430 459
431 432
431 458
431 459
431 460
432 433
432 459
432 460
432 461
433 460
433 461
434 435
434 462
434 463
435 436
435 462
435 463
435 464
436 437
436 463
436 464
436 465
437 438
437 464
437 465
438 439
438 465
438 466
439 466
439 467
440 467
441 442
441 468
441 469
442 443
442 468
442 469
442 470
443 469
443 470
443 471
444 445
444 471
444 472
444 473
445 446
445 472
445 473
445 474
446 447
446 473
446 474
447 448
447 474
447 475
448 449
448 475
448 476
449 450
449 475
449 476
449 477
450 451
450 476
450 477
450 478
451 477
451 478
452 453
452 479
452 480
453 480
453 481
454 455
454 481
454 482
455 482
455 483
456 457
456 483
456 484
456 485
457 458
457 484
457 485
457 486
458 459
458 485
458 486
458 487
459 460
459 486
459 487
459 488
460 461
460 487
460 488
460 489
461 488
461 489
462 463
462 490
463 464
463 490
464 465
464 491
465 491
465 492
466 467
466 492
466 493
467 493
468 469
468 494
469 470
469 494
469 495
470 471
470 495
470 496
471 472
471 495
471 496
471 497
472 473
472 496
472 497
472 498
473 474
473 497
473 498
473 499
474 498
474 499
474 500
475 476
475 500
475 501
476 477
476 501
476 502
477 478
477 501
477 502
477 503
478 502
478 503
478 504
479 504
479 505
479 506
480 481
480 506
480 507
480 508
481 507
481 508
481 509
482 483
482 509
482 510
482 511
483 484
483 510
483 511
483 512
484 485
484 511
484 512
484 513
485 486
485 512
485 513
485 514
486 487
486 513
486 514
486 515
487 488
487 514
487 515
487 516
488 489
488 515
488 516
489 516
489 517
490 517
490 518
490 519
491 492
491 520
491 521
491 522
492 521
492 522
492 523
493 523
493 524
495 496
495 525
496 497
496 525
496 526
497 498
497 526
497 527
498 499
498 526
498 527
498 528
499 500
499 527
499 528
499 529
500 528
500 529
501 502
501 530
501 531
502 503
502 530
502 531
502 532
503 504
503 531
503 532
503 533
504 505
504 532
504 533
504 534
505 506
505 533
505 534
505 535
506 507
506 534
506 535
506 536
507 508
507 535
507 536
507 537
508 509
508 536
508 537
508 538
509 510
509 537
509 538
510 511
510 538
511 512
511 539
512 513
512 539
512 540
513 514
513 539
513 540
513 541
514 515
514 540
514 541
514 542
515 516
515 541
515 542
515 543
516 542
516 543
516 544
517 518
517 544
517 545
518 519
518 545
518 546
519 520
519 546
519 547
520 521
520 546
520 547
520 548
521 522
521 547
521 548
521 549
522 523
522 548
522 549
523 524
523 549
523 550
524 550
524 551
525 553
525 554
525 555
526 527
526 555
526 556
526 557
527 528
527 556
527 557
527 558
528 529
528 557
528 558
528 559
529 558
529 559
529 560
530 531
530 560
530 561
530 562
531 532
531 561
531 562
531 563
532 533
532 562
532 563
532 564
533 534
533 563
533 564
533 565
534 535
534 564
534 565
534 566
535 536
535 565
535 566
535 567
536 537
536 566
536 567
537 538
537 567
537 568
538 568
538 569
539 540
539 570
539 571
539 572
540 541
540 571
540 572
540 573
541 542
541 572
541 573
541 574
542 543
542 573
542 574
542 575
543 544
543 574
543 575
543 576
544 545
544 575
544 576
544 577
545 576
545 577
545 578
546 547
546 578
546 579
547 548
547 579
547 580
548 549
548 580
548 581
549 580
549 581
549 582
550 551
550 582
550 583
550 584
551 583
551 584
552 553
552 585
552 586
553 554
553 585
553 586
553 587
554 555
554 586
554 587
554 588
555 556
555 587
555 588
555 589
556 557
556 588
556 589
556 590
557 558
557 589
557 590
557 591
558 559
558 590
558 591
558 592
559 560
559 591
559 592
559 593
560 561
560 592
560 593
560 594
561 562
561 593
561 594
561 595
562 563
562 594
562 595
562 596
563 564
563 595
563 596
563 597
564 565
564 596
564 597
565 566
565 597
565 598
566 567
566 598
566 599
567 598
567 599
567 600
568 569
568 600
568 601
569 570
569 601
569 602
570 571
570 602
570 603
571 572
571 602
571 603
572 573
572 603
572 604
573 574
573 604
574 575
574 604
574 605
575 576
575 605
575 606
576 577
576 605
576 606
576 607
577 578
577 606
577 607
577 608
578 579
578 607
578 608
578 609
579 608
579 609
579 610
580 581
580 610
580 611
580 612
581 582
581 611
581 612
581 613
582 583
582 612
582 613
582 614
583 584
583 613
583 614
583 615
584 614
584 615
585 586
585 616
585 617
586 587
586 616
586 617
587 588
587 617
587 618
588 589
588 618
589 590
589 618
589 619
590 591
590 619
591 592
591 619
591 620
592 593
592 620
592 621
593 594
593 620
593 621
593 622
594 595
594 621
594 622
594 623
595 596
595 622
595 623
596 597
596 623
596 624
597 624
597 625
598 599
598 625
598 626
598 627
599 600
599 626
599 627
599 628
600 601
600 627
600 628
600 629
601 628
601 629
601 630
602 603
602 630
602 631
603 631
604 632
604 633
605 606
605 633
605 634
605 635
606 607
606 634
606 635
606 636
607 608
607 635
607 636
607 637
608 609
608 636
608 637
608 638
609 610
609 637
609 638
609 639
610 611
610 638
610 639
611 612
611 639
611 640
612 613
612 640
613 614
613 640
613 641
614 615
614 641
614 642
615 641
615 642
616 617
616 643
616 644
617 643
617 644
617 645
618 645
618 646
619 646
619 647
619 648
620 621
620 648
620 649
620 650
621 622
621 649
621 650
621 651
622 623
622 650
622 651
623 651
623 652
624 625
624 652
624 653
625 626
625 653
625 654
626 627
626 654
626 655
627 628
627 654
627 655
627 656
628 629
628 655
628 656
628 657
629 630
629 656
629 657
630 631
630 657
630 658
631 658
631 659
632 633
632 660
632 661
632 662
633 634
633 661
633 662
634 635
634 662
634 663
635 636
635 663
635 664
636 637
636 663
636 664
636 665
637 638
637 664
637 665
637 666
638 639
638 665
638 666
638 667
639 666
639 667
639 668
640 668
640 669
641 642
641 670
642 670
643 644
643 671
643 672
644 645
644 671
644 672
644 673
645 672
645 673
645 674
646 647
646 674
646 675
647 648
647 675
647 676
648 649
648 676
648 677
649 650
649 676
649 677
649 678
650 651
650 677
650 678
651 678
652 653
652 679
653 679
653 680
654 655
654 680
654 681
654 682
655 656
655 681
655 682
655 683
656 657
656 682
656 683
656 684
657 683
657 684
657 685
658 659
658 685
658 686
658 687
659 660
659 686
659 687
659 688
660 661
660 687
660 688
660 689
661 662
661 688
661 689
661 690
662 689
662 690
662 691
663 664
663 691
663 692
663 693
664 665
664 692
664 693
664 694
665 666
665 693
665 694
666 667
666 694
666 695
667 668
667 695
667 696
668 669
668 695
668 696
668 697
669 696
669 697
669 698
670 699
670 700
671 672
671 701
671 702
672 673
672 701
672 702
672 703
673 674
673 702
673 703
673 704
674 675
674 703
674 704
674 705
675 704
675 705
675 706
676 677
676 706
676 707
677 678
677 707
677 708
678 708
678 709
679 710
679 711
679 712
680 681
680 712
680 713
681 682
681 713
682 683
682 713
682 714
683 684
683 714
683 715
684 685
684 714
684 715
685 686
685 715
685 716
686 687
686 716
686 717
687 688
687 716
687 717
687 718
688 689
688 717
688 718
688 719
689 690
689 718
689 719
689 720
690 691
690 719
690 720
690 721
691 692
691 720
691 721
691 722
692 693
692 721
692 722
692 723
693 694
693 722
693 723
693 724
694 723
694 724
694 725
695 696
695 725
695 726
696 697
696 726
696 727
697 698
697 727
697 728
698 699
698 727
698 728
698 729
699 700
699 728
699 729
700 729
701 702
701 730
702 703
702 730
702 731
703 704
703 730
703 731
703 732
704 705
704 731
704 732
704 733
705 706
705 732
705 733
705 734
706 707
706 733
706 734
706 735
707 734
707 735
708 709
708 736
708 737
709 710
709 736
709 737
710 711
710 737
711 712
711 738
712 738
712 739
713 739
713 740
713 741
714 715
714 741
714 742
715 742
715 743
716 717
716 743
716 744
717 718
717 744
718 719
718 744
719 720
720 721
721 722
721 745
722 723
722 745
722 746
723 724
723 745
723 746
723 747
724 725
724 746
724 747
724 748
725 726
725 747
725 748
726 748
727 728
727 749
727 750
728 729
728 749
728 750
728 751
729 750
729 751
729 752
730 731
730 753
730 754
730 755
731 732
731 754
731 755
732 733
732 755
732 756
733 734
733 756
733 757
734 735
734 756
734 757
734 758
735 757
735 758
736 737
736 759
737 759
738 739
738 760
738 761
738 762
739 740
739 761
739 762
739 763
740 741
740 762
740 763
740 764
741 742
741 763
741 764
741 765
742 764
742 765
742 766
743 766
743 767
743 768
744 768
744 769
744 770
745 746
745 772
745 773
745 774
746 747
746 773
746 774
747 748
747 774
747 775
748 775
748 776
749 750
749 777
749 778
749 779
750 751
750 778
750 779
750 780
751 752
751 779
751 780
751 781
752 780
752 781
753 754
753 782
754 755
754 782
754 783
755 782
755 783
755 784
756 757
756 784
756 785
757 758
757 785
757 786
758 786
758 787
759 788
759 789
759 790
760 761
760 790
760 791
760 792
761 762
761 791
761 792
762 763
762 792
762 793
763 764
763 793
763 794
764 765
764 793
764 794
764 795
765 766
765 794
765 795
765 796
766 767
766 795
766 796
766 797
767 768
767 796
767 797
767 798
768 769
768 797
768 798
769 770
769 798
769 799
770 771
770 799
771 799
772 773
772 800
772 801
773 774
773 800
773 801
773 802
774 801
774 802
774 803
775 776
775 803
775 804
775 805
776 777
776 804
776 805
776 806
777 778
777 805
777 806
777 807
778 779
778 806
778 807
779 780
779 807
779 808
780 781
780 808
780 809
781 808
781 809
782 783
782 810
782 811
782 812
783 784
783 811
783 812
783 813
784 785
784 812
784 813
784 814
785 813
785 814
786 787
786 815
787 788
787 815
787 816
788 789
788 816
788 817
789 790
789 816
789 817
789 818
790 791
790 817
790 818
791 792
791 818
791 819
792 819
792 820
793 794
793 820
793 821
793 822
794 795
794 821
794 822
794 823
795 796
795 822
795 823
795 824
796 797
796 823
796 824
796 825
797 798
797 824
797 825
797 826
798 825
798 826
798 827
799 827
800 801
800 828
800 829
800 830
801 802
801 829
801 830
801 831
802 803
802 830
802 831
802 832
803 804
803 831
803 832
803 833
804 805
804 832
804 833
804 834
805 806
805 833
805 834
805 835
806 807
806 834
806 835
806 836
807 835
807 836
807 837
808 809
808 837
808 838
808 839
809 838
809 839
810 811
810 840
810 841
811 812
811 840
811 841
811 842
812 813
812 841
812 842
812 843
813 814
813 842
813 843
813 844
814 843
814 844
814 845
815 845
815 846
816 817
816 847
817 818
817 847
817 848
818 847
818 848
818 849
819 820
819 849
819 850
819 851
820 821
820 850
820 851
820 852
821 822
821 851
821 852
822 823
822 852
822 853
823 824
823 853
823 854
824 825
824 853
824 854
824 855
825 826
825 854
825 855
825 856
826 827
826 855
826 856
826 857
827 856
827 857
827 858
828 829
828 859
828 860
829 830
829 860
829 861
830 831
830 861
830 862
831 832
831 861
831 862
831 863
832 833
832 862
832 863
832 864
833 834
833 863
833 864
833 865
834 835
834 864
834 865
834 866
835 836
835 865
835 866
835 867
836 837
836 866
836 867
836 868
837 838
837 867
837 868
837 869
838 839
838 868
838 869
838 870
839 869
839 870
840 841
840 871
841 842
841 871
841 872
842 843
842 872
843 844
843 872
843 873
844 845
844 873
845 846
845 873
845 874
846 874
846 875
847 848
847 876
847 877
847 878
848 849
848 877
848 878
848 879
849 850
849 878
849 879
849 880
850 851
850 879
850 880
850 881
851 852
851 880
851 881
851 882
852 881
852 882
852 883
853 854
853 883
853 884
853 885
854 855
854 884
854 885
854 886
855 856
855 885
855 886
856 857
856 886
856 887
857 858
857 887
858 859
858 887
858 888
859 860
859 888
859 889
860 888
860 889
860 890
861 862
861 890
861 891
861 892
862 863
862 891
862 892
863 864
863 892
863 893
864 865
864 893
864 894
865 866
865 893
865 894
865 895
866 867
866 894
866 895
866 896
867 868
867 895
867 896
867 897
868 869
868 896
868 897
868 898
869 870
869 897
869 898
869 899
870 898
870 899
871 900
871 901
872 901
872 902
873 902
873 903
873 904
874 875
874 904
874 905
875 876
875 905
875 906
876 877
876 905
876 906
876 907
877 878
877 906
877 907
877 908
878 879
878 907
878 908
879 880
879 908
880 881
881 882
881 909
882 883
882 909
882 910
883 884
883 909
883 910
884 885
884 910
884 911
885 886
885 911
885 912
886 911
886 912
886 913
887 913
887 914
888 889
888 915
888 916
889 890
889 915
889 916
890 891
890 916
891 892
891 917
892 917
892 918
893 894
893 918
893 919
893 920
894 895
894 919
894 920
895 896
895 920
896 897
896 921
897 898
897 921
898 899
898 921
898 922
899 922
900 901
900 923
901 923
901 924
902 903
902 924
902 925
902 926
903 904
903 925
903 926
904 926
904 927
905 906
905 927
905 928
905 929
906 907
906 928
906 929
906 930
907 908
907 929
907 930
907 931
908 930
908 931
908 932
909 910
909 934
909 935
909 936
910 935
910 936
910 937
911 912
911 937
911 938
911 939
912 913
912 938
912 939
912 940
913 914
913 939
913 940
913 941
914 940
914 941
914 942
915 916
915 942
915 943
915 944
916 943
916 944
916 945
917 918
917 946
917 947
918 919
918 947
918 948
919 920
919 948
920 948
920 949
921 950
921 951
922 951
922 952
923 924
923 953
923 954
923 955
924 925
924 954
924 955
924 956
925 926
925 955
925 956
925 957
926 956
926 957
926 958
927 928
927 958
927 959
927 960
928 929
928 959
928 960
929 930
929 960
929 961
930 931
930 961
931 932
931 961
932 933
932 962
933 934
933 962
933 963
934 935
934 962
934 963
934 964
935 936
935 963
935 964
935 965
936 937
936 964
936 965
936 966
937 938
937 965
937 966
938 939
938 966
939 940
940 941
940 967
941 942
941 967
942 943
942 967
942 968
943 944
943 968
943 969
944 945
944 968
944 969
944 970
945 946
945 969
945 970
946 947
946 970
946 971
947 971
947 972
948 972
948 973
948 974
949 974
949 975
949 976
950 951
950 976
950 977
950 978
951 952
951 977
951 978
951 979
952 978
952 979
953 954
954 955
955 956
956 957
957 958
958 959
959 960
962 963
963 964
964 965
965 966
968 969
969 970
971 972
972 973
973 974
974 975
975 976
976 977
977 978
978 979
