# FromNodeId	ToNodeId
0 1
0 33
0 34
1 2
1 33
1 34
1 35
2 3
2 34
2 35
2 36
3 4
3 35
3 36
3 37
4 5
4 36
4 37
4 38
5 6
5 37
5 38
5 39
6 7
6 38
6 39
6 40
7 39
7 40
7 41
8 9
8 41
8 42
9 10
9 42
9 43
10 11
10 43
10 44
11 12
11 43
11 44
11 45
12 13
12 44
12 45
13 14
13 45
13 46
14 46
14 47
15 47
15 48
15 49
16 49
16 50
16 51
17 18
17 52
17 53
17 54
18 19
18 53
18 54
19 20
19 54
20 55
21 22
21 56
21 57
21 58
22 23
22 57
22 58
22 59
23 24
23 58
23 59
23 60
24 25
24 59
24 60
25 26
25 60
25 61
26 27
26 61
26 62
27 28
27 61
27 62
27 63
28 29
28 62
28 63
28 64
29 30
29 63
29 64
30 31
30 64
30 65
31 32
31 65
31 66
32 65
32 66
33 34
33 67
33 68
34 35
34 67
34 68
35 36
35 68
36 37
36 69
37 38
37 69
37 70
38 39
38 69
38 70
38 71
39 40
39 70
39 71
39 72
40 41
40 71
40 72
40 73
41 42
41 72
41 73
41 74
42 73
42 74
42 75
43 44
43 75
43 76
44 45
44 76
44 77
45 76
45 77
45 78
46 47
46 78
46 79
47 48
47 79
47 80
48 49
48 80
48 81
49 50
49 80
49 81
49 82
50 51
50 81
50 82
50 83
51 52
51 82
51 83
51 84
52 53
52 83
52 84
52 85
53 54
53 84
53 85
53 86
54 85
54 86
54 87
55 56
55 88
55 89
56 57
56 88
56 89
56 90
57 58
57 89
57 90
57 91
58 59
58 90
58 91
58 92
59 60
59 91
59 92
59 93
60 92
60 93
61 62
61 94
61 95
62 63
62 94
62 95
62 96
63 64
63 95
63 96
63 97
64 96
64 97
64 98
65 66
65 98
65 99
66 99
67 68
67 100
67 101
68 100
68 101
68 102
69 70
69 103
69 104
69 105
70 71
70 104
70 105
70 106
71 72
71 105
71 106
71 107
72 73
72 106
72 107
72 108
73 74
73 107
73 108
73 109
74 75
74 108
74 109
74 110
75 109
75 110
75 111
76 77
76 111
76 112
76 113
77 78
77 112
77 113
77 114
78 79
78 113
78 114
78 115
79 114
79 115
79 116
80 81
80 116
80 117
80 118
81 82
81 117
81 118
81 119
82 83
82 118
82 119
82 120
83 84
83 119
83 120
83 121
84 85
84 120
84 121
84 122
85 86
85 121
85 122
85 123
86 87
86 122
86 123
86 124
87 123
87 124
87 125
88 89
88 125
88 126
88 127
89 90
89 126
89 127
89 128
90 91
90 127
90 128
90 129
91 92
91 128
91 129
91 130
92 93
92 129
92 130
93 130
93 131
94 95
94 131
94 132
95 96
95 132
96 97
96 132
96 133
97 98
97 133
97 134
98 99
98 133
98 134
98 135
99 134
99 135
99 136
100 101
100 137
101 102
101 137
101 138
102 103
102 138
102 139
103 104
103 138
103 139
104 105
104 139
104 140
105 106
105 140
105 141
106 107
106 140
106 141
107 108
107 141
107 142
108 109
108 142
108 143
109 110
109 142
109 143
109 144
110 111
110 143
110 144
110 145
111 112
111 144
111 145
111 146
112 113
112 145
112 146
112 147
113 114
113 146
113 147
113 148
114 115
114 147
114 148
114 149
115 116
115 148
115 149
116 117
116 149
116 150
117 118
117 150
118 119
118 150
118 151
119 120
119 151
120 121
120 151
120 152
121 122
121 152
121 153
122 123
122 152
122 153
123 124
123 153
124 125
124 154
125 126
125 154
125 155
126 127
126 154
126 155
126 156
127 128
127 155
127 156
127 157
128 129
128 156
128 157
128 158
129 130
129 157
129 158
129 159
130 158
130 159
130 160
131 160
131 161
131 162
132 162
132 163
132 164
133 134
133 164
133 165
133 166
134 135
134 165
134 166
134 167
135 136
135 166
135 167
135 168
136 167
136 168
137 169
137 170
138 139
138 170
138 171
138 172
139 171
139 172
139 173
140 141
140 173
140 174
140 175
141 174
141 175
141 176
142 143
142 176
142 177
142 178
143 144
143 177
143 178
143 179
144 145
144 178
144 179
144 180
145 146
145 179
145 180
145 181
146 147
146 180
146 181
146 182
147 148
147 181
147 182
147 183
148 149
148 182
148 183
148 184
149 183
149 184
149 185
150 185
150 186
150 187
151 187
151 188
151 189
152 153
152 189
152 190
152 191
153 190
153 191
153 192
154 155
154 193
154 194
154 195
155 156
155 194
155 195
156 157
156 195
157 158
157 196
158 159
158 196
159 160
159 196
160 161
160 197
161 162
161 197
161 198
162 163
162 197
162 198
162 199
163 164
163 198
163 199
163 200
164 165
164 199
164 200
165 166
165 200
165 201
166 167
166 201
166 202
167 168
167 201
167 202
167 203
168 202
168 203
169 170
169 204
169 205
170 171
170 204
170 205
170 206
171 172
171 205
171 206
171 207
172 173
172 206
172 207
172 208
173 174
173 207
173 208
173 209
174 175
174 208
174 209
174 210
175 176
175 209
175 210
175 211
176 177
176 210
176 211
177 178
177 211
177 212
178 179
178 212
178 213
179 180
179 212
179 213
179 214
180 181
180 213
180 214
180 215
181 182
181 214
181 215
181 216
182 183
182 215
182 216
183 184
183 216
183 217
184 185
184 217
184 218
185 186
185 217
185 218
185 219
186 187
186 218
186 219
186 220
187 188
187 219
187 220
187 221
188 189
188 220
188 221
188 222
189 190
189 221
189 222
190 191
190 222
190 223
191 192
191 223
192 193
192 223
193 194
193 224
194 195
194 224
194 225
195 224
195 225
195 226
196 227
196 228
196 229
197 198
197 230
197 231
197 232
198 199
198 231
198 232
198 233
199 200
199 232
199 233
199 234
200 233
200 234
200 235
201 202
201 235
201 236
201 237
202 203
202 236
202 237
202 238
203 237
203 238
204 205
205 206
205 239
206 207
206 239
206 240
207 208
207 239
207 240
208 209
208 240
208 241
209 210
209 241
209 242
210 211
210 241
210 242
210 243
211 242
211 243
211 244
212 213
212 244
212 245
213 214
213 245
213 246
214 215
214 246
215 216
215 246
215 247
216 247
216 248
217 218
217 248
217 249
217 250
218 219
218 249
218 250
218 251
219 220
219 250
219 251
219 252
220 221
220 251
220 252
220 253
221 222
221 252
221 253
221 254
222 253
222 254
222 255
223 255
223 256
224 225
224 257
224 258
224 259
225 226
225 258
225 259
225 260
226 227
226 259
226 260
226 261
227 228
227 260
227 261
228 229
228 261
228 262
229 230
229 262
229 263
230 231
230 262
230 263
230 264
231 232
231 263
231 264
232 233
232 264
233 234
233 265
234 235
234 265
234 266
235 236
235 265
235 266
235 267
236 237
236 266
236 267
236 268
237 238
237 267
237 268
237 269
238 268
238 269
239 240
239 271
239 272
239 273
240 272
240 273
241 242
241 274
241 275
242 243
242 274
242 275
242 276
243 244
243 275
243 276
243 277
244 245
244 276
244 277
244 278
245 277
245 278
245 279
246 279
246 280
246 281
247 248
247 281
247 282
247 283
248 249
248 282
248 283
248 284
249 250
249 283
249 284
249 285
250 251
250 284
250 285
250 286
251 252
251 285
251 286
251 287
252 253
252 286
252 287
252 288
253 254
253 287
253 288
253 289
254 255
254 288
254 289
254 290
255 289
255 290
255 291
256 257
256 291
256 292
256 293
257 258
257 292
257 293
257 294
258 259
258 293
258 294
258 295
259 260
259 294
259 295
259 296
260 261
260 295
260 296
260 297
261 296
261 297
262 263
262 298
263 264
263 298
263 299
264 299
264 300
265 266
265 301
265 302
266 267
266 302
266 303
267 268
267 302
267 303
268 269
268 303
268 304
269 304
270 271
270 305
271 272
271 305
271 306
272 273
272 306
272 307
273 306
273 307
274 275
274 308
275 276
275 308
276 277
276 308
277 278
277 309
278 279
278 309
278 310
279 280
279 309
279 310
279 311
280 281
280 310
280 311
280 312
281 282
281 311
281 312
281 313
282 283
282 312
282 313
282 314
283 284
283 313
283 314
283 315
284 285
284 314
284 315
284 316
285 286
285 315
285 316
285 317
286 287
286 316
286 317
287 288
287 317
288 289
289 290
289 318
290 291
290 318
291 292
291 318
291 319
292 293
292 319
292 320
293 294
293 319
293 320
293 321
294 295
294 320
294 321
294 322
295 296
295 321
295 322
295 323
296 297
296 322
296 323
297 323
297 324
298 324
298 325
299 300
299 326
299 327
300 301
300 326
300 327
301 327
301 328
302 303
302 328
302 329
302 330
303 329
303 330
303 331
304 331
304 332
305 333
306 307
306 333
306 334
306 335
307 334
307 335
307 336
308 337
309 310
309 338
309 339
309 340
310 311
310 339
310 340
311 312
311 340
311 341
312 313
312 341
312 342
313 314
313 341
313 342
313 343
314 315
314 342
314 343
314 344
315 316
315 343
315 344
315 345
316 317
316 344
316 345
316 346
317 345
317 346
317 347
318 349
318 350
318 351
319 320
319 351
319 352
319 353
320 321
320 352
320 353
320 354
321 322
321 353
321 354
321 355
322 323
322 354
322 355
322 356
323 355
323 356
323 357
324 325
324 357
324 358
324 359
325 358
325 359
325 360
326 327
326 360
326 361
326 362
327 361
327 362
327 363
328 329
328 363
329 330
330 331
330 364
331 332
331 364
331 365
332 364
332 365
333 334
333 366
333 367
333 368
334 335
334 367
334 368
334 369
335 336
335 368
335 369
336 337
336 369
336 370
337 370
337 371
338 339
338 372
338 373
339 340
339 372
339 373
340 373
340 374
341 342
341 374
341 375
341 376
342 343
342 375
342 376
342 377
343 344
343 376
343 377
343 378
344 345
344 377
344 378
344 379
345 346
345 378
345 379
345 380
346 347
346 379
346 380
346 381
347 348
347 380
347 381
347 382
348 349
348 381
348 382
349 350
349 382
349 383
350 351
350 383
350 384
351 352
351 383
351 384
351 385
352 353
352 384
352 385
352 386
353 354
353 385
353 386
353 387
354 355
354 386
354 387
354 388
355 356
355 387
355 388
355 389
356 357
356 388
356 389
356 390
357 358
357 389
357 390
357 391
358 359
358 390
358 391
358 392
359 360
359 391
359 392
359 393
360 361
360 392
360 393
360 394
361 362
361 393
361 394
361 395
362 363
362 394
362 395
362 396
363 395
363 396
363 397
364 365
364 399
364 400
364 401
365 400
365 401
366 367
366 402
366 403
367 368
367 402
367 403
367 404
368 369
368 403
368 404
368 405
369 404
369 405
369 406
370 371
370 406
370 407
370 408
371 407
371 408
371 409
372 373
372 409
372 410
373 410
374 375
374 411
374 412
375 376
375 411
375 412
375 413
376 377
376 412
376 413
376 414
377 378
377 413
377 414
378 379
378 414
378 415
379 380
379 415
379 416
380 381
380 415
380 416
380 417
381 382
381 416
381 417
381 418
382 417
382 418
382 419
383 384
383 419
383 420
383 421
384 385
384 420
384 421
384 422
385 386
385 421
385 422
385 423
386 387
386 422
386 423
386 424
387 388
387 423
387 424
387 425
388 389
388 424
388 425
388 426
389 390
389 425
389 426
389 427
390 391
390 426
390 427
391 392
391 427
391 428
392 393
392 428
393 394
393 428
393 429
394 395
394 429
394 430
395 396
395 429
395 430
396 397
396 430
396 431
397 398
397 431
397 432
398 399
398 431
398 432
398 433
399 400
399 432
399 433
399 434
400 401
400 433
400 434
400 435
401 434
401 435
402 403
402 436
403 404
403 436
403 437
404 405
404 437
405 406
405 437
406 407
406 438
407 408
407 438
407 439
408 409
408 438
408 439
408 440
409 410
409 439
409 440
409 441
410 440
410 441
410 442
411 412
411 443
411 444
412 413
412 443
412 444
412 445
413 414
413 444
413 445
413 446
414 445
414 446
415 416
415 447
415 448
416 417
416 447
416 448
416 449
417 418
417 448
417 449
417 450
418 419
418 449
418 450
418 451
419 420
419 450
419 451
419 452
420 421
420 451
420 452
421 422
421 452
421 453
422 423
422 453
423 424
423 453
423 454
424 425
424 454
425 426
425 454
426 427
426 455
427 455
427 456
428 456
428 457
428 458
429 430
429 458
429 459
430 459
430 460
431 432
431 460
431 461
431 462
432 433
432 461
432 462
432 463
433 434
433 462
433 463
434 435
434 463
434 464
435 464
436 465
436 466
437 466
437 467
438 439
438 468
438 469
439 440
439 469
439 470
440 441
440 469
440 470
441 442
441 470
442 471
443 444
443 471
443 472
444 445
444 472
444 473
445 446
445 472
445 473
445 474
446 473
446 474
447 448
447 475
447 476
448 449
448 475
448 476
449 450
449 476
449 477
450 451
450 477
450 478
451 452
451 477
451 478
451 479
452 478
452 479
452 480
453 480
453 481
453 482
454 482
454 483
455 456
455 484
455 485
456 457
456 484
456 485
457 458
457 485
458 486
459 460
459 486
459 487
459 488
460 461
460 487
460 488
461 462
461 488
461 489
462 463
462 489
462 490
463 489
463 490
463 491
464 491
464 492
465 466
465 493
465 494
466 493
466 494
466 495
467 468
467 495
467 496
468 496
468 497
469 470
469 497
469 498
469 499
470 498
470 499
471 500
471 501
472 473
472 501
472 502
472 503
473 474
473 502
473 503
473 504
474 503
474 504
474 505
475 476
475 505
475 506
476 506
476 507
477 478
477 507
477 508
477 509
478 479
478 508
478 509
478 510
479 480
479 509
479 510
479 511
480 481
480 510
480 511
480 512
481 482
481 511
481 512
481 513
482 512
482 513
482 514
483 514
483 515
484 485
484 515
484 516
484 517
485 516
485 517
485 518
486 487
486 519
487 488
487 520
488 520
488 521
489 490
489 521
489 522
489 523
490 491
490 522
490 523
490 524
491 492
491 523
491 524
491 525
492 524
492 525
493 494
493 526
494 495
494 526
494 527
495 496
495 526
495 527
496 527
496 528
497 498
497 528
497 529
498 499
498 529
499 529
500 530
500 531
501 502
501 531
501 532
502 503
502 532
502 533
503 504
503 532
503 533
503 534
504 505
504 533
504 534
505 534
505 535
506 507
506 535
506 536
507 508
507 536
507 537
508 509
508 537
508 538
509 510
509 537
509 538
509 539
510 511
510 538
510 539
510 540
511 512
511 539
511 540
512 513
512 540
512 541
513 514
513 541
513 542
514 541
514 542
514 543
515 516
515 543
515 544
516 517
516 544
517 518
517 544
517 545
518 519
518 545
518 546
519 545
519 546
520 521
520 547
520 548
520 549
521 522
521 548
521 549
521 550
522 523
522 549
522 550
523 524
523 550
524 525
524 551
525 551
526 527
526 552
526 553
527 552
527 553
528 554
528 555
529 555
529 556
529 557
530 531
530 558
530 559
531 559
532 533
532 560
532 561
533 534
533 560
533 561
534 561
534 562
535 536
535 562
535 563
536 563
536 564
537 538
537 564
537 565
537 566
538 539
538 565
538 566
538 567
539 540
539 566
539 567
540 567
540 568
541 542
541 568
541 569
541 570
542 543
542 569
542 570
543 570
543 571
544 571
544 572
544 573
545 546
545 573
545 574
545 575
546 574
546 575
547 548
547 576
547 577
548 549
548 576
548 577
548 578
549 550
549 577
549 578
550 578
550 579
551 580
551 581
552 553
552 582
552 583
552 584
553 583
553 584
554 555
554 585
554 586
555 556
555 585
555 586
556 557
556 586
556 587
557 558
557 587
557 588
558 587
558 588
558 589
559 589
559 590
559 591
560 561
560 591
560 592
560 593
561 592
561 593
561 594
562 563
562 594
562 595
562 596
563 595
563 596
564 565
564 597
564 598
565 566
565 597
565 598
565 599
566 567
566 598
566 599
566 600
567 599
567 600
567 601
568 569
568 601
568 602
568 603
569 570
569 602
569 603
569 604
570 603
570 604
570 605
571 572
571 605
571 606
572 573
572 606
572 607
573 574
573 607
574 575
574 607
574 608
575 608
575 609
576 577
576 609
576 610
576 611
577 578
577 610
577 611
577 612
578 611
578 612
578 613
579 580
579 613
579 614
579 615
580 581
580 614
580 615
580 616
581 615
581 616
582 583
582 617
582 618
583 584
583 617
583 618
583 619
584 618
584 619
585 586
585 620
586 620
586 621
587 588
587 621
587 622
587 623
588 589
588 622
588 623
589 590
589 623
589 624
590 591
590 624
590 625
591 592
591 624
591 625
591 626
592 593
592 625
592 626
592 627
593 594
593 626
593 627
593 628
594 595
594 627
594 628
594 629
595 596
595 628
595 629
595 630
596 629
596 630
596 631
597 598
597 631
597 632
597 633
598 599
598 632
598 633
598 634
599 600
599 633
599 634
599 635
600 601
600 634
600 635
600 636
601 602
601 635
601 636
601 637
602 603
602 636
602 637
602 638
603 604
603 637
603 638
603 639
604 605
604 638
604 639
605 606
605 639
605 640
606 640
606 641
607 641
607 642
607 643
608 609
608 643
608 644
609 610
609 644
609 645
610 611
610 645
610 646
611 612
611 645
611 646
611 647
612 613
612 646
612 647
612 648
613 614
613 647
613 648
614 615
614 648
614 649
615 616
615 649
616 649
617 618
617 650
617 651
618 619
618 650
618 651
619 651
619 652
620 621
620 653
620 654
620 655
621 622
621 654
621 655
621 656
622 623
622 655
622 656
622 657
623 656
623 657
623 658
624 625
624 658
624 659
624 660
625 626
625 659
625 660
625 661
626 627
626 660
626 661
626 662
627 628
627 661
627 662
627 663
628 629
628 662
628 663
628 664
629 630
629 663
629 664
629 665
630 631
630 664
630 665
630 666
631 632
631 665
631 666
631 667
632 633
632 666
632 667
632 668
633 634
633 667
633 668
633 669
634 635
634 668
634 669
635 636
635 669
636 637
636 670
637 638
637 670
637 671
638 639
638 670
638 671
639 671
640 641
640 672
640 673
641 642
641 672
641 673
641 674
642 643
642 673
642 674
643 644
643 674
643 675
644 675
644 676
645 646
645 676
645 677
645 678
646 647
646 677
646 678
647 648
647 678
648 679
649 679
650 651
650 680
650 681
651 680
651 681
651 682
652 653
652 682
652 683
653 654
653 683
654 655
654 683
654 684
655 656
655 684
656 657
656 684
656 685
657 658
657 685
658 659
658 685
658 686
659 660
659 686
659 687
660 661
660 686
660 687
660 688
661 662
661 687
661 688
661 689
662 663
662 688
662 689
662 690
663 664
663 689
663 690
663 691
664 665
664 690
664 691
664 692
665 666
665 691
665 692
665 693
666 667
666 692
666 693
666 694
667 668
667 693
667 694
667 695
668 669
668 694
668 695
668 696
669 695
669 696
670 671
670 697
670 698
670 699
671 698
671 699
671 700
672 673
672 701
672 702
673 674
673 701
673 702
673 703
674 702
674 703
675 676
675 704
676 677
676 704
676 705
677 678
677 705
677 706
678 705
678 706
678 707
679 708
679 709
679 710
680 681
680 711
680 712
681 682
681 711
681 712
682 712
682 713
683 713
683 714
683 715
684 715
685 716
686 687
686 717
686 718
687 688
687 717
687 718
687 719
688 689
688 718
688 719
688 720
689 690
689 719
689 720
690 691
690 720
690 721
691 692
691 721
691 722
692 693
692 721
692 722
692 723
693 694
693 722
693 723
693 724
694 695
694 723
694 724
694 725
695 696
695 724
695 725
695 726
696 725
696 726
696 727
697 698
697 727
697 728
698 699
698 728
698 729
699 700
699 729
699 730
700 729
700 730
700 731
701 702
701 731
701 732
701 733
702 703
702 732
702 733
702 734
703 733
703 734
703 735
704 735
704 736
704 737
705 706
705 737
705 738
705 739
706 707
706 738
706 739
706 740
707 708
707 739
707 740
707 741
708 709
708 740
708 741
709 710
709 741
709 742
710 742
710 743
711 712
711 744
712 744
712 745
713 714
713 745
713 746
713 747
714 715
714 746
714 747
714 748
715 747
715 748
715 749
716 750
716 751
716 752
717 718
717 752
717 753
718 719
718 753
719 720
719 753
719 754
720 754
720 755
721 722
721 755
721 756
721 757
722 723
722 756
722 757
722 758
723 724
723 757
723 758
723 759
724 725
724 758
724 759
725 726
725 759
725 760
726 727
726 760
727 728
727 760
727 761
728 761
728 762
729 730
729 762
729 763
730 731
730 763
730 764
731 732
731 764
731 765
732 733
732 764
732 765
732 766
733 734
733 765
733 766
733 767
734 735
734 766
734 767
734 768
735 736
735 767
735 768
735 769
736 737
736 768
736 769
736 770
737 738
737 769
737 770
737 771
738 739
738 770
738 771
738 772
739 740
739 771
739 772
740 741
740 772
740 773
741 773
741 774
742 743
742 774
742 775
743 775
744 745
744 776
744 777
744 778
745 746
745 777
745 778
745 779
746 747
746 778
746 779
746 780
747 748
747 779
747 780
747 781
748 749
748 780
748 781
748 782
749 750
749 781
749 782
749 783
750 751
750 782
750 783
750 784
751 752
751 783
751 784
751 785
752 784
752 785
752 786
753 786
753 787
753 788
754 755
754 788
754 789
754 790
755 756
755 789
755 790
755 791
756 757
756 790
756 791
756 792
757 758
757 791
757 792
757 793
758 759
758 792
758 793
758 794
759 793
759 794
759 795
760 795
761 762
761 796
761 797
762 763
762 796
762 797
762 798
763 797
763 798
763 799
764 765
764 799
764 800
764 801
765 766
765 800
765 801
766 767
766 801
766 802
767 768
767 802
767 803
768 769
768 802
768 803
769 770
769 803
769 804
770 771
770 804
770 805
771 772
771 804
771 805
772 805
772 806
773 774
773 806
773 807
773 808
774 807
774 808
774 809
775 809
775 810
776 777
776 811
777 778
777 811
777 812
778 779
778 811
778 812
778 813
779 780
779 812
779 813
779 814
780 781
780 813
780 814
780 815
781 782
781 814
781 815
781 816
782 783
782 815
782 816
782 817
783 784
783 816
783 817
783 818
784 785
784 817
784 818
784 819
785 786
785 818
785 819
785 820
786 787
786 819
786 820
786 821
787 788
787 820
787 821
787 822
788 789
788 821
788 822
789 790
789 822
789 823
790 791
790 823
790 824
791 792
791 823
791 824
791 825
792 793
792 824
792 825
792 826
793 794
793 825
793 826
794 795
794 826
794 827
795 827
795 828
796 797
796 829
796 830
796 831
797 798
797 830
797 831
797 832
798 799
798 831
798 832
799 800
799 832
800 801
800 833
801 833
801 834
802 803
802 834
802 835
803 835
803 836
804 805
804 836
804 837
804 838
805 837
805 838
806 807
806 839
807 808
807 839
807 840
808 809
808 840
808 841
809 810
809 840
809 841
810 841
811 812
811 842
811 843
811 844
812 813
812 843
812 844
812 845
813 814
813 844
813 845
813 846
814 815
814 845
814 846
814 847
815 816
815 846
815 847
815 848
816 817
816 847
816 848
816 849
817 818
817 848
817 849
818 819
818 849
819 820
819 850
820 821
820 850
820 851
821 822
821 850
821 851
821 852
822 851
822 852
822 853
823 824
823 853
823 854
823 855
824 825
824 854
824 855
824 856
825 826
825 855
825 856
825 857
826 856
826 857
826 858
827 828
827 858
827 859
828 829
828 859
828 860
829 830
829 860
830 831
830 860
830 861
831 832
831 861
832 861
832 862
833 834
833 863
833 864
834 864
834 865
835 836
835 865
835 866
836 837
836 866
836 867
837 838
837 866
837 867
837 868
838 867
838 868
839 869
839 870
840 841
840 870
840 871
840 872
841 871
841 872
841 873
842 843
842 874
842 875
843 844
843 874
843 875
844 845
844 875
844 876
845 846
845 876
845 877
846 847
846 876
846 877
847 848
847 877
847 878
848 849
848 878
848 879
849 878
849 879
850 851
850 880
850 881
850 882
851 852
851 881
851 882
851 883
852 853
852 882
852 883
853 854
853 883
853 884
854 855
854 884
854 885
855 856
855 884
855 885
855 886
856 857
856 885
856 886
856 887
857 858
857 886
857 887
857 888
858 859
858 887
858 888
858 889
859 888
859 889
860 890
861 890
861 891
861 892
862 863
862 892
862 893
862 894
863 893
863 894
863 895
864 865
864 895
864 896
864 897
865 896
865 897
865 898
866 867
866 898
866 899
867 868
867 899
867 900
868 900
869 870
869 901
869 902
870 871
870 901
870 902
870 903
871 872
871 902
871 903
871 904
872 873
872 903
872 904
872 905
873 904
873 905
874 875
876 877
876 906
877 906
877 907
878 879
878 907
878 908
878 909
879 908
879 909
879 910
880 881
880 910
880 911
880 912
881 882
881 911
881 912
882 883
882 912
882 913
883 913
883 914
884 885
884 914
884 915
885 886
885 915
885 916
886 887
886 915
886 916
886 917
887 888
887 916
887 917
887 918
888 889
888 917
888 918
888 919
889 918
889 919
889 920
890 891
890 921
890 922
890 923
891 892
891 922
891 923
891 924
892 893
892 923
892 924
892 925
893 894
893 924
893 925
893 926
894 895
894 925
894 926
894 927
895 896
895 926
895 927
895 928
896 897
896 927
896 928
896 929
897 898
897 928
897 929
898 899
898 929
898 930
899 930
900 931
900 932
901 902
901 932
901 933
901 934
902 903
902 933
902 934
902 935
903 904
903 934
903 935
903 936
904 905
904 935
904 936
904 937
905 936
905 937
906 907
906 939
906 940
907 908
907 940
908 909
908 941
909 910
909 941
909 942
910 911
910 941
910 942
911 912
911 942
911 943
912 943
912 944
913 914
913 944
913 945
914 945
914 946
915 916
915 946
915 947
915 948
916 917
916 947
916 948
916 949
917 918
917 948
917 949
917 950
918 919
918 949
918 950
918 951
919 920
919 950
919 951
920 921
920 951
920 952
921 922
921 952
921 953
922 923
922 952
922 953
922 954
923 924
923 953
923 954
924 925
924 954
924 955
925 926
925 955
926 927
926 955
926 956
927 928
927 956
927 957
928 929
928 956
928 957
928 958
929 957
929 958
930 959
930 960
931 932
931 960
931 961
931 962
932 933
932 961
932 962
932 963
933 934
933 962
933 963
933 964
934 935
934 963
934 964
935 936
935 964
935 965
936 937
936 965
936 966
937 965
937 966
938 967
938 968
939 940
939 968
939 969
940 969
940 970
941 942
941 971
941 972
942 972
942 973
943 944
943 973
943 974
943 975
944 945
944 974
944 975
944 976
945 975
945 976
946 947
946 977
946 978
947 948
947 977
947 978
947 979
948 949
948 978
948 979
948 980
949 950
949 979
949 980
949 981
950 951
950 980
950 981
951 981
952 953
952 982
952 983
953 954
953 982
953 983
953 984
954 983
954 984
954 985
955 985
955 986
955 987
956 957
956 987
956 988
957 958
957 988
958 988
958 989
959 960
959 989
959 990
960 961
960 990
961 962
961 990
962 963
962 991
963 964
963 991
963 992
964 991
964 992
964 993
965 966
965 993
965 994
965 995
966 994
966 995
967 968
967 996
967 997
967 998
968 969
968 997
968 998
968 999
969 998
969 999
969 1000
970 971
970 1000
970 1001
970 1002
971 1001
971 1002
971 1003
972 973
972 1003
972 1004
972 1005
973 974
973 1004
973 1005
973 1006
974 975
974 1005
974 1006
974 1007
975 976
975 1006
975 1007
975 1008
976 1007
976 1008
976 1009
977 978
977 1009
977 1010
977 1011
978 979
978 1010
978 1011
978 1012
979 980
979 1011
979 1012
979 1013
980 981
980 1012
980 1013
980 1014
981 1013
981 1014
981 1015
982 983
982 1016
982 1017
982 1018
983 984
983 1017
983 1018
983 1019
984 985
984 1018
984 1019
985 986
985 1019
985 1020
986 987
986 1020
986 1021
987 1020
987 1021
988 1022
989 1023
989 1024
990 1024
990 1025
990 1026
991 992
991 1027
991 1028
992 993
992 1027
992 1028
992 1029
993 994
993 1028
993 1029
993 1030
994 995
994 1029
994 1030
995 1030
996 997
996 1031
996 1032
997 998
997 1031
997 1032
997 1033
998 999
998 1032
998 1033
998 1034
999 1000
999 1033
999 1034
999 1035
1000 1001
1000 1034
1000 1035
1000 1036
1001 1002
1001 1035
1001 1036
1001 1037
1002 1003
1002 1036
1002 1037
1002 1038
1003 1004
1003 1037
1003 1038
1003 1039
1004 1005
1004 1038
1004 1039
1004 1040
1005 1006
1005 1039
1005 1040
1005 1041
1006 1007
1006 1040
1006 1041
1006 1042
1007 1008
1007 1041
1007 1042
1008 1009
1008 1042
1008 1043
1009 1010
1009 1043
1009 1044
1010 1011
1010 1043
1010 1044
1010 1045
1011 1012
1011 1044
1011 1045
1011 1046
1012 1013
1012 1045
1012 1046
1012 1047
1013 1014
1013 1046
1013 1047
1013 1048
1014 1015
1014 1047
1014 1048
1014 1049
1015 1016
1015 1048
1015 1049
1015 1050
1016 1017
1016 1049
1016 1050
1017 1018
1017 1050
1017 1051
1018 1019
1018 1051
1018 1052
1019 1051
1019 1052
1020 1021
1020 1053
1021 1053
1021 1054
1022 1054
1022 1055
1023 1024
1023 1056
1024 1025
1024 1056
1024 1057
1025 1026
1025 1057
1026 1057
1026 1058
1027 1028
1027 1058
1027 1059
1027 1060
1028 1029
1028 1059
1028 1060
1028 1061
1029 1030
1029 1060
1029 1061
1030 1061
1030 1062
1031 1032
1031 1063
1031 1064
1032 1033
1032 1063
1032 1064
1032 1065
1033 1034
1033 1064
1033 1065
1033 1066
1034 1035
1034 1065
1034 1066
1034 1067
1035 1036
1035 1066
1035 1067
1035 1068
1036 1037
1036 1067
1036 1068
1036 1069
1037 1038
1037 1068
1037 1069
1037 1070
1038 1039
1038 1069
1038 1070
1038 1071
1039 1040
1039 1070
1039 1071
1039 1072
1040 1041
1040 1071
1040 1072
1040 1073
1041 1042
1041 1072
1041 1073
1041 1074
1042 1073
1042 1074
1043 1044
1043 1075
1043 1076
1044 1045
1044 1075
1044 1076
1045 1046
1045 1076
1045 1077
1046 1047
1046 1077
1046 1078
1047 1048
1047 1077
1047 1078
1047 1079
1048 1049
1048 1078
1048 1079
1048 1080
1049 1050
1049 1079
1049 1080
1049 1081
1050 1080
1050 1081
1050 1082
1051 1052
1051 1082
1051 1083
1051 1084
1052 1083
1052 1084
1052 1085
1053 1085
1053 1086
1053 1087
1054 1055
1054 1087
1054 1088
1055 1088
1055 1089
1056 1089
1056 1090
1056 1091
1057 1091
1057 1092
1057 1093
1058 1059
1058 1093
1058 1094
1058 1095
1059 1060
1059 1094
1059 1095
1059 1096
1060 1061
1060 1095
1060 1096
1060 1097
1061 1096
1061 1097
1061 1098
1062 1098
1063 1064
1063 1099
1063 1100
1064 1065
1064 1099
1064 1100
1064 1101
1065 1066
1065 1100
1065 1101
1066 1067
1066 1101
1067 1068
1067 1102
1068 1069
1068 1102
1069 1070
1069 1102
1069 1103
1070 1071
1070 1103
1070 1104
1071 1072
1071 1103
1071 1104
1071 1105
1072 1073
1072 1104
1072 1105
1072 1106
1073 1074
1073 1105
1073 1106
1073 1107
1074 1106
1074 1107
1074 1108
1075 1076
1075 1108
1075 1109
1075 1110
1076 1109
1076 1110
1076 1111
1077 1078
1077 1111
1077 1112
1077 1113
1078 1079
1078 1112
1078 1113
1078 1114
1079 1080
1079 1113
1079 1114
1079 1115
1080 1081
1080 1114
1080 1115
1081 1082
1081 1115
1081 1116
1082 1083
1082 1116
1082 1117
1083 1084
1083 1116
1083 1117
1083 1118
1084 1085
1084 1117
1084 1118
1084 1119
1085 1086
1085 1118
1085 1119
1085 1120
1086 1087
1086 1119
1086 1120
1086 1121
1087 1120
1087 1121
1088 1089
1088 1122
1088 1123
1089 1090
1089 1122
1089 1123
1089 1124
1090 1091
1090 1123
1090 1124
1090 1125
1091 1092
1091 1124
1091 1125
1092 1093
1092 1125
1092 1126
1093 1094
1093 1126
1093 1127
1094 1095
1094 1126
1094 1127
1094 1128
1095 1096
1095 1127
1095 1128
1096 1097
1096 1128
1097 1098
1097 1129
1098 1129
1098 1130
1099 1100
1099 1131
1099 1132
1100 1101
1100 1131
1100 1132
1100 1133
1101 1132
1101 1133
1101 1134
1102 1135
1102 1136
1103 1104
1103 1136
1103 1137
1104 1105
1104 1137
1104 1138
1105 1106
1105 1138
1105 1139
1106 1107
1106 1138
1106 1139
1107 1108
1107 1139
1107 1140
1108 1109
1108 1140
1108 1141
1109 1110
1109 1140
1109 1141
1109 1142
1110 1111
1110 1141
1110 1142
1111 1112
1111 1142
1111 1143
1112 1113
1112 1143
1112 1144
1113 1114
1113 1143
1113 1144
1113 1145
1114 1115
1114 1144
1114 1145
1114 1146
1115 1145
1115 1146
1116 1117
1116 1147
1116 1148
1117 1118
1117 1147
1117 1148
1118 1119
1118 1148
1118 1149
1119 1120
1119 1149
1120 1121
1120 1149
1120 1150
1121 1150
1122 1123
1122 1151
1122 1152
1123 1124
1123 1151
1123 1152
1124 1125
1124 1152
1124 1153
1125 1153
1126 1127
1126 1154
1126 1155
1127 1128
1127 1154
1127 1155
1128 1155
1128 1156
1129 1130
1129 1157
1129 1158
1130 1158
1131 1132
1131 1159
1131 1160
1132 1133
1132 1159
1132 1160
1132 1161
1133 1134
1133 1160
1133 1161
1133 1162
1134 1135
1134 1161
1134 1162
1134 1163
1135 1162
1135 1163
1135 1164
1136 1137
1136 1164
1136 1165
1136 1166
1137 1165
1137 1166
1137 1167
1138 1139
1138 1167
1138 1168
1139 1168
1140 1141
1140 1169
1140 1170
1141 1142
1141 1169
1141 1170
1141 1171
1142 1170
1142 1171
1142 1172
1143 1144
1143 1172
1143 1173
1144 1145
1144 1173
1144 1174
1145 1146
1145 1173
1145 1174
1145 1175
1146 1174
1146 1175
1146 1176
1147 1148
1147 1176
1147 1177
1147 1178
1148 1177
1148 1178
1148 1179
1149 1179
1149 1180
1149 1181
1150 1181
1150 1182
1151 1152
1151 1183
1152 1183
1152 1184
1153 1184
1153 1185
1154 1155
1154 1185
1154 1186
1154 1187
1155 1186
1155 1187
1155 1188
1156 1157
1156 1188
1156 1189
1157 1189
1157 1190
1158 1190
1159 1160
1159 1191
1160 1161
1160 1191
1160 1192
1161 1162
1161 1192
1161 1193
1162 1163
1162 1192
1162 1193
1162 1194
1163 1164
1163 1193
1163 1194
1163 1195
1164 1165
1164 1194
1164 1195
1165 1166
1165 1195
1165 1196
1166 1167
1166 1196
1166 1197
1167 1196
1167 1197
1167 1198
1168 1198
1168 1199
1169 1170
1169 1199
1169 1200
1170 1171
1170 1200
1171 1172
1171 1200
1172 1201
1173 1174
1173 1201
1173 1202
1174 1175
1174 1202
1174 1203
1175 1176
1175 1203
1175 1204
1176 1177
1176 1203
1176 1204
1176 1205
1177 1178
1177 1204
1177 1205
1178 1179
1178 1205
1178 1206
1179 1180
1179 1206
1180 1181
1180 1206
1180 1207
1181 1182
1181 1207
1182 1207
1182 1208
1183 1208
1183 1209
1183 1210
1184 1210
1184 1211
1184 1212
1185 1186
1185 1212
1185 1213
1185 1214
1186 1187
1186 1213
1186 1214
1186 1215
1187 1188
1187 1214
1187 1215
1187 1216
1188 1215
1188 1216
1188 1217
1189 1190
1189 1217
1190 1218
1191 1219
1192 1193
1192 1219
1192 1220
1192 1221
1193 1194
1193 1220
1193 1221
1193 1222
1194 1195
1194 1221
1194 1222
1194 1223
1195 1222
1195 1223
1195 1224
1196 1197
1196 1224
1196 1225
1197 1198
1197 1225
1197 1226
1198 1225
1198 1226
1198 1227
1199 1227
1199 1228
1199 1229
1200 1229
1200 1230
1200 1231
1201 1202
1201 1232
1201 1233
1201 1234
1202 1233
1202 1234
1202 1235
1203 1204
1203 1235
1203 1236
1203 1237
1204 1205
1204 1236
1204 1237
1204 1238
1205 1237
1205 1238
1206 1239
1207 1239
1207 1240
1207 1241
1208 1209
1208 1241
1208 1242
1208 1243
1209 1210
1209 1242
1209 1243
1209 1244
1210 1211
1210 1243
1210 1244
1210 1245
1211 1212
1211 1244
1211 1245
1212 1213
1212 1245
1212 1246
1213 1214
1213 1246
1214 1215
1214 1246
1214 1247
1215 1216
1215 1247
1215 1248
1216 1217
1216 1247
1216 1248
1216 1249
1217 1248
1217 1249
1218 1250
1219 1220
1219 1251
1219 1252
1220 1221
1220 1252
1220 1253
1221 1222
1221 1252
1221 1253
1221 1254
1222 1223
1222 1253
1222 1254
1222 1255
1223 1224
1223 1254
1223 1255
1223 1256
1224 1255
1224 1256
1225 1226
1225 1257
1225 1258
1226 1227
1226 1257
1226 1258
1226 1259
1227 1228
1227 1258
1227 1259
1227 1260
1228 1229
1228 1259
1228 1260
1228 1261
1229 1230
1229 1260
1229 1261
1229 1262
1230 1231
1230 1261
1230 1262
1230 1263
1231 1232
1231 1262
1231 1263
1231 1264
1232 1233
1232 1263
1232 1264
1233 1234
1233 1264
1233 1265
1234 1235
1234 1265
1235 1236
1235 1265
1235 1266
1236 1237
1236 1266
1236 1267
1237 1238
1237 1266
1237 1267
1238 1267
1239 1240
1239 1268
1239 1269
1240 1241
1240 1269
1240 1270
1241 1242
1241 1269
1241 1270
1241 1271
1242 1243
1242 1270
1242 1271
1242 1272
1243 1244
1243 1271
1243 1272
1244 1245
1244 1272
1244 1273
1245 1273
1245 1274
1246 1274
1246 1275
1247 1248
1247 1275
1248 1249
1248 1276
1249 1276
1249 1277
1250 1278
1250 1279
1252 1253
1253 1254
1254 1255
1255 1256
1257 1258
1258 1259
1259 1260
1260 1261
1261 1262
1262 1263
1263 1264
1266 1267
1269 1270
1270 1271
1271 1272
1273 1274
1276 1277
1277 1278
1278 1279
