# FromNodeId	ToNodeId
0 50
1 2
1 50
1 51
1 52
2 3
2 51
2 52
2 53
3 52
3 53
3 54
4 5
4 54
4 55
5 6
5 55
5 56
6 7
6 55
6 56
6 57
7 8
7 56
7 57
7 58
8 9
8 57
8 58
8 59
9 58
9 59
10 11
10 60
10 61
10 62
11 12
11 61
11 62
11 63
12 13
12 62
12 63
12 64
13 63
13 64
14 15
14 65
14 66
15 16
15 66
15 67
16 17
16 67
16 68
17 18
17 67
17 68
17 69
18 19
18 68
18 69
18 70
19 20
19 69
19 70
19 71
20 21
20 70
20 71
21 22
21 71
21 72
22 23
22 72
22 73
23 24
23 72
23 73
23 74
24 25
24 73
24 74
24 75
25 26
25 74
25 75
25 76
26 27
26 75
26 76
26 77
27 28
27 76
27 77
27 78
28 29
28 77
28 78
28 79
29 30
29 78
29 79
29 80
30 31
30 79
30 80
30 81
31 80
31 81
31 82
32 33
32 83
33 34
33 83
33 84
34 35
34 84
34 85
35 36
35 84
35 85
35 86
36 37
36 85
36 86
36 87
37 86
37 87
37 88
38 39
38 89
38 90
39 40
39 89
39 90
39 91
40 41
40 90
40 91
40 92
41 42
41 91
41 92
42 43
42 92
42 93
43 44
43 93
43 94
44 45
44 93
44 94
44 95
45 46
45 94
45 95
46 47
46 95
47 48
47 96
48 49
48 96
49 96
50 51
50 97
50 98
51 52
51 97
51 98
51 99
52 53
52 98
52 99
52 100
53 54
53 99
53 100
53 101
54 100
54 101
55 56
55 102
56 57
56 102
56 103
57 58
57 103
58 59
58 103
58 104
59 104
59 105
60 61
60 105
60 106
61 62
61 106
61 107
62 63
62 107
62 108
63 64
63 107
63 108
64 108
64 109
65 66
65 109
65 110
65 111
66 110
66 111
66 112
67 68
67 112
67 113
67 114
68 69
68 113
68 114
68 115
69 70
69 114
69 115
69 116
70 71
70 115
70 116
70 117
71 116
71 117
71 118
72 73
72 118
72 119
73 74
73 119
73 120
74 75
74 119
74 120
74 121
75 76
75 120
75 121
76 77
76 121
76 122
77 78
77 122
78 79
78 122
78 123
79 80
79 123
80 81
80 123
80 124
81 82
81 124
81 125
82 124
82 125
83 126
83 127
84 85
84 127
84 128
84 129
85 86
85 128
85 129
85 130
86 87
86 129
86 130
86 131
87 88
87 130
87 131
87 132
88 131
88 132
88 133
89 90
89 133
89 134
90 91
90 134
91 92
92 135
93 94
93 135
93 136
93 137
94 95
94 136
94 137
94 138
95 137
95 138
95 139
96 140
96 141
97 98
97 142
97 143
97 144
98 99
98 143
98 144
98 145
99 100
99 144
99 145
99 146
100 101
100 145
100 146
100 147
101 146
101 147
101 148
102 148
102 149
102 150
103 150
103 151
103 152
104 105
104 152
105 106
105 153
106 153
106 154
107 108
107 154
107 155
107 156
108 155
108 156
108 157
109 110
109 157
109 158
109 159
110 111
110 158
110 159
110 160
111 112
111 159
111 160
112 113
112 160
112 161
113 114
113 161
113 162
114 115
114 161
114 162
114 163
115 116
115 162
115 163
116 117
116 163
117 118
117 164
118 164
119 120
119 165
119 166
120 121
120 165
120 166
121 166
122 167
122 168
123 168
124 125
124 169
124 170
125 169
125 170
125 171
126 127
126 171
126 172
126 173
127 128
127 172
127 173
127 174
128 129
128 173
128 174
128 175
129 130
129 174
129 175
129 176
130 131
130 175
130 176
130 177
131 132
131 176
131 177
131 178
132 133
132 177
132 178
133 134
133 178
134 179
135 136
135 181
135 182
135 183
136 137
136 182
136 183
136 184
137 138
137 183
137 184
137 185
138 139
138 184
138 185
138 186
139 140
139 185
139 186
139 187
140 141
140 186
140 187
140 188
141 187
141 188
141 189
142 143
142 190
142 191
143 144
143 190
143 191
144 145
144 191
144 192
145 146
145 192
145 193
146 147
146 192
146 193
146 194
147 148
147 193
147 194
147 195
148 149
148 194
148 195
149 150
149 195
150 151
150 196
151 152
151 196
151 197
152 196
152 197
152 198
153 154
153 199
153 200
153 201
154 155
154 200
154 201
154 202
155 156
155 201
155 202
156 157
156 202
156 203
157 158
157 203
157 204
158 159
158 203
158 204
159 160
159 204
159 205
160 205
160 206
161 162
161 206
161 207
162 163
162 207
162 208
163 208
163 209
164 210
164 211
164 212
165 166
165 212
165 213
165 214
166 213
166 214
167 168
167 215
167 216
167 217
168 216
168 217
169 170
169 218
169 219
169 220
170 171
170 219
170 220
170 221
171 172
171 220
171 221
171 222
172 173
172 221
172 222
173 174
173 222
173 223
174 175
174 223
174 224
175 176
175 223
175 224
175 225
176 177
176 224
176 225
176 226
177 178
177 225
177 226
178 226
178 227
179 180
179 228
180 181
180 228
181 182
182 183
182 229
183 184
183 229
183 230
184 185
184 229
184 230
184 231
185 186
185 230
185 231
185 232
186 187
186 231
186 232
186 233
187 188
187 232
187 233
187 234
188 189
188 233
188 234
188 235
189 234
189 235
190 191
190 236
190 237
191 236
191 237
191 238
192 193
192 238
192 239
192 240
193 194
193 239
193 240
193 241
194 195
194 240
194 241
195 241
195 242
196 197
196 243
196 244
196 245
197 198
197 244
197 245
198 199
198 245
198 246
199 200
199 246
200 201
200 246
200 247
201 202
201 247
201 248
202 247
202 248
202 249
203 204
203 249
203 250
204 250
204 251
205 206
205 251
205 252
205 253
206 207
206 252
206 253
207 253
208 209
208 254
209 210
209 254
209 255
210 211
210 255
210 256
211 212
211 255
211 256
211 257
212 213
212 256
212 257
212 258
213 214
213 257
213 258
213 259
214 258
214 259
214 260
215 216
215 260
215 261
215 262
216 217
216 261
216 262
216 263
217 262
217 263
217 264
218 219
218 264
218 265
219 220
219 265
219 266
220 221
220 265
220 266
220 267
221 222
221 266
221 267
222 267
222 268
223 224
223 268
223 269
223 270
224 225
224 269
224 270
224 271
225 226
225 270
225 271
225 272
226 271
226 272
226 273
227 273
227 274
227 275
228 275
228 276
228 277
229 230
229 279
229 280
229 281
230 231
230 280
230 281
231 232
231 281
231 282
232 233
232 282
232 283
233 234
233 282
233 283
233 284
234 235
234 283
234 284
234 285
235 284
235 285
236 237
236 286
237 238
237 286
238 239
238 286
239 240
239 287
240 241
240 287
240 288
241 287
241 288
241 289
242 243
242 289
242 290
242 291
243 244
243 290
243 291
243 292
244 245
244 291
244 292
244 293
245 292
245 293
245 294
246 294
247 248
247 295
247 296
248 249
248 295
248 296
248 297
249 250
249 296
249 297
249 298
250 297
250 298
251 252
251 299
251 300
252 253
252 299
252 300
252 301
253 300
253 301
253 302
254 303
255 256
255 303
255 304
255 305
256 257
256 304
256 305
256 306
257 258
257 305
257 306
257 307
258 259
258 306
258 307
258 308
259 260
259 307
259 308
259 309
260 261
260 308
260 309
260 310
261 262
261 309
261 310
261 311
262 263
262 310
262 311
262 312
263 264
263 311
263 312
263 313
264 312
264 313
264 314
265 266
265 314
265 315
265 316
266 267
266 315
266 316
267 316
268 269
268 317
268 318
269 270
269 317
269 318
269 319
270 271
270 318
270 319
270 320
271 272
271 319
271 320
271 321
272 273
272 320
272 321
273 274
273 321
274 275
274 322
275 276
275 322
275 323
276 277
276 322
276 323
276 324
277 278
277 323
277 324
277 325
278 279
278 324
278 325
278 326
279 280
279 325
279 326
279 327
280 281
280 326
280 327
280 328
281 327
281 328
281 329
282 283
282 329
282 330
282 331
283 284
283 330
283 331
284 285
284 331
284 332
285 332
286 333
286 334
286 335
287 288
287 336
287 337
287 338
288 289
288 337
288 338
288 339
289 290
289 338
289 339
289 340
290 291
290 339
290 340
290 341
291 292
291 340
291 341
292 293
292 341
292 342
293 294
293 342
293 343
294 342
294 343
295 296
295 344
295 345
295 346
296 297
296 345
296 346
296 347
297 298
297 346
297 347
297 348
298 347
298 348
299 300
299 349
300 301
300 349
300 350
301 302
301 349
301 350
301 351
302 350
302 351
302 352
303 304
303 353
303 354
303 355
304 305
304 354
304 355
304 356
305 306
305 355
305 356
305 357
306 307
306 356
306 357
306 358
307 308
307 357
307 358
307 359
308 309
308 358
308 359
308 360
309 310
309 359
309 360
309 361
310 311
310 360
310 361
311 312
311 361
312 313
312 362
313 314
313 362
313 363
314 315
314 362
314 363
314 364
315 316
315 363
315 364
315 365
316 364
316 365
316 366
317 318
317 367
317 368
318 319
318 367
318 368
318 369
319 320
319 368
319 369
319 370
320 321
320 369
320 370
320 371
321 370
321 371
321 372
322 323
322 373
322 374
323 324
323 373
323 374
323 375
324 325
324 374
324 375
324 376
325 326
325 375
325 376
325 377
326 327
326 376
326 377
326 378
327 328
327 377
327 378
327 379
328 329
328 378
328 379
328 380
329 330
329 379
329 380
329 381
330 331
330 380
330 381
330 382
331 381
331 382
332 383
333 334
333 384
334 335
334 384
334 385
335 336
335 384
335 385
335 386
336 337
336 385
336 386
336 387
337 338
337 386
337 387
337 388
338 339
338 387
338 388
338 389
339 340
339 388
339 389
340 341
340 389
340 390
341 390
341 391
342 343
342 391
342 392
342 393
343 392
343 393
343 394
344 345
344 394
344 395
344 396
345 346
345 395
345 396
346 347
346 396
346 397
347 348
347 397
348 397
348 398
349 350
349 399
349 400
349 401
350 351
350 400
350 401
350 402
351 352
351 401
351 402
351 403
352 353
352 402
352 403
353 354
353 403
354 355
354 404
355 356
355 404
355 405
356 357
356 404
356 405
356 406
357 358
357 405
357 406
358 359
358 406
358 407
359 360
359 407
360 361
360 407
360 408
361 408
361 409
362 363
362 410
362 411
363 364
363 411
363 412
364 365
364 412
364 413
365 366
365 412
365 413
365 414
366 413
366 414
366 415
367 368
367 415
367 416
368 369
368 416
368 417
369 370
369 416
369 417
369 418
370 371
370 417
370 418
370 419
371 372
371 418
371 419
371 420
372 419
372 420
372 421
373 374
373 421
373 422
373 423
374 375
374 422
374 423
374 424
375 376
375 423
375 424
376 377
376 424
376 425
377 378
377 425
377 426
378 379
378 425
378 426
379 380
379 426
379 427
380 381
380 427
380 428
381 382
381 427
381 428
381 429
382 428
382 429
382 430
383 430
383 431
384 385
384 432
384 433
385 386
385 433
385 434
386 387
386 433
386 434
386 435
387 388
387 434
387 435
387 436
388 389
388 435
388 436
389 436
390 391
390 437
390 438
391 392
391 437
391 438
391 439
392 393
392 438
392 439
392 440
393 394
393 439
393 440
393 441
394 395
394 440
394 441
394 442
395 396
395 441
395 442
395 443
396 442
396 443
396 444
397 444
397 445
397 446
398 399
398 446
398 447
399 400
399 447
399 448
400 401
400 447
400 448
401 402
401 448
401 449
402 403
402 449
402 450
403 449
403 450
403 451
404 405
404 452
404 453
405 406
405 453
405 454
406 454
407 455
407 456
408 409
408 456
408 457
409 410
409 457
409 458
410 411
410 458
410 459
411 458
411 459
411 460
412 413
412 460
412 461
412 462
413 414
413 461
413 462
413 463
414 415
414 462
414 463
414 464
415 463
415 464
416 417
416 465
416 466
417 418
417 465
417 466
418 419
418 466
418 467
419 420
419 467
419 468
420 421
420 467
420 468
420 469
421 422
421 468
421 469
421 470
422 423
422 469
422 470
422 471
423 424
423 470
423 471
423 472
424 471
424 472
424 473
425 426
425 473
425 474
426 474
426 475
427 428
427 475
427 476
428 429
428 476
429 430
429 476
429 477
430 431
430 477
430 478
431 477
431 478
432 479
432 480
433 434
433 480
433 481
433 482
434 435
434 481
434 482
435 436
435 482
435 483
436 483
436 484
437 438
437 485
437 486
437 487
438 439
438 486
438 487
438 488
439 440
439 487
439 488
439 489
440 441
440 488
440 489
441 442
441 489
441 490
442 443
442 490
442 491
443 444
443 490
443 491
443 492
444 445
444 491
444 492
445 446
445 492
446 493
447 448
447 493
447 494
447 495
448 494
448 495
448 496
449 450
449 496
449 497
449 498
450 451
450 497
450 498
450 499
451 452
451 498
451 499
451 500
452 453
452 499
452 500
452 501
453 500
453 501
453 502
454 502
454 503
455 456
455 503
455 504
455 505
456 457
456 504
456 505
456 506
457 505
457 506
457 507
458 459
458 507
458 508
458 509
459 460
459 508
459 509
459 510
460 461
460 509
460 510
461 462
461 510
461 511
462 463
462 511
462 512
463 464
463 511
463 512
463 513
464 512
464 513
464 514
465 466
465 514
465 515
465 516
466 515
466 516
466 517
467 468
467 517
467 518
467 519
468 469
468 518
468 519
468 520
469 470
469 519
469 520
469 521
470 471
470 520
470 521
470 522
471 472
471 521
471 522
472 473
472 522
472 523
473 523
473 524
474 475
474 524
474 525
474 526
475 525
475 526
475 527
476 527
476 528
477 478
477 529
478 529
479 480
479 530
479 531
480 481
480 530
480 531
480 532
481 482
481 531
481 532
481 533
482 532
482 533
482 534
483 484
483 534
483 535
484 485
484 535
484 536
485 486
485 536
485 537
486 487
486 536
486 537
487 488
487 537
488 489
488 538
489 538
490 491
490 539
491 492
491 539
492 539
492 540
493 494
493 541
493 542
493 543
494 495
494 542
494 543
495 496
495 543
495 544
496 497
496 544
496 545
497 498
497 544
497 545
497 546
498 499
498 545
498 546
498 547
499 500
499 546
499 547
499 548
500 501
500 547
500 548
500 549
501 502
501 548
501 549
501 550
502 549
502 550
502 551
503 504
503 551
503 552
503 553
504 505
504 552
504 553
505 506
505 553
505 554
506 507
506 554
506 555
507 508
507 554
507 555
508 509
508 555
508 556
509 510
509 556
509 557
510 556
510 557
510 558
511 512
511 558
511 559
512 513
512 559
512 560
513 514
513 559
513 560
513 561
514 515
514 560
514 561
514 562
515 516
515 561
515 562
516 517
516 562
517 518
517 563
518 519
518 563
518 564
519 520
519 563
519 564
519 565
520 521
520 564
520 565
520 566
521 522
521 565
521 566
522 566
522 567
523 524
523 567
523 568
523 569
524 525
524 568
524 569
524 570
525 526
525 569
525 570
526 527
526 570
526 571
527 528
527 571
527 572
528 571
528 572
528 573
529 573
529 574
529 575
530 531
530 576
530 577
531 532
531 576
531 577
532 533
532 577
532 578
533 534
533 578
533 579
534 535
534 578
534 579
535 579
536 537
536 580
536 581
537 580
537 581
538 582
538 583
538 584
539 585
539 586
540 541
540 586
540 587
540 588
541 542
541 587
541 588
542 543
542 588
542 589
543 589
543 590
544 545
544 590
544 591
544 592
545 546
545 591
545 592
545 593
546 547
546 592
546 593
547 548
547 593
547 594
548 549
548 594
548 595
549 550
549 594
549 595
549 596
550 551
550 595
550 596
550 597
551 552
551 596
551 597
551 598
552 553
552 597
552 598
552 599
553 598
553 599
553 600
554 555
554 600
554 601
555 601
555 602
556 557
556 602
556 603
556 604
557 558
557 603
557 604
558 604
558 605
559 560
559 605
560 561
560 606
561 562
561 606
562 606
562 607
563 564
563 608
563 609
563 610
564 565
564 609
564 610
564 611
565 566
565 610
565 611
566 611
566 612
567 568
567 612
567 613
568 569
568 613
568 614
569 570
569 613
569 614
570 614
570 615
571 572
571 615
571 616
571 617
572 573
572 616
572 617
573 574
573 617
574 575
576 577
576 618
576 619
577 618
577 619
577 620
578 579
578 620
578 621
578 622
579 621
579 622
579 623
580 581
580 624
580 625
580 626
581 625
581 626
581 627
582 583
582 627
582 628
583 584
583 628
584 628
584 629
585 586
585 629
585 630
586 587
586 630
586 631
587 588
587 630
587 631
587 632
588 631
588 632
588 633
589 590
589 633
589 634
590 591
590 634
590 635
591 592
591 635
591 636
592 593
592 635
592 636
592 637
593 636
593 637
593 638
594 595
594 638
594 639
595 596
595 639
595 640
596 597
596 640
596 641
597 598
597 640
597 641
598 599
598 641
598 642
599 600
599 642
599 643
600 601
600 642
600 643
600 644
601 643
601 644
601 645
602 603
602 645
603 604
603 646
604 646
605 647
605 648
606 649
606 650
607 608
607 650
607 651
608 609
608 651
608 652
609 610
609 652
609 653
610 611
610 652
610 653
611 653
612 654
613 614
613 655
613 656
614 655
614 656
614 657
615 616
615 657
615 658
615 659
616 617
616 658
616 659
617 659
617 660
618 619
618 662
619 620
619 662
620 621
620 663
621 622
621 663
621 664
622 623
622 663
622 664
622 665
623 624
623 664
623 665
623 666
624 625
624 665
624 666
624 667
625 626
625 666
625 667
625 668
626 627
626 667
626 668
627 668
627 669
628 669
628 670
628 671
629 671
629 672
629 673
630 631
630 673
630 674
631 632
631 674
631 675
632 633
632 674
632 675
633 634
633 675
633 676
634 676
634 677
635 636
635 677
635 678
636 637
636 678
636 679
637 638
637 678
637 679
637 680
638 639
638 679
638 680
638 681
639 680
639 681
639 682
640 641
640 682
641 683
642 643
642 683
642 684
643 644
643 684
643 685
644 645
644 685
644 686
645 685
645 686
645 687
646 688
646 689
646 690
647 648
647 690
647 691
647 692
648 649
648 691
648 692
648 693
649 692
649 693
649 694
650 651
650 694
650 695
650 696
651 695
651 696
652 653
652 697
653 697
653 698
654 699
654 700
655 656
655 700
655 701
656 657
656 701
656 702
657 658
657 702
657 703
658 659
658 702
658 703
658 704
659 703
659 704
659 705
660 705
660 706
660 707
661 707
661 708
662 709
662 710
663 664
663 711
663 712
664 665
664 711
664 712
664 713
665 666
665 712
665 713
666 667
666 713
667 668
667 714
668 714
668 715
669 670
669 715
670 671
670 716
671 672
671 716
671 717
672 673
672 716
672 717
672 718
673 717
673 718
673 719
674 675
674 719
674 720
675 720
675 721
676 677
676 721
676 722
676 723
677 722
677 723
677 724
678 679
678 724
678 725
678 726
679 680
679 725
679 726
679 727
680 681
680 726
680 727
680 728
681 682
681 727
681 728
682 728
682 729
683 684
683 730
683 731
683 732
684 731
684 732
684 733
685 686
685 733
685 734
685 735
686 687
686 734
686 735
687 688
687 735
687 736
688 689
688 736
688 737
689 690
689 736
689 737
689 738
690 691
690 737
690 738
690 739
691 692
691 738
691 739
691 740
692 693
692 739
692 740
692 741
693 694
693 740
693 741
693 742
694 695
694 741
694 742
695 696
695 742
695 743
696 743
697 744
697 745
698 699
698 745
698 746
698 747
699 746
699 747
699 748
700 701
700 748
700 749
700 750
701 749
701 750
701 751
702 703
702 751
702 752
702 753
703 704
703 752
703 753
704 705
704 753
705 706
705 754
706 707
706 754
706 755
707 708
707 754
707 755
707 756
708 755
708 756
709 710
709 757
710 757
710 758
711 712
711 758
711 759
712 713
712 759
712 760
713 759
713 760
713 761
714 715
714 762
714 763
714 764
715 763
715 764
716 717
716 765
716 766
717 718
717 766
718 719
718 767
719 720
719 767
720 767
720 768
721 722
721 768
721 769
722 723
722 769
722 770
723 724
723 769
723 770
724 725
724 770
724 771
725 726
725 771
725 772
726 727
726 771
726 772
726 773
727 728
727 772
727 773
727 774
728 773
728 774
729 730
729 775
729 776
730 731
730 775
730 776
730 777
731 732
731 776
731 777
731 778
732 733
732 777
732 778
732 779
733 734
733 778
733 779
733 780
734 735
734 779
734 780
734 781
735 780
735 781
735 782
736 737
736 782
736 783
736 784
737 738
737 783
737 784
737 785
738 739
738 784
738 785
738 786
739 740
739 785
739 786
739 787
740 741
740 786
740 787
740 788
741 742
741 787
741 788
741 789
742 788
742 789
742 790
743 790
743 791
743 792
744 745
744 792
744 793
744 794
745 746
745 793
745 794
745 795
746 747
746 794
746 795
747 748
747 795
748 749
749 750
749 796
750 751
750 796
750 797
751 752
751 796
751 797
751 798
752 753
752 797
752 798
752 799
753 798
753 799
753 800
754 755
754 801
754 802
755 756
755 802
755 803
756 802
756 803
757 804
757 805
758 805
758 806
758 807
759 760
759 807
759 808
759 809
760 761
760 808
760 809
761 762
761 809
761 810
762 763
762 810
762 811
763 764
763 810
763 811
763 812
764 811
764 812
765 766
765 813
765 814
766 813
766 814
766 815
767 816
768 817
768 818
769 770
769 818
770 819
771 772
771 819
771 820
771 821
772 773
772 820
772 821
772 822
773 774
773 821
773 822
773 823
774 822
774 823
774 824
775 776
775 824
775 825
776 777
776 825
776 826
777 778
777 826
777 827
778 779
778 826
778 827
778 828
779 780
779 827
779 828
779 829
780 781
780 828
780 829
780 830
781 782
781 829
781 830
781 831
782 783
782 830
782 831
782 832
783 784
783 831
783 832
783 833
784 785
784 832
784 833
784 834
785 786
785 833
785 834
785 835
786 787
786 834
786 835
786 836
787 788
787 835
787 836
787 837
788 789
788 836
788 837
788 838
789 790
789 837
789 838
789 839
790 791
790 838
790 839
790 840
791 792
791 839
791 840
791 841
792 793
792 840
792 841
792 842
793 794
793 841
793 842
793 843
794 795
794 842
794 843
794 844
795 843
795 844
795 845
796 797
796 847
796 848
796 849
797 798
797 848
797 849
797 850
798 799
798 849
798 850
799 800
799 850
799 851
800 801
800 851
801 851
802 803
802 852
802 853
803 852
803 853
804 805
804 854
805 806
805 854
805 855
806 807
806 854
806 855
806 856
807 808
807 855
807 856
807 857
808 809
808 856
808 857
808 858
809 857
809 858
809 859
810 811
810 859
810 860
810 861
811 812
811 860
811 861
811 862
812 861
812 862
812 863
813 814
813 863
813 864
814 815
814 864
814 865
815 816
815 864
815 865
815 866
816 865
816 866
817 818
817 867
817 868
817 869
818 868
818 869
819 820
819 870
819 871
819 872
820 821
820 871
820 872
820 873
821 822
821 872
821 873
822 823
822 873
823 824
823 874
824 825
824 874
824 875
825 874
825 875
825 876
826 827
826 876
826 877
826 878
827 828
827 877
827 878
827 879
828 829
828 878
828 879
829 830
829 879
830 831
830 880
831 832
831 880
831 881
832 833
832 880
832 881
832 882
833 834
833 881
833 882
833 883
834 835
834 882
834 883
834 884
835 836
835 883
835 884
835 885
836 837
836 884
836 885
836 886
837 838
837 885
837 886
837 887
838 839
838 886
838 887
839 840
839 887
839 888
840 841
840 888
840 889
841 842
841 888
841 889
841 890
842 843
842 889
842 890
843 844
843 890
843 891
844 845
844 891
844 892
845 846
845 891
845 892
845 893
846 847
846 892
846 893
846 894
847 848
847 893
847 894
847 895
848 849
848 894
848 895
849 850
849 895
849 896
850 896
850 897
851 897
851 898
851 899
852 853
852 900
852 901
853 901
854 855
854 902
854 903
854 904
855 856
855 903
855 904
856 857
856 904
856 905
857 858
857 905
857 906
858 859
858 905
858 906
858 907
859 860
859 906
859 907
859 908
860 861
860 907
860 908
860 909
861 862
861 908
861 909
861 910
862 863
862 909
862 910
862 911
863 910
863 911
864 865
864 912
864 913
865 866
865 912
865 913
865 914
866 913
866 914
866 915
867 868
867 915
867 916
868 869
868 916
868 917
869 917
869 918
870 871
870 918
870 919
871 872
871 919
871 920
872 873
872 920
872 921
873 920
873 921
873 922
874 875
874 923
875 876
875 923
876 877
876 923
876 924
877 878
877 924
877 925
878 879
878 924
878 925
878 926
879 925
879 926
879 927
880 881
880 928
880 929
880 930
881 882
881 929
881 930
881 931
882 883
882 930
882 931
882 932
883 884
883 931
883 932
883 933
884 885
884 932
884 933
884 934
885 886
885 933
885 934
886 887
886 934
886 935
887 935
887 936
888 889
888 936
888 937
888 938
889 890
889 937
889 938
889 939
890 938
890 939
890 940
891 892
891 940
892 893
893 894
893 941
894 895
894 941
894 942
895 941
895 942
895 943
896 897
896 943
897 898
897 944
898 899
898 944
898 945
899 900
899 944
899 945
899 946
900 901
900 945
900 946
900 947
901 946
901 947
901 948
902 903
902 949
902 950
903 904
903 949
903 950
903 951
904 950
904 951
904 952
905 906
905 952
905 953
905 954
906 907
906 953
906 954
907 908
907 954
907 955
908 909
908 955
908 956
909 910
909 955
909 956
909 957
910 911
910 956
910 957
910 958
911 957
911 958
911 959
912 913
912 959
912 960
912 961
913 914
913 960
913 961
914 915
914 961
914 962
915 916
915 962
915 963
916 962
916 963
916 964
917 918
917 964
917 965
917 966
918 919
918 965
918 966
918 967
919 966
919 967
919 968
920 921
920 968
920 969
921 922
921 969
921 970
922 970
922 971
923 972
923 973
924 925
924 973
924 974
924 975
925 926
925 974
925 975
926 927
926 975
926 976
927 928
927 976
927 977
928 929
928 976
928 977
928 978
929 930
929 977
929 978
929 979
930 931
930 978
930 979
930 980
931 932
931 979
931 980
931 981
932 933
932 980
932 981
932 982
933 934
933 981
933 982
934 982
934 983
935 936
935 983
935 984
936 937
936 984
936 985
937 938
937 984
937 985
937 986
938 939
938 985
938 986
938 987
939 940
939 986
939 987
939 988
940 987
940 988
941 942
941 990
941 991
942 943
942 990
942 991
942 992
943 991
943 992
943 993
944 945
944 994
944 995
944 996
945 946
945 995
945 996
945 997
946 947
946 996
946 997
946 998
947 948
947 997
947 998
948 998
949 950
949 999
949 1000
950 951
950 999
950 1000
951 952
951 1000
951 1001
952 953
952 1001
953 954
953 1001
954 1002
955 956
955 1002
955 1003
955 1004
956 957
956 1003
956 1004
956 1005
957 958
957 1004
957 1005
958 959
958 1005
958 1006
959 960
959 1006
959 1007
960 961
960 1006
960 1007
960 1008
961 1007
961 1008
961 1009
962 963
962 1009
962 1010
962 1011
963 964
963 1010
963 1011
963 1012
964 965
964 1011
964 1012
964 1013
965 966
965 1012
965 1013
965 1014
966 967
966 1013
966 1014
966 1015
967 968
967 1014
967 1015
967 1016
968 969
968 1015
968 1016
969 1016
969 1017
970 971
970 1017
970 1018
970 1019
971 1018
971 1019
971 1020
972 973
972 1020
972 1021
972 1022
973 974
973 1021
973 1022
974 975
974 1022
974 1023
975 1023
975 1024
976 977
976 1024
976 1025
976 1026
977 978
977 1025
977 1026
977 1027
978 979
978 1026
978 1027
979 980
979 1027
979 1028
980 981
980 1028
980 1029
981 982
981 1028
981 1029
981 1030
982 1029
982 1030
982 1031
983 1031
983 1032
983 1033
984 985
984 1033
984 1034
985 986
985 1034
986 987
986 1035
987 988
987 1035
988 1035
988 1036
989 1036
989 1037
990 991
990 1037
990 1038
990 1039
991 992
991 1038
991 1039
991 1040
992 993
992 1039
992 1040
992 1041
993 994
993 1040
993 1041
993 1042
994 995
994 1041
994 1042
994 1043
995 996
995 1042
995 1043
995 1044
996 997
996 1043
996 1044
996 1045
997 998
997 1044
997 1045
997 1046
998 1045
998 1046
998 1047
999 1000
999 1048
999 1049
1000 1048
1000 1049
1000 1050
1001 1050
1001 1051
1002 1003
1002 1052
1002 1053
1002 1054
1003 1004
1003 1053
1003 1054
1003 1055
1004 1005
1004 1054
1004 1055
1004 1056
1005 1055
1005 1056
1005 1057
1006 1007
1006 1057
1006 1058
1006 1059
1007 1008
1007 1058
1007 1059
1007 1060
1008 1009
1008 1059
1008 1060
1008 1061
1009 1010
1009 1060
1009 1061
1009 1062
1010 1011
1010 1061
1010 1062
1010 1063
1011 1012
1011 1062
1011 1063
1011 1064
1012 1013
1012 1063
1012 1064
1013 1014
1013 1064
1014 1015
1014 1065
1015 1016
1015 1065
1015 1066
1016 1065
1016 1066
1017 1018
1017 1067
1018 1019
1018 1067
1019 1020
1019 1068
1020 1021
1020 1068
1021 1022
1021 1068
1021 1069
1022 1069
1022 1070
1023 1024
1023 1070
1023 1071
1024 1025
1024 1071
1024 1072
1025 1026
1025 1072
1025 1073
1026 1027
1026 1072
1026 1073
1026 1074
1027 1073
1027 1074
1027 1075
1028 1029
1028 1075
1028 1076
1028 1077
1029 1030
1029 1076
1029 1077
1029 1078
1030 1031
1030 1077
1030 1078
1031 1032
1031 1078
1031 1079
1032 1033
1032 1079
1032 1080
1033 1034
1033 1079
1033 1080
1033 1081
1034 1080
1034 1081
1034 1082
1035 1083
1037 1038
1037 1084
1037 1085
1038 1039
1038 1084
1038 1085
1038 1086
1039 1040
1039 1085
1039 1086
1039 1087
1040 1041
1040 1086
1040 1087
1040 1088
1041 1042
1041 1087
1041 1088
1041 1089
1042 1043
1042 1088
1042 1089
1043 1044
1043 1089
1043 1090
1044 1045
1044 1090
1044 1091
1045 1046
1045 1090
1045 1091
1046 1047
1046 1091
1048 1049
1048 1092
1049 1050
1049 1092
1049 1093
1050 1092
1050 1093
1051 1052
1051 1094
1052 1053
1052 1094
1052 1095
1053 1054
1053 1094
1053 1095
1053 1096
1054 1055
1054 1095
1054 1096
1055 1056
1055 1096
1055 1097
1056 1057
1056 1097
1057 1058
1057 1097
1057 1098
1058 1059
1058 1098
1058 1099
1059 1060
1059 1098
1059 1099
1059 1100
1060 1061
1060 1099
1060 1100
1060 1101
1061 1062
1061 1100
1061 1101
1061 1102
1062 1063
1062 1101
1062 1102
1062 1103
1063 1064
1063 1102
1063 1103
1064 1103
1064 1104
1065 1066
1065 1105
1065 1106
1065 1107
1066 1106
1066 1107
1066 1108
1067 1108
1067 1109
1068 1110
1068 1111
1069 1070
1069 1111
1069 1112
1069 1113
1070 1071
1070 1112
1070 1113
1070 1114
1071 1113
1071 1114
1071 1115
1072 1073
1072 1115
1072 1116
1072 1117
1073 1074
1073 1116
1073 1117
1073 1118
1074 1075
1074 1117
1074 1118
1074 1119
1075 1076
1075 1118
1075 1119
1076 1077
1076 1119
1077 1078
1078 1120
1079 1080
1079 1120
1079 1121
1079 1122
1080 1081
1080 1121
1080 1122
1080 1123
1081 1082
1081 1122
1081 1123
1081 1124
1082 1123
1082 1124
1082 1125
1083 1125
1083 1126
1083 1127
1084 1085
1084 1129
1084 1130
1084 1131
1085 1086
1085 1130
1085 1131
1085 1132
1086 1087
1086 1131
1086 1132
1086 1133
1087 1088
1087 1132
1087 1133
1087 1134
1088 1089
1088 1133
1088 1134
1088 1135
1089 1134
1089 1135
1089 1136
1090 1091
1090 1136
1090 1137
1091 1137
1091 1138
1092 1093
1092 1139
1092 1140
1092 1141
1093 1140
1093 1141
1093 1142
1094 1095
1094 1143
1094 1144
1094 1145
1095 1096
1095 1144
1095 1145
1095 1146
1096 1145
1096 1146
1096 1147
1097 1147
1097 1148
1098 1099
1098 1149
1098 1150
1099 1100
1099 1149
1099 1150
1099 1151
1100 1101
1100 1150
1100 1151
1100 1152
1101 1102
1101 1151
1101 1152
1101 1153
1102 1103
1102 1152
1102 1153
1103 1153
1104 1105
1104 1154
1104 1155
1105 1106
1105 1154
1105 1155
1105 1156
1106 1107
1106 1155
1106 1156
1106 1157
1107 1108
1107 1156
1107 1157
1107 1158
1108 1157
1108 1158
1108 1159
1109 1110
1109 1159
1109 1160
1110 1160
1110 1161
1111 1112
1111 1161
1111 1162
1111 1163
1112 1113
1112 1162
1112 1163
1112 1164
1113 1114
1113 1163
1113 1164
1113 1165
1114 1115
1114 1164
1114 1165
1115 1116
1115 1165
1115 1166
1116 1117
1116 1166
1116 1167
1117 1118
1117 1166
1117 1167
1117 1168
1118 1119
1118 1167
1118 1168
1118 1169
1119 1168
1119 1169
1119 1170
1120 1121
1120 1172
1120 1173
1120 1174
1121 1122
1121 1173
1121 1174
1121 1175
1122 1123
1122 1174
1122 1175
1123 1124
1123 1175
1123 1176
1124 1125
1124 1176
1124 1177
1125 1126
1125 1176
1125 1177
1125 1178
1126 1127
1126 1177
1126 1178
1127 1128
1127 1178
1128 1129
1128 1179
1129 1130
1129 1179
1129 1180
1130 1131
1130 1179
1130 1180
1130 1181
1131 1132
1131 1180
1131 1181
1131 1182
1132 1133
1132 1181
1132 1182
1132 1183
1133 1134
1133 1182
1133 1183
1133 1184
1134 1135
1134 1183
1134 1184
1134 1185
1135 1136
1135 1184
1135 1185
1135 1186
1136 1185
1136 1186
1136 1187
1137 1138
1137 1187
1138 1188
1139 1140
1139 1189
1139 1190
1140 1141
1140 1189
1140 1190
1141 1142
1141 1190
1141 1191
1142 1143
1142 1191
1143 1144
1143 1191
1143 1192
1144 1145
1144 1192
1144 1193
1145 1146
1145 1192
1145 1193
1145 1194
1146 1147
1146 1193
1146 1194
1146 1195
1147 1148
1147 1194
1147 1195
1148 1195
1148 1196
1149 1150
1149 1196
1149 1197
1149 1198
1150 1151
1150 1197
1150 1198
1151 1152
1151 1198
1151 1199
1152 1153
1152 1199
1153 1199
1154 1155
1154 1200
1154 1201
1155 1156
1155 1201
1155 1202
1156 1157
1156 1201
1156 1202
1156 1203
1157 1158
1157 1202
1157 1203
1157 1204
1158 1159
1158 1203
1158 1204
1158 1205
1159 1204
1159 1205
1159 1206
1160 1161
1160 1206
1160 1207
1161 1162
1161 1207
1161 1208
1162 1163
1162 1208
1162 1209
1163 1164
1163 1208
1163 1209
1163 1210
1164 1165
1164 1209
1164 1210
1164 1211
1165 1210
1165 1211
1165 1212
1166 1167
1166 1212
1166 1213
1166 1214
1167 1168
1167 1213
1167 1214
1167 1215
1168 1169
1168 1214
1168 1215
1168 1216
1169 1170
1169 1215
1169 1216
1169 1217
1170 1171
1170 1216
1170 1217
1170 1218
1171 1172
1171 1217
1171 1218
1171 1219
1172 1173
1172 1218
1172 1219
1172 1220
1173 1174
1173 1219
1173 1220
1173 1221
1174 1175
1174 1220
1174 1221
1174 1222
1175 1221
1175 1222
1176 1177
1176 1223
1176 1224
1177 1178
1177 1223
1177 1224
1177 1225
1178 1224
1178 1225
1179 1180
1179 1226
1179 1227
1179 1228
1180 1181
1180 1227
1180 1228
1180 1229
1181 1182
1181 1228
1181 1229
1181 1230
1182 1183
1182 1229
1182 1230
1182 1231
1183 1184
1183 1230
1183 1231
1184 1185
1184 1231
1184 1232
1185 1186
1185 1232
1185 1233
1186 1187
1186 1232
1186 1233
1187 1233
1187 1234
1188 1235
1189 1190
1189 1236
1190 1236
1191 1237
1191 1238
1192 1193
1192 1238
1192 1239
1192 1240
1193 1194
1193 1239
1193 1240
1193 1241
1194 1195
1194 1240
1194 1241
1195 1241
1195 1242
1196 1197
1196 1242
1196 1243
1196 1244
1197 1198
1197 1243
1197 1244
1197 1245
1198 1244
1198 1245
1198 1246
1199 1246
1199 1247
1200 1248
1200 1249
1201 1202
1201 1249
1201 1250
1201 1251
1202 1203
1202 1250
1202 1251
1202 1252
1203 1204
1203 1251
1203 1252
1203 1253
1204 1205
1204 1252
1204 1253
1204 1254
1205 1206
1205 1253
1205 1254
1206 1207
1206 1254
1206 1255
1207 1255
1207 1256
1208 1209
1208 1256
1208 1257
1208 1258
1209 1210
1209 1257
1209 1258
1210 1211
1210 1258
1210 1259
1211 1212
1211 1259
1211 1260
1212 1213
1212 1259
1212 1260
1212 1261
1213 1214
1213 1260
1213 1261
1213 1262
1214 1215
1214 1261
1214 1262
1214 1263
1215 1216
1215 1262
1215 1263
1215 1264
1216 1217
1216 1263
1216 1264
1216 1265
1217 1218
1217 1264
1217 1265
1217 1266
1218 1219
1218 1265
1218 1266
1218 1267
1219 1220
1219 1266
1219 1267
1219 1268
1220 1221
1220 1267
1220 1268
1220 1269
1221 1222
1221 1268
1221 1269
1221 1270
1222 1269
1222 1270
1222 1271
1223 1224
1223 1271
1223 1272
1224 1225
1224 1272
1224 1273
1225 1272
1225 1273
1225 1274
1226 1227
1226 1274
1226 1275
1227 1228
1227 1275
1227 1276
1228 1229
1228 1276
1228 1277
1229 1230
1229 1276
1229 1277
1229 1278
1230 1231
1230 1277
1230 1278
1231 1278
1231 1279
1232 1233
1232 1279
1232 1280
1233 1280
1233 1281
1234 1235
1234 1281
1234 1282
1235 1282
1236 1283
1236 1284
1237 1238
1237 1284
1237 1285
1237 1286
1238 1239
1238 1285
1238 1286
1238 1287
1239 1240
1239 1286
1239 1287
1239 1288
1240 1241
1240 1287
1240 1288
1240 1289
1241 1288
1241 1289
1242 1243
1242 1290
1243 1244
1243 1290
1243 1291
1244 1245
1244 1290
1244 1291
1244 1292
1245 1246
1245 1291
1245 1292
1245 1293
1246 1247
1246 1292
1246 1293
1247 1293
1247 1294
1248 1249
1248 1295
1248 1296
1249 1250
1249 1296
1249 1297
1250 1251
1250 1296
1250 1297
1250 1298
1251 1252
1251 1297
1251 1298
1251 1299
1252 1253
1252 1298
1252 1299
1252 1300
1253 1254
1253 1299
1253 1300
1254 1300
1254 1301
1255 1256
1255 1301
1255 1302
1255 1303
1256 1257
1256 1302
1256 1303
1256 1304
1257 1258
1257 1303
1257 1304
1258 1304
1258 1305
1259 1260
1259 1305
1259 1306
1259 1307
1260 1261
1260 1306
1260 1307
1260 1308
1261 1262
1261 1307
1261 1308
1261 1309
1262 1263
1262 1308
1262 1309
1262 1310
1263 1264
1263 1309
1263 1310
1263 1311
1264 1265
1264 1310
1264 1311
1264 1312
1265 1266
1265 1311
1265 1312
1266 1267
1266 1312
1266 1313
1267 1268
1267 1313
1268 1269
1268 1313
1269 1270
1269 1314
1270 1271
1270 1314
1271 1314
1272 1273
1272 1315
1272 1316
1273 1274
1273 1315
1273 1316
1273 1317
1274 1275
1274 1316
1274 1317
1274 1318
1275 1317
1275 1318
1275 1319
1276 1277
1276 1319
1276 1320
1276 1321
1277 1278
1277 1320
1277 1321
1277 1322
1278 1321
1278 1322
1278 1323
1279 1280
1279 1323
1279 1324
1279 1325
1280 1324
1280 1325
1280 1326
1281 1326
1281 1327
1281 1328
1282 1328
1282 1329
1282 1330
1283 1331
1283 1332
1284 1285
1284 1332
1284 1333
1284 1334
1285 1286
1285 1333
1285 1334
1285 1335
1286 1287
1286 1334
1286 1335
1286 1336
1287 1288
1287 1335
1287 1336
1287 1337
1288 1289
1288 1336
1288 1337
1288 1338
1289 1337
1289 1338
1289 1339
1290 1291
1290 1340
1290 1341
1291 1292
1291 1341
1291 1342
1292 1293
1292 1342
1293 1342
1293 1343
1294 1295
1294 1343
1294 1344
1295 1344
1295 1345
1296 1297
1296 1345
1296 1346
1297 1298
1297 1346
1297 1347
1298 1299
1298 1346
1298 1347
1298 1348
1299 1300
1299 1347
1299 1348
1299 1349
1300 1348
1300 1349
1300 1350
1301 1302
1301 1350
1302 1303
1302 1351
1303 1304
1303 1351
1303 1352
1304 1351
1304 1352
1304 1353
1305 1306
1305 1353
1305 1354
1306 1307
1306 1354
1306 1355
1307 1308
1307 1354
1307 1355
1307 1356
1308 1309
1308 1355
1308 1356
1308 1357
1309 1310
1309 1356
1309 1357
1309 1358
1310 1311
1310 1357
1310 1358
1310 1359
1311 1312
1311 1358
1311 1359
1311 1360
1312 1359
1312 1360
1312 1361
1313 1361
1313 1362
1314 1363
1314 1364
1315 1316
1315 1365
1315 1366
1316 1317
1316 1366
1316 1367
1317 1318
1317 1366
1317 1367
1318 1319
1318 1367
1318 1368
1319 1320
1319 1368
1319 1369
1320 1321
1320 1368
1320 1369
1320 1370
1321 1322
1321 1369
1321 1370
1322 1323
1322 1370
1322 1371
1323 1324
1323 1371
1323 1372
1324 1325
1324 1371
1324 1372
1324 1373
1325 1326
1325 1372
1325 1373
1325 1374
1326 1327
1326 1373
1326 1374
1326 1375
1327 1328
1327 1374
1327 1375
1327 1376
1328 1329
1328 1375
1328 1376
1329 1330
1329 1376
1329 1377
1330 1377
1331 1332
1331 1378
1331 1379
1332 1333
1332 1378
1332 1379
1332 1380
1333 1334
1333 1379
1333 1380
1333 1381
1334 1335
1334 1380
1334 1381
1335 1336
1335 1381
1335 1382
1336 1337
1336 1382
1337 1338
1337 1382
1338 1339
1338 1383
1339 1340
1339 1383
1340 1341
1340 1383
1340 1384
1341 1384
1341 1385
1342 1385
1342 1386
1343 1387
1343 1388
1344 1345
1344 1388
1344 1389
1344 1390
1345 1389
1345 1390
1345 1391
1346 1347
1346 1391
1346 1392
1346 1393
1347 1348
1347 1392
1347 1393
1347 1394
1348 1349
1348 1393
1348 1394
1349 1350
1349 1394
1349 1395
1350 1395
1351 1352
1351 1396
1351 1397
1351 1398
1352 1353
1352 1397
1352 1398
1352 1399
1353 1398
1353 1399
1354 1355
1354 1400
1354 1401
1355 1356
1355 1400
1355 1401
1355 1402
1356 1357
1356 1401
1356 1402
1356 1403
1357 1358
1357 1402
1357 1403
1357 1404
1358 1359
1358 1403
1358 1404
1358 1405
1359 1360
1359 1404
1359 1405
1359 1406
1360 1361
1360 1405
1360 1406
1360 1407
1361 1406
1361 1407
1362 1363
1362 1408
1362 1409
1363 1408
1363 1409
1363 1410
1364 1365
1364 1410
1364 1411
1364 1412
1365 1411
1365 1412
1365 1413
1366 1367
1366 1413
1366 1414
1366 1415
1367 1414
1367 1415
1368 1369
1368 1416
1369 1370
1369 1416
1369 1417
1370 1416
1370 1417
1371 1372
1371 1418
1371 1419
1372 1373
1372 1418
1372 1419
1373 1374
1373 1419
1373 1420
1374 1375
1374 1420
1374 1421
1375 1376
1375 1420
1375 1421
1375 1422
1376 1421
1376 1422
1376 1423
1377 1423
1377 1424
1378 1379
1378 1425
1378 1426
1379 1380
1379 1425
1379 1426
1379 1427
1380 1381
1380 1426
1380 1427
1380 1428
1381 1427
1381 1428
1381 1429
1382 1429
1382 1430
1382 1431
1383 1432
1383 1433
1384 1385
1384 1433
1384 1434
1384 1435
1385 1386
1385 1434
1385 1435
1385 1436
1386 1435
1386 1436
1386 1437
1387 1388
1387 1437
1387 1438
1387 1439
1388 1389
1388 1438
1388 1439
1388 1440
1389 1390
1389 1439
1389 1440
1389 1441
1390 1391
1390 1440
1390 1441
1390 1442
1391 1392
1391 1441
1391 1442
1391 1443
1392 1393
1392 1442
1392 1443
1392 1444
1393 1394
1393 1443
1393 1444
1393 1445
1394 1444
1394 1445
1394 1446
1395 1446
1395 1447
1395 1448
1396 1397
1396 1448
1396 1449
1397 1398
1397 1449
1397 1450
1398 1399
1398 1449
1398 1450
1398 1451
1399 1450
1399 1451
1399 1452
1400 1401
1400 1452
1400 1453
1401 1402
1401 1453
1401 1454
1402 1403
1402 1454
1403 1404
1403 1454
1403 1455
1404 1405
1404 1455
1405 1406
1405 1455
1406 1407
1406 1456
1407 1456
1407 1457
1408 1409
1408 1457
1408 1458
1408 1459
1409 1410
1409 1458
1409 1459
1409 1460
1410 1411
1410 1459
1410 1460
1410 1461
1411 1412
1411 1460
1411 1461
1411 1462
1412 1413
1412 1461
1412 1462
1412 1463
1413 1414
1413 1462
1413 1463
1413 1464
1414 1415
1414 1463
1414 1464
1414 1465
1415 1464
1415 1465
1415 1466
1416 1417
1416 1467
1416 1468
1416 1469
1417 1468
1417 1469
1417 1470
1418 1419
1418 1470
1418 1471
1418 1472
1419 1471
1419 1472
1419 1473
1420 1421
1420 1473
1420 1474
1420 1475
1421 1422
1421 1474
1421 1475
1421 1476
1422 1423
1422 1475
1422 1476
1423 1424
1423 1476
1423 1477
1424 1477
1425 1426
1425 1478
1425 1479
1426 1427
1426 1478
1426 1479
1426 1480
1427 1428
1427 1479
1427 1480
1427 1481
1428 1429
1428 1480
1428 1481
1428 1482
1429 1430
1429 1481
1429 1482
1429 1483
1430 1431
1430 1482
1430 1483
1430 1484
1431 1432
1431 1483
1431 1484
1432 1484
1432 1485
1433 1434
1433 1485
1433 1486
1433 1487
1434 1435
1434 1486
1434 1487
1434 1488
1435 1436
1435 1487
1435 1488
1435 1489
1436 1437
1436 1488
1436 1489
1436 1490
1437 1438
1437 1489
1437 1490
1437 1491
1438 1439
1438 1490
1438 1491
1438 1492
1439 1440
1439 1491
1439 1492
1440 1441
1440 1492
1440 1493
1441 1442
1441 1493
1442 1443
1442 1493
1442 1494
1443 1444
1443 1494
1443 1495
1444 1445
1444 1494
1444 1495
1445 1446
1445 1495
1445 1496
1446 1447
1446 1496
1446 1497
1447 1448
1447 1496
1447 1497
1447 1498
1448 1497
1448 1498
1448 1499
1449 1450
1449 1499
1449 1500
1449 1501
1450 1451
1450 1500
1450 1501
1450 1502
1451 1452
1451 1501
1451 1502
1451 1503
1452 1453
1452 1502
1452 1503
1452 1504
1453 1503
1453 1504
1453 1505
1454 1505
1454 1506
1454 1507
1455 1507
1455 1508
1456 1457
1456 1509
1456 1510
1457 1458
1457 1509
1457 1510
1458 1459
1458 1510
1458 1511
1459 1460
1459 1511
1460 1461
1460 1511
1460 1512
1461 1462
1461 1512
1462 1463
1462 1512
1463 1464
1463 1513
1464 1465
1464 1513
1464 1514
1465 1466
1465 1513
1465 1514
1465 1515
1466 1467
1466 1514
1466 1515
1466 1516
1467 1468
1467 1515
1467 1516
1468 1469
1468 1516
1468 1517
1469 1470
1469 1517
1469 1518
1470 1471
1470 1517
1470 1518
1470 1519
1471 1472
1471 1518
1471 1519
1471 1520
1472 1473
1472 1519
1472 1520
1473 1474
1473 1520
1473 1521
1474 1475
1474 1521
1474 1522
1475 1476
1475 1521
1475 1522
1475 1523
1476 1522
1476 1523
1476 1524
1477 1524
1477 1525
1478 1479
1478 1526
1478 1527
1479 1480
1479 1526
1479 1527
1479 1528
1480 1481
1480 1527
1480 1528
1480 1529
1481 1482
1481 1528
1481 1529
1481 1530
1482 1483
1482 1529
1482 1530
1483 1484
1483 1530
1484 1531
1485 1486
1485 1531
1485 1532
1485 1533
1486 1487
1486 1532
1486 1533
1486 1534
1487 1488
1487 1533
1487 1534
1487 1535
1488 1489
1488 1534
1488 1535
1488 1536
1489 1490
1489 1535
1489 1536
1489 1537
1490 1491
1490 1536
1490 1537
1490 1538
1491 1492
1491 1537
1491 1538
1491 1539
1492 1538
1492 1539
1492 1540
1493 1540
1493 1541
1493 1542
1494 1495
1494 1542
1494 1543
1494 1544
1495 1543
1495 1544
1495 1545
1496 1497
1496 1545
1496 1546
1496 1547
1497 1498
1497 1546
1497 1547
1498 1499
1498 1547
1498 1548
1499 1500
1499 1548
1499 1549
1500 1501
1500 1548
1500 1549
1500 1550
1501 1502
1501 1549
1501 1550
1501 1551
1502 1503
1502 1550
1502 1551
1503 1504
1503 1551
1503 1552
1504 1505
1504 1552
1504 1553
1505 1506
1505 1552
1505 1553
1505 1554
1506 1507
1506 1553
1506 1554
1506 1555
1507 1554
1507 1555
1507 1556
1508 1556
1508 1557
1509 1510
1509 1558
1509 1559
1510 1558
1510 1559
1511 1560
1511 1561
1512 1561
1512 1562
1512 1563
1513 1514
1513 1564
1513 1565
1513 1566
1514 1515
1514 1565
1514 1566
1514 1567
1515 1516
1515 1566
1515 1567
1515 1568
1516 1567
1516 1568
1516 1569
1517 1518
1517 1569
1517 1570
1518 1519
1518 1570
1518 1571
1519 1520
1519 1571
1519 1572
1520 1571
1520 1572
1520 1573
1521 1522
1521 1573
1521 1574
1521 1575
1522 1523
1522 1574
1522 1575
1523 1524
1523 1575
1523 1576
1524 1525
1524 1576
1524 1577
1525 1576
1525 1577
1526 1527
1526 1578
1526 1579
1527 1528
1527 1578
1527 1579
1527 1580
1528 1529
1528 1579
1528 1580
1529 1530
1529 1580
1529 1581
1530 1581
1530 1582
1531 1532
1531 1583
1531 1584
1531 1585
1532 1533
1532 1584
1532 1585
1532 1586
1533 1534
1533 1585
1533 1586
1533 1587
1534 1535
1534 1586
1534 1587
1534 1588
1535 1536
1535 1587
1535 1588
1535 1589
1536 1537
1536 1588
1536 1589
1536 1590
1537 1538
1537 1589
1537 1590
1537 1591
1538 1539
1538 1590
1538 1591
1539 1540
1539 1591
1539 1592
1540 1541
1540 1592
1540 1593
1541 1542
1541 1592
1541 1593
1541 1594
1542 1543
1542 1593
1542 1594
1542 1595
1543 1544
1543 1594
1543 1595
1543 1596
1544 1545
1544 1595
1544 1596
1544 1597
1545 1546
1545 1596
1545 1597
1545 1598
1546 1547
1546 1597
1546 1598
1546 1599
1547 1598
1547 1599
1547 1600
1548 1549
1548 1600
1548 1601
1548 1602
1549 1550
1549 1601
1549 1602
1549 1603
1550 1551
1550 1602
1550 1603
1550 1604
1551 1603
1551 1604
1551 1605
1552 1553
1552 1605
1552 1606
1552 1607
1553 1554
1553 1606
1553 1607
1553 1608
1554 1555
1554 1607
1554 1608
1554 1609
1555 1556
1555 1608
1555 1609
1555 1610
1556 1557
1556 1609
1556 1610
1556 1611
1557 1610
1557 1611
1557 1612
1558 1559
1558 1612
1558 1613
1559 1613
1559 1614
1560 1561
1560 1614
1560 1615
1560 1616
1561 1562
1561 1615
1561 1616
1562 1563
1562 1616
1562 1617
1563 1564
1563 1617
1564 1565
1564 1617
1564 1618
1565 1566
1565 1618
1565 1619
1566 1567
1566 1618
1566 1619
1567 1568
1567 1619
1567 1620
1568 1569
1568 1620
1568 1621
1569 1570
1569 1620
1569 1621
1569 1622
1570 1621
1570 1622
1570 1623
1571 1572
1571 1623
1571 1624
1571 1625
1572 1573
1572 1624
1572 1625
1572 1626
1573 1574
1573 1625
1573 1626
1573 1627
1574 1575
1574 1626
1574 1627
1575 1627
1576 1577
1576 1628
1576 1629
1577 1628
1577 1629
1578 1579
1578 1630
1578 1631
1579 1580
1579 1630
1579 1631
1579 1632
1580 1631
1580 1632
1580 1633
1581 1582
1581 1633
1581 1634
1581 1635
1582 1583
1582 1634
1582 1635
1583 1584
1583 1635
1583 1636
1584 1585
1584 1636
1584 1637
1585 1586
1585 1636
1585 1637
1585 1638
1586 1587
1586 1637
1586 1638
1587 1588
1587 1638
1587 1639
1588 1589
1588 1639
1588 1640
1589 1590
1589 1639
1589 1640
1589 1641
1590 1591
1590 1640
1590 1641
1591 1641
1591 1642
1592 1593
1592 1642
1592 1643
1592 1644
1593 1594
1593 1643
1593 1644
1593 1645
1594 1595
1594 1644
1594 1645
1595 1596
1595 1645
1596 1597
1596 1646
1597 1598
1597 1646
1597 1647
1598 1599
1598 1646
1598 1647
1598 1648
1599 1600
1599 1647
1599 1648
1599 1649
1600 1601
1600 1648
1600 1649
1601 1602
1601 1649
1601 1650
1602 1603
1602 1650
1603 1604
1603 1650
1603 1651
1604 1605
1604 1651
1604 1652
1605 1606
1605 1651
1605 1652
1605 1653
1606 1607
1606 1652
1606 1653
1607 1608
1607 1653
1607 1654
1608 1609
1608 1654
1609 1610
1609 1654
1609 1655
1610 1611
1610 1655
1611 1612
1611 1655
1611 1656
1612 1656
1612 1657
1613 1614
1613 1657
1613 1658
1614 1615
1614 1658
1614 1659
1615 1616
1615 1658
1615 1659
1615 1660
1616 1659
1616 1660
1616 1661
1617 1661
1617 1662
1617 1663
1618 1619
1618 1663
1618 1664
1619 1664
1619 1665
1620 1621
1620 1665
1620 1666
1620 1667
1621 1622
1621 1666
1621 1667
1621 1668
1622 1623
1622 1667
1622 1668
1623 1624
1623 1668
1623 1669
1624 1625
1624 1669
1624 1670
1625 1626
1625 1669
1625 1670
1625 1671
1626 1627
1626 1670
1626 1671
1626 1672
1627 1671
1627 1672
1628 1629
1628 1673
1628 1674
1628 1675
1629 1674
1629 1675
1630 1631
1630 1676
1630 1677
1631 1632
1631 1676
1631 1677
1631 1678
1632 1633
1632 1677
1632 1678
1632 1679
1633 1634
1633 1678
1633 1679
1633 1680
1634 1635
1634 1679
1634 1680
1634 1681
1635 1680
1635 1681
1636 1637
1636 1682
1636 1683
1637 1638
1637 1682
1637 1683
1638 1683
1638 1684
1639 1640
1639 1684
1639 1685
1639 1686
1640 1641
1640 1685
1640 1686
1641 1686
1641 1687
1642 1643
1642 1687
1642 1688
1642 1689
1643 1644
1643 1688
1643 1689
1643 1690
1644 1645
1644 1689
1644 1690
1644 1691
1645 1690
1645 1691
1645 1692
1646 1647
1646 1693
1646 1694
1646 1695
1647 1648
1647 1694
1647 1695
1648 1649
1648 1695
1648 1696
1649 1696
1649 1697
1650 1697
1650 1698
1651 1652
1651 1699
1651 1700
1652 1653
1652 1699
1652 1700
1652 1701
1653 1700
1653 1701
1653 1702
1654 1702
1654 1703
1655 1703
1655 1704
1656 1657
1656 1705
1657 1705
1657 1706
1658 1659
1658 1706
1658 1707
1659 1660
1659 1707
1660 1661
1660 1708
1661 1662
1661 1708
1661 1709
1662 1663
1662 1708
1662 1709
1662 1710
1663 1709
1663 1710
1664 1665
1664 1711
1664 1712
1665 1666
1665 1711
1665 1712
1665 1713
1666 1667
1666 1712
1666 1713
1666 1714
1667 1668
1667 1713
1667 1714
1668 1714
1668 1715
1669 1670
1669 1715
1669 1716
1669 1717
1670 1671
1670 1716
1670 1717
1670 1718
1671 1672
1671 1717
1671 1718
1671 1719
1672 1718
1672 1719
1673 1674
1673 1720
1673 1721
1674 1675
1674 1720
1674 1721
1674 1722
1675 1721
1675 1722
1676 1677
1676 1723
1676 1724
1677 1678
1677 1723
1677 1724
1677 1725
1678 1679
1678 1724
1678 1725
1678 1726
1679 1680
1679 1725
1679 1726
1679 1727
1680 1681
1680 1726
1680 1727
1680 1728
1681 1727
1681 1728
1682 1683
1682 1729
1683 1729
1684 1685
1684 1730
1684 1731
1685 1686
1685 1730
1685 1731
1685 1732
1686 1731
1686 1732
1687 1688
1687 1733
1688 1689
1688 1733
1688 1734
1689 1690
1689 1734
1689 1735
1690 1691
1690 1734
1690 1735
1690 1736
1691 1692
1691 1735
1691 1736
1691 1737
1692 1693
1692 1736
1692 1737
1692 1738
1693 1694
1693 1737
1693 1738
1694 1695
1694 1738
1694 1739
1695 1739
1695 1740
1696 1697
1696 1740
1696 1741
1696 1742
1697 1698
1697 1741
1697 1742
1697 1743
1698 1742
1698 1743
1699 1700
1699 1744
1699 1745
1700 1701
1700 1744
1700 1745
1700 1746
1701 1702
1701 1745
1701 1746
1701 1747
1702 1746
1702 1747
1702 1748
1703 1704
1703 1748
1704 1749
1705 1749
1705 1750
1706 1707
1706 1751
1706 1752
1707 1751
1707 1752
1707 1753
1708 1709
1708 1754
1708 1755
1709 1710
1709 1755
1709 1756
1710 1756
1710 1757
1711 1712
1711 1757
1711 1758
1711 1759
1712 1713
1712 1758
1712 1759
1712 1760
1713 1714
1713 1759
1713 1760
1713 1761
1714 1760
1714 1761
1714 1762
1715 1716
1715 1762
1715 1763
1715 1764
1716 1717
1716 1763
1716 1764
1716 1765
1717 1718
1717 1764
1717 1765
1717 1766
1718 1719
1718 1765
1718 1766
1718 1767
1719 1766
1719 1767
1719 1768
1720 1721
1720 1768
1720 1769
1720 1770
1721 1722
1721 1769
1721 1770
1722 1770
1723 1724
1723 1771
1723 1772
1724 1725
1724 1771
1724 1772
1724 1773
1725 1726
1725 1772
1725 1773
1726 1727
1726 1773
1726 1774
1727 1728
1727 1774
1727 1775
1728 1774
1728 1775
1729 1776
1729 1777
1730 1731
1730 1778
1730 1779
1730 1780
1731 1732
1731 1779
1731 1780
1732 1780
1733 1781
1733 1782
1734 1735
1734 1782
1734 1783
1735 1736
1735 1783
1736 1737
1736 1784
1737 1738
1737 1784
1737 1785
1738 1784
1738 1785
1738 1786
1739 1740
1739 1786
1739 1787
1739 1788
1740 1741
1740 1787
1740 1788
1740 1789
1741 1742
1741 1788
1741 1789
1741 1790
1742 1743
1742 1789
1742 1790
1742 1791
1743 1790
1743 1791
1743 1792
1744 1745
1744 1792
1745 1746
1746 1747
1746 1793
1747 1748
1747 1793
1748 1793
1748 1794
1749 1750
1749 1795
1749 1796
1749 1797
1750 1796
1750 1797
1750 1798
1751 1752
1751 1798
1751 1799
1751 1800
1752 1753
1752 1799
1752 1800
1753 1754
1753 1800
1753 1801
1754 1755
1754 1801
1754 1802
1755 1801
1755 1802
1755 1803
1756 1757
1756 1803
1756 1804
1756 1805
1757 1758
1757 1804
1757 1805
1757 1806
1758 1759
1758 1805
1758 1806
1758 1807
1759 1760
1759 1806
1759 1807
1759 1808
1760 1761
1760 1807
1760 1808
1761 1762
1761 1808
1761 1809
1762 1763
1762 1809
1762 1810
1763 1764
1763 1809
1763 1810
1763 1811
1764 1765
1764 1810
1764 1811
1764 1812
1765 1766
1765 1811
1765 1812
1765 1813
1766 1767
1766 1812
1766 1813
1766 1814
1767 1768
1767 1813
1767 1814
1768 1769
1768 1814
1768 1815
1769 1770
1769 1815
1770 1815
1770 1816
1771 1772
1772 1773
1773 1817
1774 1775
1774 1817
1774 1818
1774 1819
1775 1818
1775 1819
1776 1777
1776 1820
1777 1778
1777 1820
1777 1821
1778 1779
1778 1821
1778 1822
1779 1780
1779 1821
1779 1822
1779 1823
1780 1822
1780 1823
1780 1824
1781 1782
1781 1825
1781 1826
1781 1827
1782 1783
1782 1826
1782 1827
1782 1828
1783 1827
1783 1828
1783 1829
1784 1785
1784 1830
1784 1831
1785 1786
1785 1830
1785 1831
1786 1787
1786 1831
1786 1832
1787 1788
1787 1832
1787 1833
1788 1789
1788 1832
1788 1833
1788 1834
1789 1790
1789 1833
1789 1834
1789 1835
1790 1791
1790 1834
1790 1835
1791 1792
1791 1835
1791 1836
1792 1836
1793 1838
1793 1839
1793 1840
1794 1795
1794 1840
1794 1841
1794 1842
1795 1796
1795 1841
1795 1842
1795 1843
1796 1797
1796 1842
1796 1843
1796 1844
1797 1798
1797 1843
1797 1844
1797 1845
1798 1799
1798 1844
1798 1845
1798 1846
1799 1800
1799 1845
1799 1846
1799 1847
1800 1846
1800 1847
1800 1848
1801 1802
1801 1848
1801 1849
1802 1803
1802 1849
1803 1804
1803 1849
1803 1850
1804 1805
1804 1850
1804 1851
1805 1806
1805 1850
1805 1851
1806 1807
1806 1851
1806 1852
1807 1808
1807 1852
1808 1852
1809 1810
1809 1853
1809 1854
1810 1811
1810 1853
1810 1854
1810 1855
1811 1812
1811 1854
1811 1855
1811 1856
1812 1813
1812 1855
1812 1856
1813 1814
1813 1856
1813 1857
1814 1857
1814 1858
1815 1858
1815 1859
1817 1818
1817 1861
1817 1862
1818 1819
1818 1862
1818 1863
1819 1863
1819 1864
1820 1864
1820 1865
1820 1866
1821 1822
1821 1866
1821 1867
1822 1823
1822 1867
1822 1868
1823 1824
1823 1867
1823 1868
1823 1869
1824 1825
1824 1868
1824 1869
1824 1870
1825 1826
1825 1869
1825 1870
1825 1871
1826 1827
1826 1870
1826 1871
1826 1872
1827 1828
1827 1871
1827 1872
1827 1873
1828 1829
1828 1872
1828 1873
1828 1874
1829 1873
1829 1874
1829 1875
1830 1831
1830 1875
1830 1876
1830 1877
1831 1876
1831 1877
1831 1878
1832 1833
1832 1878
1832 1879
1832 1880
1833 1834
1833 1879
1833 1880
1833 1881
1834 1835
1834 1880
1834 1881
1834 1882
1835 1881
1835 1882
1835 1883
1836 1883
1836 1884
1836 1885
1837 1838
1837 1885
1837 1886
1837 1887
1838 1839
1838 1886
1838 1887
1839 1840
1839 1887
1839 1888
1840 1841
1840 1888
1840 1889
1841 1842
1841 1888
1841 1889
1841 1890
1842 1843
1842 1889
1842 1890
1843 1844
1843 1890
1843 1891
1844 1845
1844 1891
1844 1892
1845 1846
1845 1891
1845 1892
1845 1893
1846 1847
1846 1892
1846 1893
1846 1894
1847 1848
1847 1893
1847 1894
1847 1895
1848 1894
1848 1895
1848 1896
1849 1896
1849 1897
1850 1851
1850 1897
1851 1898
1852 1898
1852 1899
1852 1900
1853 1854
1853 1901
1853 1902
1854 1855
1854 1901
1854 1902
1854 1903
1855 1856
1855 1902
1855 1903
1855 1904
1856 1903
1856 1904
1856 1905
1857 1858
1857 1905
1857 1906
1857 1907
1858 1859
1858 1906
1858 1907
1859 1907
1859 1908
1860 1861
1860 1910
1860 1911
1861 1862
1861 1910
1861 1911
1861 1912
1862 1911
1862 1912
1862 1913
1863 1864
1863 1913
1863 1914
1863 1915
1864 1865
1864 1914
1864 1915
1864 1916
1865 1866
1865 1915
1865 1916
1865 1917
1866 1916
1866 1917
1866 1918
1867 1868
1867 1918
1867 1919
1867 1920
1868 1869
1868 1919
1868 1920
1868 1921
1869 1870
1869 1920
1869 1921
1869 1922
1870 1871
1870 1921
1870 1922
1870 1923
1871 1872
1871 1922
1871 1923
1871 1924
1872 1873
1872 1923
1872 1924
1872 1925
1873 1874
1873 1924
1873 1925
1873 1926
1874 1875
1874 1925
1874 1926
1875 1876
1875 1926
1876 1877
1876 1927
1877 1878
1877 1927
1877 1928
1878 1879
1878 1927
1878 1928
1878 1929
1879 1880
1879 1928
1879 1929
1879 1930
1880 1881
1880 1929
1880 1930
1880 1931
1881 1882
1881 1930
1881 1931
1881 1932
1882 1883
1882 1931
1882 1932
1882 1933
1883 1884
1883 1932
1883 1933
1883 1934
1884 1885
1884 1933
1884 1934
1884 1935
1885 1886
1885 1934
1885 1935
1885 1936
1886 1887
1886 1935
1886 1936
1886 1937
1887 1936
1887 1937
1887 1938
1888 1889
1888 1938
1888 1939
1888 1940
1889 1890
1889 1939
1889 1940
1889 1941
1890 1940
1890 1941
1890 1942
1891 1892
1891 1942
1891 1943
1891 1944
1892 1893
1892 1943
1892 1944
1892 1945
1893 1894
1893 1944
1893 1945
1893 1946
1894 1895
1894 1945
1894 1946
1894 1947
1895 1896
1895 1946
1895 1947
1895 1948
1896 1947
1896 1948
1896 1949
1897 1949
1897 1950
1898 1899
1898 1951
1899 1900
1899 1951
1899 1952
1900 1951
1900 1952
1900 1953
1901 1902
1901 1953
1901 1954
1902 1903
1902 1954
1902 1955
1903 1904
1903 1954
1903 1955
1903 1956
1904 1905
1904 1955
1904 1956
1904 1957
1905 1906
1905 1956
1905 1957
1905 1958
1906 1907
1906 1957
1906 1958
1906 1959
1907 1958
1907 1959
1907 1960
1908 1909
1908 1960
1910 1911
1910 1961
1910 1962
1910 1963
1911 1912
1911 1962
1911 1963
1912 1913
1912 1963
1912 1964
1913 1914
1913 1964
1913 1965
1914 1915
1914 1964
1914 1965
1914 1966
1915 1916
1915 1965
1915 1966
1915 1967
1916 1917
1916 1966
1916 1967
1916 1968
1917 1918
1917 1967
1917 1968
1917 1969
1918 1919
1918 1968
1918 1969
1918 1970
1919 1920
1919 1969
1919 1970
1919 1971
1920 1921
1920 1970
1920 1971
1920 1972
1921 1922
1921 1971
1921 1972
1921 1973
1922 1923
1922 1972
1922 1973
1922 1974
1923 1924
1923 1973
1923 1974
1924 1925
1924 1974
1924 1975
1925 1926
1925 1975
1925 1976
1926 1975
1926 1976
1926 1977
1927 1928
1927 1978
1928 1929
1928 1978
1928 1979
1929 1930
1929 1979
1930 1931
1930 1979
1930 1980
1931 1932
1931 1980
1932 1933
1932 1980
1933 1934
1933 1981
1934 1935
1934 1981
1934 1982
1935 1936
1935 1981
1935 1982
1935 1983
1936 1937
1936 1982
1936 1983
1936 1984
1937 1938
1937 1983
1937 1984
1937 1985
1938 1939
1938 1984
1938 1985
1939 1940
1939 1985
1939 1986
1940 1941
1940 1986
1941 1942
1941 1986
1941 1987
1942 1943
1942 1987
1943 1944
1943 1987
1943 1988
1944 1945
1944 1988
1944 1989
1945 1946
1945 1988
1945 1989
1945 1990
1946 1947
1946 1989
1946 1990
1946 1991
1947 1948
1947 1990
1947 1991
1947 1992
1948 1949
1948 1991
1948 1992
1948 1993
1949 1992
1949 1993
1950 1994
1950 1995
1951 1952
1951 1996
1951 1997
1952 1953
1952 1997
1952 1998
1953 1997
1953 1998
1953 1999
1954 1955
1954 1999
1954 2000
1954 2001
1955 1956
1955 2000
1955 2001
1955 2002
1956 1957
1956 2001
1956 2002
1956 2003
1957 1958
1957 2002
1957 2003
1957 2004
1958 1959
1958 2003
1958 2004
1958 2005
1959 1960
1959 2004
1959 2005
1959 2006
1960 2005
1960 2006
1960 2007
1961 1962
1961 2009
1961 2010
1962 1963
1962 2009
1962 2010
1962 2011
1963 2010
1963 2011
1963 2012
1964 1965
1964 2012
1964 2013
1964 2014
1965 1966
1965 2013
1965 2014
1966 1967
1966 2014
1966 2015
1967 1968
1967 2015
1968 1969
1968 2015
1969 1970
1970 1971
1970 2016
1971 1972
1971 2016
1971 2017
1972 1973
1972 2016
1972 2017
1972 2018
1973 1974
1973 2017
1973 2018
1973 2019
1974 2018
1974 2019
1974 2020
1975 1976
1975 2020
1975 2021
1975 2022
1976 1977
1976 2021
1976 2022
1976 2023
1977 2022
1977 2023
1977 2024
1978 2024
1978 2025
1978 2026
1979 2026
1979 2027
1979 2028
1980 2028
1980 2029
1980 2030
1981 1982
1981 2031
1982 1983
1982 2032
1983 1984
1983 2032
1984 1985
1984 2032
1985 2033
1986 2033
1986 2034
1986 2035
1987 2035
1987 2036
1987 2037
1988 1989
1988 2037
1988 2038
1988 2039
1989 1990
1989 2038
1989 2039
1989 2040
1990 1991
1990 2039
1990 2040
1990 2041
1991 1992
1991 2040
1991 2041
1991 2042
1992 1993
1992 2041
1992 2042
1992 2043
1993 2042
1993 2043
1993 2044
1994 1995
1994 2044
1994 2045
1994 2046
1995 1996
1995 2045
1995 2046
1996 2046
1996 2047
1997 1998
1997 2047
1997 2048
1997 2049
1998 1999
1998 2048
1998 2049
1998 2050
1999 2000
1999 2049
1999 2050
1999 2051
2000 2001
2000 2050
2000 2051
2000 2052
2001 2002
2001 2051
2001 2052
2001 2053
2002 2003
2002 2052
2002 2053
2002 2054
2003 2004
2003 2053
2003 2054
2003 2055
2004 2005
2004 2054
2004 2055
2004 2056
2005 2006
2005 2055
2005 2056
2005 2057
2006 2007
2006 2056
2006 2057
2006 2058
2007 2008
2007 2057
2007 2058
2007 2059
2008 2058
2008 2059
2009 2010
2009 2060
2009 2061
2010 2011
2010 2060
2010 2061
2010 2062
2011 2012
2011 2061
2011 2062
2011 2063
2012 2013
2012 2062
2012 2063
2012 2064
2013 2014
2013 2063
2013 2064
2014 2064
2014 2065
2015 2065
2015 2066
2016 2017
2016 2068
2016 2069
2017 2018
2017 2069
2017 2070
2018 2019
2018 2069
2018 2070
2018 2071
2019 2020
2019 2070
2019 2071
2019 2072
2020 2021
2020 2071
2020 2072
2021 2022
2021 2072
2021 2073
2022 2023
2022 2073
2023 2024
2023 2073
2023 2074
2024 2025
2024 2074
2024 2075
2025 2026
2025 2074
2025 2075
2025 2076
2026 2027
2026 2075
2026 2076
2026 2077
2027 2028
2027 2076
2027 2077
2027 2078
2028 2029
2028 2077
2028 2078
2028 2079
2029 2030
2029 2078
2029 2079
2030 2031
2030 2079
2030 2080
2031 2080
2031 2081
2032 2082
2032 2083
2032 2084
2033 2034
2033 2085
2034 2035
2034 2085
2034 2086
2035 2036
2035 2085
2035 2086
2035 2087
2036 2037
2036 2086
2036 2087
2036 2088
2037 2038
2037 2087
2037 2088
2038 2039
2038 2088
2038 2089
2039 2040
2039 2089
2040 2041
2040 2089
2040 2090
2041 2042
2041 2090
2042 2043
2042 2090
2043 2044
2044 2045
2045 2046
2045 2091
2046 2091
2046 2092
2047 2048
2047 2092
2047 2093
2047 2094
2048 2049
2048 2093
2048 2094
2048 2095
2049 2050
2049 2094
2049 2095
2049 2096
2050 2051
2050 2095
2050 2096
2050 2097
2051 2052
2051 2096
2051 2097
2051 2098
2052 2053
2052 2097
2052 2098
2053 2054
2053 2098
2053 2099
2054 2055
2054 2099
2054 2100
2055 2056
2055 2099
2055 2100
2056 2057
2056 2100
2056 2101
2057 2058
2057 2101
2057 2102
2058 2059
2058 2101
2058 2102
2058 2103
2059 2102
2059 2103
2060 2061
2060 2104
2060 2105
2061 2062
2061 2104
2061 2105
2062 2063
2062 2105
2062 2106
2063 2064
2063 2106
2064 2106
2064 2107
2065 2066
2065 2107
2065 2108
2065 2109
2066 2108
2066 2109
2066 2110
2067 2068
2067 2110
2067 2111
2067 2112
2068 2111
2068 2112
2068 2113
2069 2070
2069 2113
2069 2114
2070 2071
2070 2114
2070 2115
2071 2072
2071 2114
2071 2115
2071 2116
2072 2115
2072 2116
2072 2117
2073 2117
2073 2118
2074 2075
2074 2118
2074 2119
2075 2076
2075 2119
2075 2120
2076 2077
2076 2120
2076 2121
2077 2078
2077 2120
2077 2121
2077 2122
2078 2079
2078 2121
2078 2122
2078 2123
2079 2122
2079 2123
2079 2124
2080 2081
2080 2124
2080 2125
2080 2126
2081 2082
2081 2125
2081 2126
2081 2127
2082 2083
2082 2126
2082 2127
2083 2084
2083 2127
2083 2128
2084 2128
2085 2086
2085 2129
2085 2130
2085 2131
2086 2087
2086 2130
2086 2131
2086 2132
2087 2088
2087 2131
2087 2132
2088 2132
2089 2133
2089 2134
2090 2134
2090 2135
2090 2136
2091 2092
2091 2139
2091 2140
2091 2141
2092 2093
2092 2140
2092 2141
2093 2094
2093 2141
2093 2142
2094 2095
2094 2142
2094 2143
2095 2096
2095 2142
2095 2143
2095 2144
2096 2097
2096 2143
2096 2144
2096 2145
2097 2098
2097 2144
2097 2145
2097 2146
2098 2145
2098 2146
2098 2147
2099 2100
2099 2147
2099 2148
2099 2149
2100 2148
2100 2149
2101 2102
2101 2150
2101 2151
2102 2103
2102 2150
2102 2151
2103 2151
2104 2105
2104 2152
2104 2153
2105 2152
2105 2153
2106 2154
2107 2108
2107 2154
2107 2155
2107 2156
2108 2109
2108 2155
2108 2156
2108 2157
2109 2110
2109 2156
2109 2157
2109 2158
2110 2111
2110 2157
2110 2158
2110 2159
2111 2112
2111 2158
2111 2159
2111 2160
2112 2113
2112 2159
2112 2160
2113 2160
2113 2161
2114 2115
2114 2161
2114 2162
2114 2163
2115 2116
2115 2162
2115 2163
2116 2117
2116 2163
2116 2164
2117 2164
2117 2165
2118 2119
2118 2165
2118 2166
2119 2166
2120 2121
2120 2167
2120 2168
2121 2122
2121 2167
2121 2168
2122 2123
2122 2168
2123 2124
2124 2125
2125 2126
2125 2169
2126 2127
2126 2169
2126 2170
2127 2169
2127 2170
2127 2171
2128 2171
2128 2172
2128 2173
2129 2130
2129 2173
2129 2174
2129 2175
2130 2131
2130 2174
2130 2175
2131 2132
2131 2175
2131 2176
2132 2176
2132 2177
2133 2134
2133 2178
2133 2179
2133 2180
2134 2135
2134 2179
2134 2180
2134 2181
2135 2136
2135 2180
2135 2181
2135 2182
2136 2137
2136 2181
2136 2182
2136 2183
2137 2138
2137 2182
2137 2183
2137 2184
2138 2139
2138 2183
2138 2184
2138 2185
2139 2140
2139 2184
2139 2185
2139 2186
2140 2141
2140 2185
2140 2186
2140 2187
2141 2186
2141 2187
2141 2188
2142 2143
2142 2188
2142 2189
2142 2190
2143 2144
2143 2189
2143 2190
2143 2191
2144 2145
2144 2190
2144 2191
2145 2146
2145 2191
2145 2192
2146 2147
2146 2192
2146 2193
2147 2148
2147 2192
2147 2193
2147 2194
2148 2149
2148 2193
2148 2194
2148 2195
2149 2194
2149 2195
2149 2196
2150 2151
2150 2196
2150 2197
2150 2198
2151 2197
2151 2198
2151 2199
2152 2153
2152 2200
2152 2201
2153 2200
2153 2201
2153 2202
2154 2155
2154 2203
2155 2156
2156 2157
2156 2204
2157 2158
2157 2204
2157 2205
2158 2159
2158 2204
2158 2205
2158 2206
2159 2160
2159 2205
2159 2206
2159 2207
2160 2206
2160 2207
2160 2208
2161 2162
2161 2208
2161 2209
2161 2210
2162 2163
2162 2209
2162 2210
2162 2211
2163 2210
2163 2211
2163 2212
2164 2165
2164 2212
2164 2213
2165 2166
2165 2213
2165 2214
2166 2214
2166 2215
2167 2168
2167 2216
2167 2217
2168 2217
2169 2170
2169 2220
2169 2221
2169 2222
2170 2171
2170 2221
2170 2222
2170 2223
2171 2172
2171 2222
2171 2223
2172 2173
2172 2223
2173 2174
2174 2175
2174 2224
2175 2224
2175 2225
2176 2177
2176 2225
2176 2226
2177 2178
2177 2226
2178 2179
2178 2227
2179 2180
2179 2227
2179 2228
2180 2181
2180 2227
2180 2228
2180 2229
2181 2182
2181 2228
2181 2229
2181 2230
2182 2183
2182 2229
2182 2230
2182 2231
2183 2184
2183 2230
2183 2231
2183 2232
2184 2185
2184 2231
2184 2232
2185 2186
2185 2232
2186 2187
2186 2233
2187 2188
2187 2233
2188 2189
2188 2233
2188 2234
2189 2190
2189 2234
2190 2191
2190 2234
2190 2235
2191 2235
2191 2236
2192 2193
2192 2236
2192 2237
2193 2194
2193 2237
2194 2195
2194 2237
2194 2238
2195 2196
2195 2238
2195 2239
2196 2197
2196 2238
2196 2239
2196 2240
2197 2198
2197 2239
2197 2240
2197 2241
2198 2199
2198 2240
2198 2241
2199 2241
2200 2201
2200 2242
2200 2243
2201 2202
2201 2242
2201 2243
2201 2244
2202 2203
2202 2243
2202 2244
2203 2244
2203 2245
2204 2205
2204 2247
2204 2248
2205 2206
2205 2247
2205 2248
2205 2249
2206 2207
2206 2248
2206 2249
2206 2250
2207 2208
2207 2249
2207 2250
2208 2209
2208 2250
2208 2251
2209 2210
2209 2251
2209 2252
2210 2211
2210 2251
2210 2252
2210 2253
2211 2212
2211 2252
2211 2253
2211 2254
2212 2213
2212 2253
2212 2254
2212 2255
2213 2254
2213 2255
2213 2256
2214 2215
2214 2256
2214 2257
2214 2258
2215 2216
2215 2257
2215 2258
2215 2259
2216 2258
2216 2259
2216 2260
2217 2260
2217 2261
2218 2219
2218 2262
2218 2263
2219 2220
2219 2262
2219 2263
2219 2264
2220 2221
2220 2263
2220 2264
2220 2265
2221 2222
2221 2264
2221 2265
2221 2266
2222 2223
2222 2265
2222 2266
2222 2267
2223 2266
2223 2267
2223 2268
2224 2225
2224 2270
2224 2271
2224 2272
2225 2226
2225 2271
2225 2272
2225 2273
2226 2272
2226 2273
2226 2274
2227 2228
2227 2275
2227 2276
2227 2277
2228 2229
2228 2276
2228 2277
2228 2278
2229 2230
2229 2277
2229 2278
2230 2231
2230 2278
2230 2279
2231 2232
2231 2279
2231 2280
2232 2279
2232 2280
2233 2281
2234 2282
2235 2236
2236 2283
2237 2283
2237 2284
2238 2239
2238 2284
2238 2285
2238 2286
2239 2240
2239 2285
2239 2286
2239 2287
2240 2241
2240 2286
2240 2287
2240 2288
2241 2287
2241 2288
2241 2289
2242 2243
2242 2290
2242 2291
2243 2244
2243 2290
2243 2291
2243 2292
2244 2291
2244 2292
2244 2293
2245 2246
2245 2293
2245 2294
2245 2295
2246 2294
2246 2295
2247 2248
2247 2296
2247 2297
2248 2249
2248 2296
2248 2297
2248 2298
2249 2250
2249 2297
2249 2298
2250 2298
2250 2299
2251 2252
2251 2299
2251 2300
2251 2301
2252 2253
2252 2300
2252 2301
2252 2302
2253 2254
2253 2301
2253 2302
2254 2255
2254 2302
2254 2303
2255 2256
2255 2303
2256 2257
2256 2303
2257 2258
2257 2304
2258 2259
2258 2304
2258 2305
2259 2260
2259 2304
2259 2305
2259 2306
2260 2261
2260 2305
2260 2306
2261 2306
2262 2263
2262 2307
2263 2264
2263 2307
2263 2308
2264 2265
2264 2308
2264 2309
2265 2266
2265 2308
2265 2309
2265 2310
2266 2267
2266 2309
2266 2310
2266 2311
2267 2268
2267 2310
2267 2311
2267 2312
2268 2269
2268 2311
2268 2312
2269 2270
2269 2312
2270 2271
2270 2313
2271 2272
2271 2313
2272 2273
2272 2313
2272 2314
2273 2274
2273 2314
2273 2315
2274 2275
2274 2314
2274 2315
2274 2316
2275 2276
2275 2315
2275 2316
2275 2317
2276 2277
2276 2316
2276 2317
2276 2318
2277 2278
2277 2317
2277 2318
2277 2319
2278 2318
2278 2319
2278 2320
2279 2280
2279 2320
2279 2321
2279 2322
2280 2321
2280 2322
2280 2323
2281 2324
2281 2325
2281 2326
2282 2326
2282 2327
2282 2328
2283 2330
2283 2331
2284 2285
2284 2332
2284 2333
2285 2286
2285 2332
2285 2333
2285 2334
2286 2287
2286 2333
2286 2334
2286 2335
2287 2288
2287 2334
2287 2335
2287 2336
2288 2289
2288 2335
2288 2336
2288 2337
2289 2336
2289 2337
2290 2291
2290 2338
2290 2339
2291 2292
2291 2338
2291 2339
2291 2340
2292 2293
2292 2339
2292 2340
2292 2341
2293 2294
2293 2340
2293 2341
2293 2342
2294 2295
2294 2341
2294 2342
2294 2343
2295 2342
2295 2343
2295 2344
2296 2297
2296 2344
2296 2345
2296 2346
2297 2298
2297 2345
2297 2346
2297 2347
2298 2346
2298 2347
2298 2348
2299 2300
2299 2348
2299 2349
2299 2350
2300 2301
2300 2349
2300 2350
2300 2351
2301 2302
2301 2350
2301 2351
2301 2352
2302 2351
2302 2352
2302 2353
2303 2353
2303 2354
2304 2305
2304 2355
2304 2356
2304 2357
2305 2306
2305 2356
2305 2357
2305 2358
2306 2357
2306 2358
2306 2359
2307 2360
2307 2361
2308 2309
2308 2361
2308 2362
2308 2363
2309 2310
2309 2362
2309 2363
2309 2364
2310 2311
2310 2363
2310 2364
2310 2365
2311 2312
2311 2364
2311 2365
2311 2366
2312 2365
2312 2366
2312 2367
2313 2368
2313 2369
2313 2370
2314 2315
2314 2370
2314 2371
2314 2372
2315 2316
2315 2371
2315 2372
2315 2373
2316 2317
2316 2372
2316 2373
2317 2318
2317 2373
2317 2374
2318 2319
2318 2374
2318 2375
2319 2320
2319 2374
2319 2375
2319 2376
2320 2321
2320 2375
2320 2376
2320 2377
2321 2322
2321 2376
2321 2377
2321 2378
2322 2323
2322 2377
2322 2378
2323 2324
2323 2378
2323 2379
2324 2325
2324 2379
2324 2380
2325 2326
2325 2379
2325 2380
2325 2381
2326 2327
2326 2380
2326 2381
2326 2382
2327 2328
2327 2381
2327 2382
2327 2383
2328 2329
2328 2382
2328 2383
2328 2384
2329 2330
2329 2383
2329 2384
2330 2331
2330 2384
2330 2385
2331 2385
2332 2333
2332 2386
2332 2387
2333 2334
2333 2386
2333 2387
2333 2388
2334 2335
2334 2387
2334 2388
2334 2389
2335 2336
2335 2388
2335 2389
2335 2390
2336 2337
2336 2389
2336 2390
2336 2391
2337 2390
2337 2391
2338 2339
2338 2392
2338 2393
2339 2340
2339 2392
2339 2393
2339 2394
2340 2341
2340 2393
2340 2394
2340 2395
2341 2342
2341 2394
2341 2395
2342 2343
2342 2395
2342 2396
2343 2344
2343 2396
2344 2345
2344 2396
2345 2346
2345 2397
2346 2347
2346 2397
2346 2398
2347 2348
2347 2397
2347 2398
2347 2399
2348 2349
2348 2398
2348 2399
2348 2400
2349 2350
2349 2399
2349 2400
2349 2401
2350 2351
2350 2400
2350 2401
2351 2352
2351 2401
2351 2402
2352 2353
2352 2402
2352 2403
2353 2354
2353 2402
2353 2403
2353 2404
2354 2403
2354 2404
2354 2405
2355 2356
2355 2405
2355 2406
2355 2407
2356 2357
2356 2406
2356 2407
2356 2408
2357 2358
2357 2407
2357 2408
2357 2409
2358 2359
2358 2408
2358 2409
2358 2410
2359 2360
2359 2409
2359 2410
2359 2411
2360 2410
2360 2411
2361 2362
2361 2412
2361 2413
2362 2363
2362 2412
2362 2413
2362 2414
2363 2364
2363 2413
2363 2414
2363 2415
2364 2365
2364 2414
2364 2415
2364 2416
2365 2366
2365 2415
2365 2416
2365 2417
2366 2367
2366 2416
2366 2417
2366 2418
2367 2368
2367 2417
2367 2418
2367 2419
2368 2369
2368 2418
2368 2419
2368 2420
2369 2370
2369 2419
2369 2420
2369 2421
2370 2371
2370 2420
2370 2421
2370 2422
2371 2372
2371 2421
2371 2422
2371 2423
2372 2373
2372 2422
2372 2423
2372 2424
2373 2423
2373 2424
2373 2425
2374 2375
2374 2425
2374 2426
2375 2376
2375 2426
2375 2427
2376 2377
2376 2427
2376 2428
2377 2378
2377 2427
2377 2428
2377 2429
2378 2428
2378 2429
2378 2430
2379 2380
2379 2430
2379 2431
2380 2381
2380 2431
2380 2432
2381 2382
2381 2432
2382 2383
2382 2432
2382 2433
2383 2384
2383 2433
2383 2434
2384 2433
2384 2434
2385 2435
2385 2436
2386 2387
2386 2436
2386 2437
2386 2438
2387 2388
2387 2437
2387 2438
2387 2439
2388 2389
2388 2438
2388 2439
2388 2440
2389 2390
2389 2439
2389 2440
2389 2441
2390 2391
2390 2440
2390 2441
2390 2442
2391 2441
2391 2442
2392 2393
2392 2443
2393 2394
2393 2443
2394 2395
2396 2444
2396 2445
2397 2398
2397 2446
2397 2447
2397 2448
2398 2399
2398 2447
2398 2448
2398 2449
2399 2400
2399 2448
2399 2449
2399 2450
2400 2401
2400 2449
2400 2450
2400 2451
2401 2450
2401 2451
2401 2452
2402 2403
2402 2452
2402 2453
2402 2454
2403 2404
2403 2453
2403 2454
2403 2455
2404 2405
2404 2454
2404 2455
2404 2456
2405 2406
2405 2455
2405 2456
2405 2457
2406 2407
2406 2456
2406 2457
2406 2458
2407 2408
2407 2457
2407 2458
2407 2459
2408 2409
2408 2458
2408 2459
2408 2460
2409 2410
2409 2459
2409 2460
2410 2411
2410 2460
2410 2461
2411 2461
2411 2462
2412 2413
2412 2462
2412 2463
2412 2464
2413 2414
2413 2463
2413 2464
2413 2465
2414 2415
2414 2464
2414 2465
2415 2416
2415 2465
2415 2466
2416 2417
2416 2466
2416 2467
2417 2418
2417 2466
2417 2467
2418 2419
2418 2467
2418 2468
2419 2420
2419 2468
2419 2469
2420 2421
2420 2468
2420 2469
2420 2470
2421 2422
2421 2469
2421 2470
2421 2471
2422 2423
2422 2470
2422 2471
2422 2472
2423 2424
2423 2471
2423 2472
2423 2473
2424 2425
2424 2472
2424 2473
2424 2474
2425 2426
2425 2473
2425 2474
2425 2475
2426 2474
2426 2475
2426 2476
2427 2428
2427 2476
2427 2477
2428 2429
2428 2477
2428 2478
2429 2430
2429 2477
2429 2478
2430 2431
2430 2478
2430 2479
2431 2479
2431 2480
2432 2480
2432 2481
2433 2434
2433 2481
2433 2482
2434 2482
2434 2483
2435 2436
2435 2483
2435 2484
2435 2485
2436 2437
2436 2484
2436 2485
2436 2486
2437 2438
2437 2485
2437 2486
2437 2487
2438 2439
2438 2486
2438 2487
2439 2440
2439 2487
2440 2441
2440 2488
2441 2442
2441 2488
2441 2489
2442 2488
2442 2489
2443 2490
2443 2491
2444 2445
2444 2493
2444 2494
2445 2446
2445 2493
2445 2494
2445 2495
2446 2447
2446 2494
2446 2495
2446 2496
2447 2448
2447 2495
2447 2496
2447 2497
2448 2449
2448 2496
2448 2497
2448 2498
2449 2450
2449 2497
2449 2498
2450 2451
2450 2498
2450 2499
2451 2452
2451 2499
2451 2500
2452 2453
2452 2499
2452 2500
2452 2501
2453 2454
2453 2500
2453 2501
2454 2455
2454 2501
2454 2502
2455 2456
2455 2502
2455 2503
2456 2457
2456 2502
2456 2503
2456 2504
2457 2458
2457 2503
2457 2504
2458 2459
2458 2504
2459 2460
2460 2505
2461 2462
2461 2505
2461 2506
2461 2507
2462 2463
2462 2506
2462 2507
2462 2508
2463 2464
2463 2507
2463 2508
2464 2465
2464 2508
2464 2509
2465 2509
2465 2510
2466 2467
2466 2510
2466 2511
2466 2512
2467 2511
2467 2512
2467 2513
2468 2469
2468 2513
2468 2514
2468 2515
2469 2470
2469 2514
2469 2515
2469 2516
2470 2471
2470 2515
2470 2516
2470 2517
2471 2472
2471 2516
2471 2517
2471 2518
2472 2473
2472 2517
2472 2518
2472 2519
2473 2474
2473 2518
2473 2519
2474 2475
2474 2519
2474 2520
2475 2476
2475 2520
2476 2520
2476 2521
2477 2478
2477 2521
2477 2522
2477 2523
2478 2522
2478 2523
2478 2524
2479 2480
2479 2524
2479 2525
2479 2526
2480 2525
2480 2526
2480 2527
2481 2527
2481 2528
2481 2529
2482 2483
2482 2529
2482 2530
2482 2531
2483 2484
2483 2530
2483 2531
2483 2532
2484 2485
2484 2531
2484 2532
2484 2533
2485 2486
2485 2532
2485 2533
2485 2534
2486 2487
2486 2533
2486 2534
2487 2534
2487 2535
2488 2489
2488 2536
2488 2537
2488 2538
2489 2537
2489 2538
2490 2491
2490 2539
2490 2540
2491 2492
2491 2539
2491 2540
2491 2541
2492 2540
2492 2541
2492 2542
2493 2494
2493 2543
2493 2544
2493 2545
2494 2495
2494 2544
2494 2545
2494 2546
2495 2496
2495 2545
2495 2546
2495 2547
2496 2497
2496 2546
2496 2547
2496 2548
2497 2498
2497 2547
2497 2548
2497 2549
2498 2548
2498 2549
2498 2550
2499 2500
2499 2550
2499 2551
2499 2552
2500 2501
2500 2551
2500 2552
2500 2553
2501 2552
2501 2553
2502 2503
2502 2554
2502 2555
2503 2504
2503 2554
2503 2555
2503 2556
2504 2555
2504 2556
2504 2557
2505 2506
2505 2559
2505 2560
2505 2561
2506 2507
2506 2560
2506 2561
2506 2562
2507 2508
2507 2561
2507 2562
2507 2563
2508 2562
2508 2563
2508 2564
2509 2510
2509 2564
2509 2565
2510 2511
2510 2565
2511 2512
2511 2566
2512 2513
2512 2566
2513 2514
2513 2566
2513 2567
2514 2515
2514 2567
2514 2568
2515 2516
2515 2567
2515 2568
2515 2569
2516 2517
2516 2568
2516 2569
2516 2570
2517 2518
2517 2569
2517 2570
2518 2519
2518 2570
2518 2571
2519 2571
2519 2572
2520 2572
2520 2573
2521 2522
2521 2574
2521 2575
2522 2523
2522 2574
2522 2575
2522 2576
2523 2524
2523 2575
2523 2576
2523 2577
2524 2525
2524 2576
2524 2577
2525 2526
2525 2577
2525 2578
2526 2527
2526 2578
2526 2579
2527 2528
2527 2578
2527 2579
2527 2580
2528 2529
2528 2579
2528 2580
2528 2581
2529 2530
2529 2580
2529 2581
2529 2582
2530 2531
2530 2581
2530 2582
2531 2532
2531 2582
2532 2533
2532 2583
2533 2534
2533 2583
2533 2584
2534 2583
2534 2584
2535 2536
2535 2585
2535 2586
2536 2537
2536 2585
2536 2586
2536 2587
2537 2538
2537 2586
2537 2587
2537 2588
2538 2587
2538 2588
2539 2540
2539 2589
2539 2590
2540 2541
2540 2589
2540 2590
2540 2591
2541 2542
2541 2590
2541 2591
2541 2592
2542 2543
2542 2591
2542 2592
2542 2593
2543 2544
2543 2592
2543 2593
2543 2594
2544 2545
2544 2593
2544 2594
2544 2595
2545 2546
2545 2594
2545 2595
2545 2596
2546 2547
2546 2595
2546 2596
2546 2597
2547 2548
2547 2596
2547 2597
2548 2549
2548 2597
2548 2598
2549 2550
2549 2598
2549 2599
2550 2551
2550 2598
2550 2599
2550 2600
2551 2552
2551 2599
2551 2600
2551 2601
2552 2553
2552 2600
2552 2601
2552 2602
2553 2601
2553 2602
2553 2603
2554 2555
2554 2603
2554 2604
2554 2605
2555 2556
2555 2604
2555 2605
2556 2557
2556 2605
2556 2606
2557 2558
2557 2606
2557 2607
2558 2559
2558 2606
2558 2607
2558 2608
2559 2560
2559 2607
2559 2608
2560 2561
2560 2608
2560 2609
2561 2562
2561 2609
2561 2610
2562 2563
2562 2609
2562 2610
2562 2611
2563 2564
2563 2610
2563 2611
2563 2612
2564 2565
2564 2611
2564 2612
2564 2613
2565 2612
2565 2613
2565 2614
2566 2615
2566 2616
2567 2568
2567 2616
2567 2617
2568 2569
2568 2617
2568 2618
2569 2570
2569 2618
2569 2619
2570 2618
2570 2619
2571 2572
2571 2620
2571 2621
2572 2573
2572 2620
2572 2621
2573 2621
2573 2622
2574 2575
2574 2622
2575 2576
2576 2577
2576 2623
2577 2623
2578 2579
2578 2624
2578 2625
2579 2580
2579 2624
2579 2625
2579 2626
2580 2581
2580 2625
2580 2626
2580 2627
2581 2582
2581 2626
2581 2627
2581 2628
2582 2627
2582 2628
2582 2629
2583 2584
2583 2630
2583 2631
2583 2632
2584 2631
2584 2632
2584 2633
2585 2586
2585 2633
2585 2634
2586 2587
2586 2634
2586 2635
2587 2588
2587 2634
2587 2635
2587 2636
2588 2635
2588 2636
2589 2590
2589 2637
2590 2591
2590 2637
2590 2638
2591 2592
2591 2637
2591 2638
2591 2639
2592 2593
2592 2638
2592 2639
2592 2640
2593 2594
2593 2639
2593 2640
2593 2641
2594 2595
2594 2640
2594 2641
2595 2596
2595 2641
2595 2642
2596 2597
2596 2642
2596 2643
2597 2642
2597 2643
2597 2644
2598 2599
2598 2644
2598 2645
2599 2600
2599 2645
2599 2646
2600 2601
2600 2645
2600 2646
2601 2602
2601 2646
2601 2647
2602 2603
2602 2647
2602 2648
2603 2604
2603 2647
2603 2648
2603 2649
2604 2605
2604 2648
2604 2649
2604 2650
2605 2649
2605 2650
2605 2651
2606 2607
2606 2651
2606 2652
2606 2653
2607 2608
2607 2652
2607 2653
2607 2654
2608 2653
2608 2654
2609 2610
2609 2655
2609 2656
2610 2611
2610 2655
2610 2656
2610 2657
2611 2612
2611 2656
2611 2657
2612 2613
2612 2657
2612 2658
2613 2614
2613 2658
2613 2659
2614 2615
2614 2658
2614 2659
2614 2660
2615 2659
2615 2660
2615 2661
2616 2617
2616 2661
2616 2662
2616 2663
2617 2662
2617 2663
2618 2619
2618 2664
2619 2664
2619 2665
2620 2621
2620 2665
2620 2666
2620 2667
2621 2666
2621 2667
2621 2668
2622 2668
2622 2669
2622 2670
2623 2672
2623 2673
2623 2674
2624 2625
2624 2674
2624 2675
2625 2626
2625 2675
2625 2676
2626 2627
2626 2676
2626 2677
2627 2628
2627 2676
2627 2677
2628 2629
2628 2677
2628 2678
2629 2630
2629 2678
2629 2679
2630 2631
2630 2678
2630 2679
2630 2680
2631 2632
2631 2679
2631 2680
2631 2681
2632 2633
2632 2680
2632 2681
2632 2682
2633 2681
2633 2682
2633 2683
2634 2635
2634 2683
2635 2636
2635 2684
2636 2684
2637 2638
2637 2685
2637 2686
2638 2639
2638 2686
2638 2687
2639 2640
2639 2686
2639 2687
2639 2688
2640 2641
2640 2687
2640 2688
2641 2688
2641 2689
2642 2643
2642 2689
2642 2690
2642 2691
2643 2644
2643 2690
2643 2691
2643 2692
2644 2691
2644 2692
2644 2693
2645 2646
2645 2693
2645 2694
2645 2695
2646 2694
2646 2695
2646 2696
2647 2648
2647 2696
2647 2697
2647 2698
2648 2649
2648 2697
2648 2698
2648 2699
2649 2650
2649 2698
2649 2699
2649 2700
2650 2651
2650 2699
2650 2700
2650 2701
2651 2652
2651 2700
2651 2701
2651 2702
2652 2653
2652 2701
2652 2702
2652 2703
2653 2654
2653 2702
2653 2703
2653 2704
2654 2703
2654 2704
2655 2656
2655 2705
2655 2706
2656 2657
2656 2705
2656 2706
2656 2707
2657 2706
2657 2707
2657 2708
2658 2659
2658 2708
2658 2709
2659 2660
2659 2709
2659 2710
2660 2661
2660 2709
2660 2710
2661 2662
2661 2710
2661 2711
2662 2663
2662 2711
2663 2711
2663 2712
2664 2665
2664 2713
2664 2714
2665 2666
2665 2714
2665 2715
2666 2667
2666 2714
2666 2715
2666 2716
2667 2668
2667 2715
2667 2716
2667 2717
2668 2669
2668 2716
2668 2717
2668 2718
2669 2670
2669 2717
2669 2718
2669 2719
2670 2671
2670 2718
2670 2719
2670 2720
2671 2672
2671 2719
2671 2720
2671 2721
2672 2673
2672 2720
2672 2721
2672 2722
2673 2674
2673 2721
2673 2722
2673 2723
2674 2675
2674 2722
2674 2723
2674 2724
2675 2723
2675 2724
2675 2725
2676 2677
2676 2725
2676 2726
2677 2726
2677 2727
2678 2679
2678 2727
2678 2728
2678 2729
2679 2680
2679 2728
2679 2729
2679 2730
2680 2681
2680 2729
2680 2730
2680 2731
2681 2682
2681 2730
2681 2731
2681 2732
2682 2683
2682 2731
2682 2732
2683 2732
2683 2733
2684 2734
2684 2735
2685 2736
2686 2687
2686 2736
2686 2737
2686 2738
2687 2688
2687 2737
2687 2738
2687 2739
2688 2738
2688 2739
2689 2690
2689 2740
2689 2741
2690 2691
2690 2740
2690 2741
2690 2742
2691 2692
2691 2741
2691 2742
2691 2743
2692 2693
2692 2742
2692 2743
2692 2744
2693 2694
2693 2743
2693 2744
2693 2745
2694 2695
2694 2744
2694 2745
2694 2746
2695 2696
2695 2745
2695 2746
2696 2697
2696 2746
2696 2747
2697 2698
2697 2747
2697 2748
2698 2699
2698 2747
2698 2748
2698 2749
2699 2700
2699 2748
2699 2749
2699 2750
2700 2701
2700 2749
2700 2750
2700 2751
2701 2702
2701 2750
2701 2751
2701 2752
2702 2703
2702 2751
2702 2752
2702 2753
2703 2704
2703 2752
2703 2753
2704 2753
2704 2754
2705 2706
2705 2754
2705 2755
2706 2707
2706 2755
2706 2756
2707 2708
2707 2755
2707 2756
2707 2757
2708 2756
2708 2757
2708 2758
2709 2710
2709 2758
2709 2759
2710 2759
2711 2760
2712 2713
2712 2760
2712 2761
2712 2762
2713 2761
2713 2762
2713 2763
2714 2715
2714 2763
2714 2764
2714 2765
2715 2716
2715 2764
2715 2765
2715 2766
2716 2717
2716 2765
2716 2766
2716 2767
2717 2718
2717 2766
2717 2767
2717 2768
2718 2719
2718 2767
2718 2768
2718 2769
2719 2720
2719 2768
2719 2769
2719 2770
2720 2721
2720 2769
2720 2770
2720 2771
2721 2722
2721 2770
2721 2771
2722 2723
2722 2771
2722 2772
2723 2724
2723 2772
2723 2773
2724 2725
2724 2772
2724 2773
2724 2774
2725 2773
2725 2774
2725 2775
2726 2727
2726 2775
2726 2776
2726 2777
2727 2728
2727 2776
2727 2777
2727 2778
2728 2729
2728 2777
2728 2778
2728 2779
2729 2730
2729 2778
2729 2779
2730 2731
2730 2779
2730 2780
2731 2732
2731 2780
2732 2780
2732 2781
2733 2734
2733 2781
2734 2735
2734 2782
2735 2782
2736 2737
2736 2783
2736 2784
2737 2738
2737 2784
2737 2785
2738 2739
2738 2785
2738 2786
2739 2785
2739 2786
2739 2787
2740 2741
2740 2787
2740 2788
2740 2789
2741 2742
2741 2788
2741 2789
2742 2743
2742 2789
2742 2790
2743 2744
2743 2790
2743 2791
2744 2745
2744 2790
2744 2791
2744 2792
2745 2746
2745 2791
2745 2792
2745 2793
2746 2792
2746 2793
2746 2794
2747 2748
2747 2794
2747 2795
2747 2796
2748 2749
2748 2795
2748 2796
2748 2797
2749 2750
2749 2796
2749 2797
2749 2798
2750 2751
2750 2797
2750 2798
2750 2799
2751 2752
2751 2798
2751 2799
2751 2800
2752 2753
2752 2799
2752 2800
2752 2801
2753 2800
2753 2801
2753 2802
2754 2802
2754 2803
2755 2756
2755 2804
2755 2805
2756 2757
2756 2804
2756 2805
2756 2806
2757 2758
2757 2805
2757 2806
2757 2807
2758 2806
2758 2807
2758 2808
2759 2808
2759 2809
2760 2761
2760 2810
2761 2762
2761 2810
2762 2763
2762 2811
2763 2764
2763 2811
2763 2812
2764 2765
2764 2811
2764 2812
2764 2813
2765 2766
2765 2812
2765 2813
2765 2814
2766 2767
2766 2813
2766 2814
2767 2768
2767 2814
2768 2769
2768 2815
2769 2770
2769 2815
2770 2771
2770 2815
2771 2816
2772 2773
2772 2816
2772 2817
2772 2818
2773 2774
2773 2817
2773 2818
2773 2819
2774 2775
2774 2818
2774 2819
2774 2820
2775 2776
2775 2819
2775 2820
2775 2821
2776 2777
2776 2820
2776 2821
2776 2822
2777 2778
2777 2821
2777 2822
2777 2823
2778 2779
2778 2822
2778 2823
2779 2823
2779 2824
2780 2824
2780 2825
2781 2825
2781 2826
2781 2827
2782 2828
2782 2829
2783 2784
2783 2830
2783 2831
2784 2830
2784 2831
2784 2832
2785 2786
2785 2832
2785 2833
2786 2787
2786 2833
2787 2788
2787 2833
2788 2789
2788 2834
2789 2834
2789 2835
2790 2791
2790 2835
2790 2836
2790 2837
2791 2792
2791 2836
2791 2837
2791 2838
2792 2793
2792 2837
2792 2838
2792 2839
2793 2794
2793 2838
2793 2839
2793 2840
2794 2795
2794 2839
2794 2840
2794 2841
2795 2796
2795 2840
2795 2841
2795 2842
2796 2797
2796 2841
2796 2842
2797 2798
2797 2842
2797 2843
2798 2799
2798 2843
2798 2844
2799 2800
2799 2843
2799 2844
2799 2845
2800 2801
2800 2844
2800 2845
2801 2802
2801 2845
2802 2803
2802 2846
2803 2846
2803 2847
2804 2805
2804 2847
2804 2848
2804 2849
2805 2806
2805 2848
2805 2849
2805 2850
2806 2807
2806 2849
2806 2850
2806 2851
2807 2808
2807 2850
2807 2851
2807 2852
2808 2851
2808 2852
2808 2853
2809 2853
2809 2854
2810 2855
2810 2856
2811 2812
2811 2857
2811 2858
2811 2859
2812 2813
2812 2858
2812 2859
2812 2860
2813 2814
2813 2859
2813 2860
2813 2861
2814 2860
2814 2861
2814 2862
2815 2863
2815 2864
2815 2865
2816 2817
2816 2866
2816 2867
2816 2868
2817 2818
2817 2867
2817 2868
2817 2869
2818 2819
2818 2868
2818 2869
2818 2870
2819 2820
2819 2869
2819 2870
2819 2871
2820 2821
2820 2870
2820 2871
2821 2822
2821 2871
2821 2872
2822 2823
2822 2872
2822 2873
2823 2872
2823 2873
2824 2874
2824 2875
2825 2826
2825 2875
2825 2876
2826 2827
2826 2876
2826 2877
2827 2828
2827 2876
2827 2877
2827 2878
2828 2829
2828 2877
2828 2878
2828 2879
2829 2878
2829 2879
2830 2831
2831 2832
2834 2835
2835 2836
2836 2837
2837 2838
2838 2839
2839 2840
2840 2841
2841 2842
2843 2844
2844 2845
2846 2847
2847 2848
2848 2849
2849 2850
2850 2851
2851 2852
2852 2853
2853 2854
2855 2856
2856 2857
2857 2858
2858 2859
2859 2860
2860 2861
2861 2862
2862 2863
2863 2864
2864 2865
2865 2866
2866 2867
2867 2868
2868 2869
2869 2870
2870 2871
2872 2873
2874 2875
2876 2877
2877 2878
2878 2879
