# FromNodeId	ToNodeId
0 38
1 2
1 39
1 40
2 39
2 40
2 41
3 4
3 41
3 42
3 43
4 5
4 42
4 43
4 44
5 6
5 43
5 44
5 45
6 44
6 45
7 8
7 46
7 47
8 9
8 47
8 48
9 10
9 47
9 48
9 49
10 11
10 48
10 49
10 50
11 12
11 49
11 50
11 51
12 13
12 50
12 51
12 52
13 14
13 51
13 52
13 53
14 15
14 52
14 53
15 16
15 53
16 17
16 54
17 18
17 54
17 55
18 19
18 54
18 55
18 56
19 20
19 55
19 56
19 57
20 21
20 56
20 57
20 58
21 22
21 57
21 58
21 59
22 23
22 58
22 59
22 60
23 24
23 59
23 60
23 61
24 60
24 61
24 62
25 26
25 62
25 63
25 64
26 27
26 63
26 64
26 65
27 64
27 65
28 29
28 66
28 67
29 30
29 66
29 67
29 68
30 31
30 67
30 68
30 69
31 32
31 68
31 69
32 33
32 69
32 70
33 34
33 70
34 35
34 70
34 71
35 36
35 71
35 72
36 37
36 71
36 72
36 73
37 72
37 73
38 74
38 75
39 40
39 75
39 76
39 77
40 41
40 76
40 77
41 42
41 77
41 78
42 43
42 78
42 79
43 44
43 78
43 79
44 45
44 79
44 80
45 80
46 81
46 82
47 48
47 82
47 83
47 84
48 49
48 83
48 84
48 85
49 50
49 84
49 85
49 86
50 51
50 85
50 86
50 87
51 52
51 86
51 87
51 88
52 53
52 87
52 88
52 89
53 88
53 89
53 90
54 55
54 91
54 92
54 93
55 56
55 92
55 93
56 57
56 93
56 94
57 58
57 94
57 95
58 59
58 94
58 95
58 96
59 60
59 95
59 96
59 97
60 61
60 96
60 97
60 98
61 62
61 97
61 98
61 99
62 63
62 98
62 99
62 100
63 64
63 99
63 100
64 65
64 100
64 101
65 101
65 102
66 67
66 103
66 104
66 105
67 68
67 104
67 105
67 106
68 69
68 105
68 106
68 107
69 106
69 107
69 108
70 108
70 109
70 110
71 72
71 110
71 111
71 112
72 73
72 111
72 112
72 113
73 112
73 113
74 75
74 114
74 115
75 76
75 114
75 115
75 116
76 77
76 115
76 116
76 117
77 116
77 117
77 118
78 79
78 118
78 119
79 119
79 120
80 120
80 121
80 122
81 82
81 122
81 123
81 124
82 83
82 123
82 124
82 125
83 84
83 124
83 125
84 85
84 125
84 126
85 86
85 126
85 127
86 87
86 126
86 127
87 88
87 127
87 128
88 89
88 128
88 129
89 90
89 128
89 129
89 130
90 91
90 129
90 130
90 131
91 92
91 130
91 131
92 93
92 131
92 132
93 132
94 95
94 133
95 96
95 133
95 134
96 97
96 134
97 98
97 134
97 135
98 99
98 135
99 100
99 135
100 136
101 102
101 136
101 137
101 138
102 103
102 137
102 138
103 104
103 138
104 105
104 139
105 106
105 139
105 140
106 107
106 139
106 140
106 141
107 108
107 140
107 141
108 109
108 141
108 142
109 110
109 142
109 143
110 111
110 142
110 143
110 144
111 112
111 143
111 144
111 145
112 113
112 144
112 145
112 146
113 145
113 146
114 115
115 116
116 117
116 147
117 118
117 147
117 148
118 119
118 147
118 148
118 149
119 148
119 149
119 150
120 121
120 150
120 151
121 122
121 151
121 152
122 123
122 152
122 153
123 124
123 152
123 153
123 154
124 125
124 153
124 154
124 155
125 154
125 155
125 156
126 127
126 156
126 157
126 158
127 157
127 158
127 159
128 129
128 159
128 160
128 161
129 130
129 160
129 161
129 162
130 131
130 161
130 162
131 162
131 163
132 163
132 164
132 165
133 165
133 166
133 167
134 167
135 168
135 169
136 137
136 170
136 171
137 138
137 171
138 172
139 140
139 173
139 174
140 141
140 174
140 175
141 175
141 176
142 143
142 176
142 177
143 144
143 177
143 178
144 145
144 177
144 178
144 179
145 146
145 178
145 179
146 179
147 148
147 181
148 149
148 182
149 150
149 182
149 183
150 151
150 182
150 183
151 183
151 184
152 153
152 184
152 185
152 186
153 154
153 185
153 186
154 155
154 186
154 187
155 156
155 187
155 188
156 157
156 187
156 188
156 189
157 158
157 188
157 189
157 190
158 159
158 189
158 190
158 191
159 160
159 190
159 191
159 192
160 161
160 191
160 192
160 193
161 162
161 192
161 193
162 193
162 194
163 164
163 194
163 195
163 196
164 165
164 195
164 196
164 197
165 166
165 196
165 197
165 198
166 167
166 197
166 198
166 199
167 198
167 199
167 200
168 169
168 201
168 202
168 203
169 170
169 202
169 203
169 204
170 171
170 203
170 204
170 205
171 204
171 205
172 173
172 206
172 207
172 208
173 174
173 207
173 208
173 209
174 208
174 209
174 210
175 176
175 210
175 211
175 212
176 211
176 212
176 213
177 178
177 213
177 214
177 215
178 179
178 214
178 215
179 215
179 216
180 217
181 218
181 219
182 183
182 220
182 221
182 222
183 221
183 222
183 223
184 185
184 223
184 224
184 225
185 186
185 224
185 225
185 226
186 225
186 226
187 188
187 227
187 228
188 189
188 227
188 228
188 229
189 190
189 228
189 229
190 191
190 229
191 192
192 193
194 195
194 230
194 231
195 196
195 230
195 231
195 232
196 197
196 231
196 232
196 233
197 198
197 232
197 233
197 234
198 199
198 233
198 234
198 235
199 200
199 234
199 235
200 201
200 235
200 236
201 202
201 236
202 203
202 236
202 237
203 204
203 237
203 238
204 205
204 237
204 238
204 239
205 238
205 239
205 240
206 207
206 240
206 241
206 242
207 208
207 241
207 242
207 243
208 209
208 242
208 243
209 210
209 243
209 244
210 211
210 244
210 245
211 212
211 244
211 245
212 213
212 245
212 246
213 214
213 246
213 247
214 215
214 246
214 247
214 248
215 247
215 248
215 249
216 249
216 250
217 251
218 219
218 251
218 252
219 220
219 252
219 253
220 221
220 253
220 254
221 222
221 253
221 254
221 255
222 223
222 254
222 255
222 256
223 224
223 255
223 256
223 257
224 225
224 256
224 257
224 258
225 226
225 257
225 258
225 259
226 258
226 259
226 260
227 228
227 260
227 261
227 262
228 229
228 261
228 262
228 263
229 262
229 263
230 231
230 265
230 266
231 232
231 266
231 267
232 233
232 267
232 268
233 234
233 267
233 268
233 269
234 235
234 268
234 269
235 269
235 270
236 270
236 271
236 272
237 238
237 272
237 273
238 239
238 273
238 274
239 240
239 273
239 274
239 275
240 241
240 274
240 275
240 276
241 242
241 275
241 276
241 277
242 243
242 276
242 277
242 278
243 277
243 278
243 279
244 245
244 279
244 280
244 281
245 280
245 281
246 247
246 282
246 283
247 248
247 282
247 283
247 284
248 249
248 283
248 284
248 285
249 250
249 284
249 285
249 286
250 285
250 286
251 252
251 287
251 288
252 288
252 289
253 254
253 289
253 290
253 291
254 255
254 290
254 291
254 292
255 256
255 291
255 292
255 293
256 257
256 292
256 293
257 258
257 293
257 294
258 259
258 294
258 295
259 260
259 294
259 295
260 261
260 295
260 296
261 262
261 296
261 297
262 263
262 296
262 297
262 298
263 297
263 298
263 299
264 300
265 266
265 300
265 301
265 302
266 301
266 302
266 303
267 268
267 303
267 304
268 269
268 304
268 305
269 305
269 306
270 271
270 306
270 307
270 308
271 272
271 307
271 308
271 309
272 308
272 309
272 310
273 274
273 310
273 311
273 312
274 275
274 311
274 312
275 276
275 312
275 313
276 277
276 313
276 314
277 278
277 313
277 314
277 315
278 279
278 314
278 315
278 316
279 280
279 315
279 316
279 317
280 281
280 316
280 317
280 318
281 317
281 318
281 319
282 283
282 319
282 320
283 284
283 320
284 285
284 320
284 321
285 286
285 321
285 322
286 321
286 322
287 323
287 324
288 289
288 324
288 325
288 326
289 290
289 325
289 326
290 291
290 326
290 327
291 292
291 327
291 328
292 293
292 327
292 328
293 328
293 329
294 295
294 329
294 330
294 331
295 330
295 331
295 332
296 297
296 332
296 333
296 334
297 298
297 333
297 334
297 335
298 299
298 334
298 335
298 336
299 335
299 336
299 337
300 301
300 338
301 302
301 339
302 303
302 339
302 340
303 304
303 339
303 340
303 341
304 340
304 341
304 342
305 306
305 342
305 343
306 307
306 343
307 308
307 343
307 344
308 309
308 344
309 310
309 344
309 345
310 311
310 345
310 346
311 312
311 345
311 346
311 347
312 346
312 347
312 348
313 314
313 348
313 349
313 350
314 315
314 349
314 350
314 351
315 316
315 350
315 351
315 352
316 317
316 351
316 352
316 353
317 318
317 352
317 353
317 354
318 319
318 353
318 354
318 355
319 354
319 355
319 356
320 356
320 357
320 358
321 322
321 358
321 359
322 359
323 324
323 360
323 361
324 325
324 360
324 361
324 362
325 326
325 361
325 362
325 363
326 362
326 363
326 364
327 328
327 364
327 365
327 366
328 365
328 366
328 367
329 330
329 367
330 331
331 332
331 368
332 333
332 368
332 369
333 334
333 368
333 369
334 335
334 369
334 370
335 336
335 370
336 337
336 370
336 371
337 338
337 371
337 372
338 371
338 372
338 373
339 340
339 374
339 375
340 341
340 374
340 375
341 342
341 375
341 376
342 376
342 377
343 377
343 378
343 379
344 379
344 380
345 346
345 380
345 381
345 382
346 347
346 381
346 382
347 348
347 382
348 349
348 383
349 350
349 383
349 384
350 351
350 383
350 384
350 385
351 352
351 384
351 385
351 386
352 353
352 385
352 386
352 387
353 354
353 386
353 387
353 388
354 355
354 387
354 388
354 389
355 356
355 388
355 389
356 357
356 389
357 358
358 390
359 390
359 391
360 361
360 392
361 362
361 392
361 393
362 363
362 392
362 393
362 394
363 364
363 393
363 394
363 395
364 365
364 394
364 395
364 396
365 366
365 395
365 396
365 397
366 367
366 396
366 397
367 397
367 398
368 369
368 400
368 401
368 402
369 401
369 402
369 403
370 403
370 404
370 405
371 372
371 405
371 406
371 407
372 373
372 406
372 407
372 408
373 407
373 408
373 409
374 375
374 409
374 410
374 411
375 410
375 411
375 412
376 377
376 412
376 413
376 414
377 378
377 413
377 414
377 415
378 379
378 414
378 415
378 416
379 415
379 416
379 417
380 381
380 417
380 418
381 382
381 418
382 418
382 419
383 384
383 420
383 421
383 422
384 385
384 421
384 422
384 423
385 386
385 422
385 423
385 424
386 387
386 423
386 424
387 388
387 424
387 425
388 389
388 425
388 426
389 425
389 426
389 427
390 391
390 429
391 429
392 393
392 430
392 431
393 394
393 431
393 432
394 395
394 431
394 432
394 433
395 396
395 432
395 433
395 434
396 397
396 433
396 434
396 435
397 434
397 435
397 436
398 399
398 436
398 437
399 400
399 437
399 438
400 401
400 437
400 438
400 439
401 402
401 438
401 439
401 440
402 403
402 439
402 440
402 441
403 404
403 440
403 441
403 442
404 405
404 441
404 442
405 406
405 442
405 443
406 407
406 443
406 444
407 408
407 443
407 444
408 409
408 444
408 445
409 410
409 445
409 446
410 411
410 445
410 446
411 412
411 446
411 447
412 413
412 447
412 448
413 414
413 447
413 448
413 449
414 415
414 448
414 449
415 416
415 449
415 450
416 417
416 450
417 450
417 451
418 451
418 452
419 420
419 452
420 421
420 453
421 422
421 453
421 454
422 423
422 453
422 454
422 455
423 424
423 454
423 455
423 456
424 455
424 456
425 426
425 457
425 458
426 427
426 457
426 458
426 459
427 428
427 458
427 459
427 460
428 459
428 460
428 461
429 462
429 463
430 464
430 465
431 432
431 465
431 466
432 433
432 466
432 467
433 434
433 466
433 467
434 435
434 467
434 468
435 436
435 468
435 469
436 468
436 469
436 470
437 438
437 470
438 439
438 471
439 440
439 471
439 472
440 441
440 471
440 472
441 442
441 472
441 473
442 473
442 474
443 444
443 474
443 475
443 476
444 475
444 476
444 477
445 446
445 477
445 478
446 478
446 479
447 448
447 479
447 480
447 481
448 449
448 480
448 481
448 482
449 481
449 482
449 483
450 483
450 484
451 485
451 486
452 486
452 487
452 488
453 454
453 489
453 490
453 491
454 455
454 490
454 491
454 492
455 456
455 491
455 492
456 492
456 493
457 458
457 493
457 494
458 459
458 494
458 495
459 460
459 495
460 461
460 495
460 496
461 462
461 496
461 497
462 463
462 496
462 497
462 498
463 497
463 498
464 465
464 499
464 500
465 499
465 500
466 467
466 501
466 502
467 501
467 502
467 503
468 469
468 503
468 504
468 505
469 470
469 504
469 505
469 506
470 505
470 506
470 507
471 472
471 508
472 508
472 509
473 474
473 509
473 510
473 511
474 475
474 510
474 511
474 512
475 476
475 511
475 512
475 513
476 477
476 512
476 513
476 514
477 478
477 513
477 514
477 515
478 514
478 515
478 516
479 480
479 516
479 517
480 481
480 517
481 482
481 518
482 483
482 518
483 484
483 518
483 519
484 519
484 520
485 486
485 520
485 521
485 522
486 487
486 521
486 522
486 523
487 488
487 522
487 523
487 524
488 489
488 523
488 524
488 525
489 490
489 524
489 525
489 526
490 491
490 525
490 526
490 527
491 492
491 526
491 527
491 528
492 527
492 528
493 494
493 529
493 530
494 529
494 530
494 531
495 531
495 532
495 533
496 497
496 533
496 534
496 535
497 498
497 534
497 535
497 536
498 535
498 536
499 500
499 537
500 537
500 538
501 502
501 538
501 539
502 503
502 539
503 504
503 539
503 540
504 505
504 540
504 541
505 506
505 540
505 541
505 542
506 507
506 541
506 542
506 543
507 542
507 543
507 544
508 544
508 545
508 546
509 510
509 546
509 547
509 548
510 511
510 547
510 548
510 549
511 512
511 548
511 549
511 550
512 513
512 549
512 550
513 514
513 550
513 551
514 515
514 551
515 516
515 551
515 552
516 517
516 552
516 553
517 552
517 553
518 554
518 555
519 520
519 556
519 557
520 521
520 556
520 557
520 558
521 522
521 557
521 558
522 523
522 558
522 559
523 524
523 559
523 560
524 525
524 559
524 560
525 526
525 560
526 527
526 561
527 528
527 561
527 562
528 561
528 562
529 530
529 563
530 531
530 563
530 564
531 532
531 563
531 564
531 565
532 533
532 564
532 565
532 566
533 534
533 565
533 566
533 567
534 535
534 566
534 567
535 536
535 567
537 538
537 568
537 569
538 569
538 570
539 570
539 571
539 572
540 541
540 572
540 573
540 574
541 542
541 573
541 574
542 543
542 574
542 575
543 544
543 575
544 545
544 575
544 576
545 546
545 576
545 577
546 547
546 576
546 577
547 548
547 577
547 578
548 549
548 578
548 579
549 550
549 578
549 579
549 580
550 579
550 580
550 581
551 581
552 553
552 582
552 583
553 582
553 583
553 584
554 555
554 584
554 585
555 585
555 586
556 557
556 586
556 587
556 588
557 558
557 587
557 588
558 588
558 589
559 560
559 589
559 590
559 591
560 590
560 591
560 592
561 562
561 593
562 593
562 594
563 564
563 595
563 596
563 597
564 565
564 596
564 597
564 598
565 566
565 597
565 598
565 599
566 567
566 598
566 599
566 600
567 599
567 600
567 601
568 569
568 602
568 603
569 602
569 603
570 571
570 604
570 605
571 572
571 604
571 605
571 606
572 573
572 605
572 606
573 574
573 606
573 607
574 607
574 608
575 608
575 609
576 577
576 610
577 610
578 579
578 611
578 612
579 580
579 611
579 612
579 613
580 581
580 612
580 613
581 613
581 614
582 583
582 615
582 616
583 584
583 615
583 616
583 617
584 585
584 616
584 617
584 618
585 617
585 618
585 619
586 587
586 619
586 620
586 621
587 588
587 620
587 621
587 622
588 621
588 622
588 623
589 590
589 623
589 624
590 591
590 624
591 592
591 624
591 625
592 625
592 626
593 626
593 627
593 628
594 595
594 628
594 629
594 630
595 596
595 629
595 630
596 597
596 630
596 631
597 598
597 631
597 632
598 599
598 631
598 632
598 633
599 600
599 632
599 633
599 634
600 601
600 633
600 634
600 635
601 634
601 635
601 636
602 603
602 637
602 638
603 637
603 638
603 639
604 605
604 639
604 640
604 641
605 606
605 640
605 641
605 642
606 641
606 642
606 643
607 608
607 643
607 644
608 609
608 644
608 645
609 645
609 646
610 647
610 648
610 649
611 612
611 649
611 650
612 613
612 650
612 651
613 650
613 651
613 652
614 652
614 653
614 654
615 616
615 654
615 655
616 617
616 655
616 656
617 618
617 655
617 656
617 657
618 619
618 656
618 657
618 658
619 620
619 657
619 658
619 659
620 621
620 658
620 659
621 622
621 659
621 660
622 623
622 660
623 660
623 661
624 661
624 662
625 626
625 663
626 627
626 663
626 664
627 628
627 663
627 664
627 665
628 629
628 664
628 665
628 666
629 630
629 665
629 666
629 667
630 666
630 667
630 668
631 632
631 668
631 669
631 670
632 633
632 669
632 670
633 634
633 670
633 671
634 635
634 671
635 636
635 671
635 672
636 672
637 638
637 673
638 639
638 673
639 640
639 673
639 674
640 641
640 674
640 675
641 642
641 674
641 675
641 676
642 643
642 675
642 676
643 644
643 676
643 677
644 677
644 678
645 646
645 678
645 679
645 680
646 647
646 679
646 680
646 681
647 648
647 680
647 681
647 682
648 649
648 681
648 682
648 683
649 682
649 683
649 684
650 651
650 684
650 685
650 686
651 652
651 685
651 686
651 687
652 653
652 686
652 687
652 688
653 654
653 687
653 688
653 689
654 688
654 689
655 656
655 690
655 691
656 657
656 690
656 691
656 692
657 658
657 691
657 692
657 693
658 659
658 692
658 693
658 694
659 693
659 694
660 695
660 696
661 662
661 696
661 697
661 698
662 697
662 698
662 699
663 664
663 700
663 701
663 702
664 665
664 701
664 702
665 666
665 702
665 703
666 667
666 703
667 668
667 703
667 704
668 669
668 704
669 670
669 704
669 705
670 705
670 706
671 706
671 707
671 708
672 708
672 709
673 710
673 711
673 712
674 675
674 712
675 676
675 713
676 713
676 714
677 678
677 714
677 715
678 679
678 715
678 716
679 680
679 715
679 716
679 717
680 681
680 716
680 717
681 682
681 717
681 718
682 683
682 718
682 719
683 684
683 718
683 719
683 720
684 685
684 719
684 720
684 721
685 686
685 720
685 721
685 722
686 687
686 721
686 722
686 723
687 688
687 722
687 723
687 724
688 689
688 723
688 724
688 725
689 724
689 725
690 691
690 726
691 692
691 726
691 727
692 693
692 727
693 694
693 727
693 728
694 728
694 729
695 696
695 729
696 697
696 730
697 698
697 730
697 731
698 699
698 730
698 731
698 732
699 700
699 731
699 732
699 733
700 701
700 732
700 733
700 734
701 702
701 733
701 734
702 734
702 735
703 735
703 736
703 737
704 737
704 738
705 706
705 739
705 740
706 707
706 739
706 740
706 741
707 708
707 740
707 741
707 742
708 709
708 741
708 742
708 743
709 742
709 743
710 711
710 744
711 712
711 744
711 745
712 745
712 746
713 714
713 747
713 748
713 749
714 748
714 749
714 750
715 716
715 750
715 751
715 752
716 717
716 751
716 752
717 752
717 753
718 719
718 753
718 754
719 720
719 754
719 755
720 721
720 755
721 722
721 755
721 756
722 723
722 756
722 757
723 724
723 756
723 757
724 725
724 757
724 758
725 758
725 759
726 759
726 760
726 761
727 761
727 762
727 763
728 729
728 763
728 764
728 765
729 764
729 765
729 766
730 731
730 767
730 768
731 732
731 767
731 768
731 769
732 733
732 768
732 769
732 770
733 734
733 769
733 770
734 770
734 771
735 736
735 771
735 772
735 773
736 737
736 772
736 773
737 738
737 773
737 774
738 774
738 775
739 740
739 775
739 776
739 777
740 741
740 776
740 777
740 778
741 742
741 777
741 778
742 743
742 778
742 779
743 779
744 780
744 781
745 746
745 781
745 782
746 747
746 782
746 783
747 748
747 782
747 783
748 749
748 783
748 784
749 750
749 784
749 785
750 751
750 784
750 785
751 752
751 785
751 786
752 786
752 787
753 754
753 787
753 788
753 789
754 788
754 789
754 790
755 790
755 791
756 757
756 792
756 793
757 792
757 793
757 794
758 759
758 794
758 795
759 760
759 795
760 761
760 795
760 796
761 762
761 796
761 797
762 763
762 796
762 797
762 798
763 764
763 797
763 798
763 799
764 765
764 798
764 799
764 800
765 766
765 799
765 800
766 800
766 801
767 768
767 801
767 802
767 803
768 769
768 802
768 803
768 804
769 770
769 803
769 804
770 804
771 772
771 805
771 806
772 773
772 805
772 806
772 807
773 806
773 807
774 775
774 808
774 809
775 776
775 808
775 809
775 810
776 777
776 809
776 810
776 811
777 778
777 810
777 811
777 812
778 811
778 812
778 813
779 813
779 814
780 781
780 815
780 816
781 815
781 816
781 817
782 783
782 817
782 818
783 818
783 819
784 785
784 819
784 820
784 821
785 820
785 821
786 787
786 822
786 823
787 788
787 822
787 823
787 824
788 789
788 823
788 824
788 825
789 790
789 824
789 825
789 826
790 791
790 825
790 826
791 826
791 827
792 793
792 827
792 828
792 829
793 794
793 828
793 829
793 830
794 829
794 830
794 831
795 831
795 832
795 833
796 797
796 833
796 834
796 835
797 798
797 834
797 835
798 799
798 835
798 836
799 800
799 836
799 837
800 836
800 837
800 838
801 802
801 838
801 839
801 840
802 803
802 839
802 840
802 841
803 804
803 840
803 841
803 842
804 841
804 842
804 843
805 806
805 844
805 845
805 846
806 807
806 845
806 846
806 847
807 846
807 847
807 848
808 809
808 848
808 849
809 810
809 849
809 850
810 811
810 849
810 850
810 851
811 812
811 850
811 851
811 852
812 813
812 851
812 852
812 853
813 814
813 852
813 853
813 854
814 853
814 854
815 816
815 855
816 817
816 855
816 856
817 818
817 856
817 857
818 856
818 857
818 858
819 820
819 858
819 859
819 860
820 821
820 859
820 860
820 861
821 860
821 861
822 823
822 862
822 863
823 824
823 862
823 863
823 864
824 825
824 863
824 864
825 826
825 864
825 865
826 865
826 866
827 828
827 866
827 867
827 868
828 829
828 867
828 868
828 869
829 830
829 868
829 869
829 870
830 831
830 869
830 870
830 871
831 832
831 870
831 871
831 872
832 833
832 871
832 872
832 873
833 834
833 872
833 873
833 874
834 835
834 873
834 874
835 874
836 837
836 875
836 876
837 838
837 875
837 876
837 877
838 839
838 876
838 877
838 878
839 840
839 877
839 878
840 841
840 878
840 879
841 842
841 879
841 880
842 843
842 879
842 880
842 881
843 844
843 880
843 881
844 845
844 881
844 882
845 846
845 882
845 883
846 847
846 882
846 883
846 884
847 848
847 883
847 884
848 884
848 885
849 850
849 885
849 886
850 851
850 886
850 887
851 852
851 887
851 888
852 853
852 887
852 888
852 889
853 854
853 888
853 889
853 890
854 889
854 890
855 891
855 892
856 857
856 892
856 893
856 894
857 858
857 893
857 894
857 895
858 859
858 894
858 895
858 896
859 860
859 895
859 896
859 897
860 861
860 896
860 897
860 898
861 897
861 898
861 899
862 863
862 899
862 900
862 901
863 864
863 900
863 901
863 902
864 901
864 902
865 866
865 903
866 867
866 903
867 868
867 904
868 869
868 904
868 905
869 870
869 904
869 905
869 906
870 871
870 905
870 906
870 907
871 872
871 906
871 907
871 908
872 873
872 907
872 908
872 909
873 874
873 908
873 909
873 910
874 909
874 910
874 911
875 876
875 912
875 913
876 877
876 912
876 913
876 914
877 878
877 913
877 914
877 915
878 914
878 915
879 880
879 916
879 917
880 881
880 916
880 917
880 918
881 917
881 918
881 919
882 883
882 919
882 920
883 884
883 920
883 921
884 920
884 921
884 922
885 886
885 922
885 923
885 924
886 923
886 924
886 925
887 888
887 925
887 926
888 889
888 926
889 890
889 927
890 927
891 892
891 928
891 929
892 893
892 928
892 929
892 930
893 894
893 929
893 930
893 931
894 895
894 930
894 931
894 932
895 896
895 931
895 932
896 897
896 932
896 933
897 898
897 933
897 934
898 899
898 933
898 934
899 900
899 934
899 935
900 901
900 935
900 936
901 902
901 935
901 936
901 937
902 936
902 937
903 938
903 939
904 905
904 940
904 941
905 906
905 941
905 942
906 907
906 942
907 908
907 942
907 943
908 909
908 943
908 944
909 910
909 943
909 944
909 945
910 911
910 944
910 945
910 946
911 945
911 946
911 947
912 913
912 947
912 948
913 914
913 948
913 949
914 915
914 948
914 949
914 950
915 949
915 950
915 951
916 917
916 951
917 918
917 952
918 919
918 952
919 952
920 921
920 953
921 922
921 953
921 954
922 923
922 954
922 955
923 924
923 954
923 955
923 956
924 925
924 955
924 956
925 926
925 956
925 957
926 957
926 958
927 959
927 960
928 929
928 961
929 930
929 961
930 931
930 962
931 932
931 962
931 963
932 962
932 963
932 964
933 934
933 964
933 965
933 966
934 965
934 966
934 967
935 936
935 967
935 968
935 969
936 937
936 968
936 969
937 969
937 970
938 939
938 970
938 971
938 972
939 940
939 971
939 972
940 941
940 972
940 973
941 973
942 974
943 944
943 974
943 975
944 945
944 975
944 976
945 946
945 975
945 976
945 977
946 947
946 976
946 977
946 978
947 977
947 978
947 979
948 949
948 979
948 980
948 981
949 950
949 980
949 981
949 982
950 951
950 981
950 982
951 982
951 983
952 984
952 985
952 986
953 987
953 988
953 989
954 955
954 989
954 990
954 991
955 956
955 990
955 991
955 992
956 991
956 992
956 993
957 958
957 993
957 994
958 959
958 994
958 995
959 960
959 995
960 995
961 996
962 963
962 997
962 998
962 999
963 964
963 998
963 999
963 1000
964 965
964 999
964 1000
964 1001
965 966
965 1000
965 1001
965 1002
966 967
966 1001
966 1002
966 1003
967 968
967 1002
967 1003
967 1004
968 969
968 1003
968 1004
968 1005
969 1004
969 1005
970 971
970 1006
970 1007
971 972
971 1006
971 1007
971 1008
972 1007
972 1008
972 1009
973 1009
973 1010
973 1011
974 1012
974 1013
975 976
975 1014
975 1015
976 977
976 1014
976 1015
976 1016
977 978
977 1015
977 1016
977 1017
978 979
978 1016
978 1017
978 1018
979 980
979 1017
979 1018
980 981
980 1018
981 982
982 1019
983 984
983 1019
983 1020
983 1021
984 985
984 1020
984 1021
984 1022
985 986
985 1021
985 1022
985 1023
986 987
986 1022
986 1023
986 1024
987 988
987 1023
987 1024
987 1025
988 989
988 1024
988 1025
988 1026
989 990
989 1025
989 1026
989 1027
990 991
990 1026
990 1027
990 1028
991 992
991 1027
991 1028
992 993
992 1028
992 1029
993 994
993 1029
993 1030
994 1029
994 1030
994 1031
995 1031
995 1032
995 1033
996 1034
996 1035
997 998
997 1035
997 1036
997 1037
998 999
998 1036
998 1037
998 1038
999 1000
999 1037
999 1038
999 1039
1000 1001
1000 1038
1000 1039
1000 1040
1001 1002
1001 1039
1001 1040
1002 1003
1002 1040
1002 1041
1003 1004
1003 1041
1003 1042
1004 1005
1004 1041
1004 1042
1004 1043
1005 1042
1005 1043
1005 1044
1006 1007
1006 1044
1006 1045
1006 1046
1007 1008
1007 1045
1007 1046
1007 1047
1008 1009
1008 1046
1008 1047
1008 1048
1009 1010
1009 1047
1009 1048
1009 1049
1010 1011
1010 1048
1010 1049
1011 1012
1011 1049
1011 1050
1012 1013
1012 1050
1012 1051
1013 1050
1013 1051
1013 1052
1014 1015
1014 1052
1015 1016
1015 1053
1016 1017
1016 1053
1017 1018
1017 1053
1017 1054
1018 1054
1018 1055
1019 1020
1019 1057
1019 1058
1019 1059
1020 1021
1020 1058
1020 1059
1021 1022
1021 1059
1021 1060
1022 1023
1022 1060
1022 1061
1023 1024
1023 1060
1023 1061
1023 1062
1024 1025
1024 1061
1024 1062
1024 1063
1025 1026
1025 1062
1025 1063
1025 1064
1026 1027
1026 1063
1026 1064
1027 1028
1027 1064
1028 1065
1029 1030
1029 1065
1029 1066
1030 1031
1030 1066
1030 1067
1031 1032
1031 1067
1031 1068
1032 1033
1032 1067
1032 1068
1032 1069
1033 1068
1033 1069
1034 1035
1034 1070
1034 1071
1035 1036
1035 1070
1035 1071
1035 1072
1036 1037
1036 1071
1036 1072
1036 1073
1037 1038
1037 1072
1037 1073
1037 1074
1038 1039
1038 1073
1038 1074
1038 1075
1039 1040
1039 1074
1039 1075
1039 1076
1040 1075
1040 1076
1040 1077
1041 1042
1041 1077
1041 1078
1041 1079
1042 1043
1042 1078
1042 1079
1042 1080
1043 1044
1043 1079
1043 1080
1043 1081
1044 1045
1044 1080
1044 1081
1044 1082
1045 1046
1045 1081
1045 1082
1045 1083
1046 1047
1046 1082
1046 1083
1046 1084
1047 1048
1047 1083
1047 1084
1048 1049
1048 1084
1048 1085
1049 1085
1049 1086
1050 1051
1050 1086
1050 1087
1050 1088
1051 1052
1051 1087
1051 1088
1051 1089
1052 1088
1052 1089
1052 1090
1053 1091
1053 1092
1053 1093
1054 1055
1054 1093
1054 1094
1055 1056
1055 1094
1055 1095
1056 1057
1056 1094
1056 1095
1056 1096
1057 1058
1057 1095
1057 1096
1057 1097
1058 1059
1058 1096
1058 1097
1058 1098
1059 1097
1059 1098
1059 1099
1060 1061
1060 1099
1060 1100
1060 1101
1061 1062
1061 1100
1061 1101
1061 1102
1062 1063
1062 1101
1062 1102
1062 1103
1063 1064
1063 1102
1063 1103
1063 1104
1064 1103
1064 1104
1064 1105
1065 1066
1065 1106
1065 1107
1065 1108
1066 1107
1066 1108
1066 1109
1067 1068
1067 1109
1067 1110
1067 1111
1068 1069
1068 1110
1068 1111
1068 1112
1069 1111
1069 1112
1070 1071
1070 1113
1070 1114
1071 1072
1071 1113
1071 1114
1071 1115
1072 1073
1072 1114
1072 1115
1072 1116
1073 1074
1073 1115
1073 1116
1073 1117
1074 1075
1074 1116
1074 1117
1074 1118
1075 1076
1075 1117
1075 1118
1076 1077
1076 1118
1076 1119
1077 1078
1077 1119
1077 1120
1078 1079
1078 1119
1078 1120
1078 1121
1079 1080
1079 1120
1079 1121
1079 1122
1080 1081
1080 1121
1080 1122
1080 1123
1081 1082
1081 1122
1081 1123
1081 1124
1082 1083
1082 1123
1082 1124
1082 1125
1083 1084
1083 1124
1083 1125
1083 1126
1084 1125
1084 1126
1084 1127
1085 1086
1085 1127
1085 1128
1085 1129
1086 1087
1086 1128
1086 1129
1086 1130
1087 1088
1087 1129
1087 1130
1087 1131
1088 1089
1088 1130
1088 1131
1089 1090
1089 1131
1089 1132
1090 1091
1090 1132
1090 1133
1091 1092
1091 1132
1091 1133
1092 1093
1092 1133
1092 1134
1093 1134
1093 1135
1094 1095
1094 1135
1094 1136
1095 1096
1095 1136
1095 1137
1096 1097
1096 1137
1097 1098
1097 1137
1098 1099
1098 1138
1099 1100
1099 1138
1099 1139
1100 1101
1100 1138
1100 1139
1100 1140
1101 1102
1101 1139
1101 1140
1102 1103
1102 1140
1102 1141
1103 1104
1103 1141
1103 1142
1104 1105
1104 1141
1104 1142
1104 1143
1105 1106
1105 1142
1105 1143
1105 1144
1106 1107
1106 1143
1106 1144
1106 1145
1107 1108
1107 1144
1107 1145
1107 1146
1108 1109
1108 1145
1108 1146
1109 1110
1109 1146
1109 1147
1110 1111
1110 1147
1110 1148
1111 1112
1111 1147
1111 1148
1111 1149
1112 1148
1112 1149
1113 1114
1113 1150
1113 1151
1114 1115
1114 1150
1114 1151
1114 1152
1115 1116
1115 1151
1115 1152
1115 1153
1116 1117
1116 1152
1116 1153
1116 1154
1117 1118
1117 1153
1117 1154
1117 1155
1118 1154
1118 1155
1118 1156
1119 1120
1119 1156
1119 1157
1119 1158
1120 1121
1120 1157
1120 1158
1120 1159
1121 1122
1121 1158
1121 1159
1121 1160
1122 1123
1122 1159
1122 1160
1122 1161
1123 1124
1123 1160
1123 1161
1123 1162
1124 1125
1124 1161
1124 1162
1124 1163
1125 1126
1125 1162
1125 1163
1125 1164
1126 1127
1126 1163
1126 1164
1126 1165
1127 1128
1127 1164
1127 1165
1127 1166
1128 1129
1128 1165
1128 1166
1128 1167
1129 1130
1129 1166
1129 1167
1129 1168
1130 1131
1130 1167
1130 1168
1130 1169
1131 1168
1131 1169
1132 1133
1132 1170
1132 1171
1133 1170
1133 1171
1133 1172
1134 1135
1134 1172
1134 1173
1135 1136
1135 1173
1135 1174
1136 1174
1137 1175
1137 1176
1138 1139
1138 1177
1138 1178
1138 1179
1139 1140
1139 1178
1139 1179
1139 1180
1140 1179
1140 1180
1141 1142
1141 1181
1141 1182
1142 1143
1142 1181
1142 1182
1142 1183
1143 1144
1143 1182
1143 1183
1144 1145
1144 1183
1144 1184
1145 1146
1145 1184
1145 1185
1146 1184
1146 1185
1147 1148
1147 1186
1148 1149
1148 1186
1148 1187
1149 1186
1149 1187
1150 1151
1150 1188
1150 1189
1151 1152
1151 1188
1151 1189
1151 1190
1152 1153
1152 1189
1152 1190
1152 1191
1153 1154
1153 1190
1153 1191
1153 1192
1154 1155
1154 1191
1154 1192
1155 1156
1155 1192
1155 1193
1156 1157
1156 1193
1156 1194
1157 1158
1157 1193
1157 1194
1157 1195
1158 1159
1158 1194
1158 1195
1158 1196
1159 1160
1159 1195
1159 1196
1160 1161
1160 1196
1161 1162
1161 1197
1162 1163
1162 1197
1162 1198
1163 1164
1163 1197
1163 1198
1163 1199
1164 1165
1164 1198
1164 1199
1165 1166
1165 1199
1165 1200
1166 1167
1166 1200
1166 1201
1167 1168
1167 1200
1167 1201
1168 1169
1168 1201
1170 1171
1170 1202
1171 1172
1171 1202
1171 1203
1172 1173
1172 1202
1172 1203
1172 1204
1173 1203
1173 1204
1174 1205
1174 1206
1175 1176
1175 1206
1175 1207
1175 1208
1176 1177
1176 1207
1176 1208
1176 1209
1177 1178
1177 1208
1177 1209
1177 1210
1178 1179
1178 1209
1178 1210
1178 1211
1179 1180
1179 1210
1179 1211
1179 1212
1180 1211
1180 1212
1180 1213
1181 1182
1181 1213
1181 1214
1182 1183
1182 1214
1183 1215
1184 1185
1184 1215
1184 1216
1185 1216
1185 1217
1186 1187
1186 1218
1186 1219
1186 1220
1187 1219
1187 1220
1188 1189
1188 1221
1188 1222
1189 1190
1189 1221
1189 1222
1189 1223
1190 1191
1190 1222
1190 1223
1190 1224
1191 1192
1191 1223
1191 1224
1191 1225
1192 1224
1192 1225
1192 1226
1193 1194
1193 1226
1193 1227
1194 1195
1194 1227
1194 1228
1195 1196
1195 1227
1195 1228
1195 1229
1196 1228
1196 1229
1197 1198
1197 1230
1197 1231
1197 1232
1198 1199
1198 1231
1198 1232
1198 1233
1199 1232
1199 1233
1199 1234
1200 1201
1200 1234
1200 1235
1201 1235
1201 1236
1202 1203
1202 1239
1202 1240
1202 1241
1203 1204
1203 1240
1203 1241
1204 1241
1204 1242
1205 1206
1205 1242
1205 1243
1205 1244
1206 1207
1206 1243
1206 1244
1206 1245
1207 1208
1207 1244
1207 1245
1207 1246
1208 1209
1208 1245
1208 1246
1208 1247
1209 1210
1209 1246
1209 1247
1209 1248
1210 1211
1210 1247
1210 1248
1210 1249
1211 1212
1211 1248
1211 1249
1211 1250
1212 1213
1212 1249
1212 1250
1212 1251
1213 1214
1213 1250
1213 1251
1213 1252
1214 1251
1214 1252
1214 1253
1215 1216
1215 1254
1215 1255
1215 1256
1216 1255
1216 1256
1216 1257
1217 1218
1217 1257
1217 1258
1217 1259
1218 1219
1218 1258
1218 1259
1218 1260
1219 1220
1219 1259
1219 1260
1219 1261
1220 1260
1220 1261
1221 1222
1221 1262
1221 1263
1222 1223
1222 1262
1222 1263
1222 1264
1223 1224
1223 1263
1223 1264
1223 1265
1224 1225
1224 1264
1224 1265
1225 1226
1225 1265
1225 1266
1226 1266
1226 1267
1227 1228
1227 1267
1227 1268
1227 1269
1228 1229
1228 1268
1228 1269
1229 1269
1230 1231
1230 1270
1231 1232
1231 1270
1231 1271
1232 1233
1232 1271
1232 1272
1233 1234
1233 1271
1233 1272
1233 1273
1234 1272
1234 1273
1234 1274
1235 1236
1235 1274
1235 1275
1235 1276
1236 1237
1236 1275
1236 1276
1236 1277
1237 1238
1237 1276
1237 1277
1237 1278
1238 1239
1238 1277
1238 1278
1238 1279
1239 1240
1239 1278
1239 1279
1239 1280
1240 1241
1240 1279
1240 1280
1240 1281
1241 1280
1241 1281
1241 1282
1242 1243
1242 1282
1242 1283
1242 1284
1243 1244
1243 1283
1243 1284
1243 1285
1244 1245
1244 1284
1244 1285
1244 1286
1245 1246
1245 1285
1245 1286
1246 1247
1246 1286
1247 1248
1247 1287
1248 1249
1248 1287
1248 1288
1249 1250
1249 1287
1249 1288
1249 1289
1250 1251
1250 1288
1250 1289
1251 1252
1251 1289
1251 1290
1252 1253
1252 1290
1252 1291
1253 1254
1253 1290
1253 1291
1253 1292
1254 1255
1254 1291
1254 1292
1254 1293
1255 1256
1255 1292
1255 1293
1255 1294
1256 1257
1256 1293
1256 1294
1257 1258
1257 1294
1257 1295
1258 1259
1258 1295
1258 1296
1259 1260
1259 1295
1259 1296
1260 1261
1260 1296
1260 1297
1261 1297
1262 1263
1262 1298
1262 1299
1263 1264
1263 1298
1263 1299
1263 1300
1264 1265
1264 1299
1264 1300
1265 1300
1265 1301
1266 1267
1266 1301
1266 1302
1266 1303
1267 1268
1267 1302
1267 1303
1267 1304
1268 1269
1268 1303
1268 1304
1268 1305
1269 1304
1269 1305
1269 1306
1270 1307
1270 1308
1270 1309
1271 1272
1271 1309
1271 1310
1272 1273
1272 1310
1272 1311
1273 1274
1273 1311
1273 1312
1274 1275
1274 1311
1274 1312
1274 1313
1275 1276
1275 1312
1275 1313
1275 1314
1276 1277
1276 1313
1276 1314
1277 1278
1277 1314
1277 1315
1278 1279
1278 1315
1278 1316
1279 1280
1279 1315
1279 1316
1279 1317
1280 1281
1280 1316
1280 1317
1280 1318
1281 1282
1281 1317
1281 1318
1281 1319
1282 1283
1282 1318
1282 1319
1282 1320
1283 1284
1283 1319
1283 1320
1283 1321
1284 1285
1284 1320
1284 1321
1284 1322
1285 1286
1285 1321
1285 1322
1285 1323
1286 1322
1286 1323
1286 1324
1287 1288
1287 1325
1287 1326
1287 1327
1288 1289
1288 1326
1288 1327
1288 1328
1289 1327
1289 1328
1289 1329
1290 1291
1290 1329
1290 1330
1290 1331
1291 1292
1291 1330
1291 1331
1291 1332
1292 1293
1292 1331
1292 1332
1292 1333
1293 1294
1293 1332
1293 1333
1293 1334
1294 1333
1294 1334
1294 1335
1295 1296
1295 1335
1295 1336
1295 1337
1296 1336
1296 1337
1296 1338
1297 1338
1298 1299
1298 1339
1299 1300
1299 1339
1299 1340
1300 1340
1300 1341
1301 1302
1301 1341
1301 1342
1301 1343
1302 1303
1302 1342
1302 1343
1302 1344
1303 1304
1303 1343
1303 1344
1303 1345
1304 1305
1304 1344
1304 1345
1305 1306
1305 1345
1306 1307
1307 1308
1307 1346
1308 1309
1308 1346
1308 1347
1309 1310
1309 1346
1309 1347
1309 1348
1310 1347
1310 1348
1310 1349
1311 1312
1311 1349
1311 1350
1311 1351
1312 1313
1312 1350
1312 1351
1312 1352
1313 1314
1313 1351
1313 1352
1313 1353
1314 1352
1314 1353
1314 1354
1315 1316
1315 1354
1315 1355
1315 1356
1316 1317
1316 1355
1316 1356
1316 1357
1317 1318
1317 1356
1317 1357
1317 1358
1318 1319
1318 1357
1318 1358
1319 1320
1319 1358
1319 1359
1320 1321
1320 1359
1320 1360
1321 1322
1321 1359
1321 1360
1321 1361
1322 1323
1322 1360
1322 1361
1322 1362
1323 1324
1323 1361
1323 1362
1323 1363
1324 1325
1324 1362
1324 1363
1324 1364
1325 1326
1325 1363
1325 1364
1326 1327
1326 1364
1326 1365
1327 1328
1327 1365
1328 1329
1328 1365
1328 1366
1329 1330
1329 1366
1329 1367
1330 1331
1330 1366
1330 1367
1330 1368
1331 1332
1331 1367
1331 1368
1331 1369
1332 1333
1332 1368
1332 1369
1332 1370
1333 1334
1333 1369
1333 1370
1333 1371
1334 1335
1334 1370
1334 1371
1335 1336
1335 1371
1335 1372
1336 1337
1336 1372
1336 1373
1337 1338
1337 1372
1337 1373
1337 1374
1338 1373
1338 1374
1338 1375
1339 1376
1339 1377
1340 1341
1340 1377
1340 1378
1341 1342
1341 1378
1341 1379
1342 1343
1342 1379
1342 1380
1343 1344
1343 1379
1343 1380
1343 1381
1344 1345
1344 1380
1344 1381
1344 1382
1345 1381
1345 1382
1346 1347
1346 1384
1346 1385
1347 1348
1347 1385
1347 1386
1348 1349
1348 1385
1348 1386
1349 1350
1349 1386
1349 1387
1350 1351
1350 1387
1350 1388
1351 1352
1351 1387
1351 1388
1351 1389
1352 1353
1352 1388
1352 1389
1352 1390
1353 1354
1353 1389
1353 1390
1353 1391
1354 1355
1354 1390
1354 1391
1354 1392
1355 1356
1355 1391
1355 1392
1355 1393
1356 1357
1356 1392
1356 1393
1356 1394
1357 1358
1357 1393
1357 1394
1358 1394
1358 1395
1359 1360
1359 1395
1359 1396
1360 1361
1360 1396
1360 1397
1361 1362
1361 1397
1361 1398
1362 1363
1362 1397
1362 1398
1362 1399
1363 1364
1363 1398
1363 1399
1363 1400
1364 1399
1364 1400
1365 1401
1365 1402
1366 1367
1366 1402
1366 1403
1366 1404
1367 1368
1367 1403
1367 1404
1367 1405
1368 1369
1368 1404
1368 1405
1368 1406
1369 1370
1369 1405
1369 1406
1370 1371
1370 1406
1370 1407
1371 1407
1371 1408
1372 1373
1372 1408
1372 1409
1372 1410
1373 1374
1373 1409
1373 1410
1374 1375
1374 1410
1374 1411
1375 1411
1376 1377
1376 1412
1377 1378
1377 1412
1377 1413
1378 1413
1378 1414
1379 1380
1379 1414
1379 1415
1380 1381
1380 1415
1380 1416
1381 1382
1381 1415
1381 1416
1382 1416
1382 1417
1383 1384
1383 1417
1383 1418
1384 1418
1384 1419
1385 1386
1385 1419
1385 1420
1385 1421
1386 1420
1386 1421
1387 1388
1387 1422
1387 1423
1388 1389
1388 1422
1388 1423
1388 1424
1389 1390
1389 1423
1389 1424
1389 1425
1390 1391
1390 1424
1390 1425
1390 1426
1391 1392
1391 1425
1391 1426
1391 1427
1392 1393
1392 1426
1392 1427
1392 1428
1393 1394
1393 1427
1393 1428
1393 1429
1394 1428
1394 1429
1394 1430
1395 1396
1395 1430
1395 1431
1396 1431
1397 1398
1397 1432
1398 1399
1398 1432
1398 1433
1399 1400
1399 1433
1400 1433
1400 1434
1401 1402
1401 1434
1401 1435
1401 1436
1402 1403
1402 1435
1402 1436
1402 1437
1403 1404
1403 1436
1403 1437
1403 1438
1404 1405
1404 1437
1404 1438
1404 1439
1405 1406
1405 1438
1405 1439
1405 1440
1406 1439
1406 1440
1406 1441
1407 1408
1407 1441
1407 1442
1407 1443
1408 1409
1408 1442
1408 1443
1409 1410
1409 1443
1409 1444
1410 1444
1410 1445
1411 1445
1411 1446
1412 1447
1413 1414
1413 1448
1414 1448
1414 1449
1415 1416
1415 1449
1415 1450
1416 1450
1417 1451
1417 1452
1418 1419
1418 1452
1418 1453
1419 1420
1419 1453
1419 1454
1420 1421
1420 1453
1420 1454
1420 1455
1421 1454
1421 1455
1421 1456
1422 1423
1422 1456
1422 1457
1422 1458
1423 1424
1423 1457
1423 1458
1423 1459
1424 1425
1424 1458
1424 1459
1424 1460
1425 1426
1425 1459
1425 1460
1425 1461
1426 1427
1426 1460
1426 1461
1426 1462
1427 1428
1427 1461
1427 1462
1427 1463
1428 1429
1428 1462
1428 1463
1428 1464
1429 1430
1429 1463
1429 1464
1430 1464
1430 1465
1431 1465
1431 1466
1431 1467
1432 1467
1432 1468
1433 1468
1433 1469
1433 1470
1434 1435
1434 1470
1434 1471
1435 1436
1435 1471
1435 1472
1436 1437
1436 1472
1436 1473
1437 1438
1437 1472
1437 1473
1437 1474
1438 1439
1438 1473
1438 1474
1439 1440
1439 1474
1439 1475
1440 1441
1440 1475
1440 1476
1441 1442
1441 1475
1441 1476
1441 1477
1442 1443
1442 1476
1442 1477
1442 1478
1443 1477
1443 1478
1443 1479
1444 1445
1444 1479
1444 1480
1444 1481
1445 1446
1445 1480
1445 1481
1446 1481
1447 1482
1447 1483
1448 1483
1448 1484
1448 1485
1449 1450
1449 1485
1449 1486
1450 1486
1450 1487
1451 1452
1451 1488
1452 1488
1452 1489
1453 1454
1453 1489
1453 1490
1453 1491
1454 1455
1454 1490
1454 1491
1454 1492
1455 1456
1455 1491
1455 1492
1455 1493
1456 1457
1456 1492
1456 1493
1456 1494
1457 1458
1457 1493
1457 1494
1458 1459
1458 1494
1458 1495
1459 1460
1459 1495
1459 1496
1460 1461
1460 1495
1460 1496
1460 1497
1461 1462
1461 1496
1461 1497
1461 1498
1462 1463
1462 1497
1462 1498
1462 1499
1463 1464
1463 1498
1463 1499
1463 1500
1464 1499
1464 1500
1464 1501
1465 1466
1465 1501
1465 1502
1466 1467
1466 1502
1466 1503
1467 1503
1468 1469
1468 1504
1468 1505
1469 1470
1469 1504
1469 1505
1469 1506
1470 1471
1470 1505
1470 1506
1470 1507
1471 1506
1471 1507
1471 1508
1472 1473
1472 1508
1472 1509
1472 1510
1473 1474
1473 1509
1473 1510
1473 1511
1474 1510
1474 1511
1474 1512
1475 1476
1475 1512
1475 1513
1476 1477
1476 1513
1476 1514
1477 1478
1477 1514
1477 1515
1478 1479
1478 1514
1478 1515
1478 1516
1479 1480
1479 1515
1479 1516
1479 1517
1480 1481
1480 1516
1480 1517
1480 1518
1481 1517
1481 1518
1481 1519
1482 1483
1482 1520
1482 1521
1483 1484
1483 1520
1483 1521
1484 1485
1484 1521
1484 1522
1485 1522
1485 1523
1486 1487
1486 1523
1486 1524
1486 1525
1487 1524
1487 1525
1487 1526
1488 1489
1488 1527
1488 1528
1489 1490
1489 1527
1489 1528
1489 1529
1490 1491
1490 1528
1490 1529
1490 1530
1491 1492
1491 1529
1491 1530
1492 1493
1492 1530
1492 1531
1493 1494
1493 1531
1494 1531
1494 1532
1495 1496
1495 1532
1495 1533
1495 1534
1496 1497
1496 1533
1496 1534
1496 1535
1497 1498
1497 1534
1497 1535
1498 1499
1498 1535
1498 1536
1499 1500
1499 1536
1499 1537
1500 1501
1500 1536
1500 1537
1500 1538
1501 1502
1501 1537
1501 1538
1502 1538
1503 1539
1503 1540
1504 1505
1504 1540
1504 1541
1504 1542
1505 1506
1505 1541
1505 1542
1505 1543
1506 1507
1506 1542
1506 1543
1506 1544
1507 1508
1507 1543
1507 1544
1508 1509
1508 1544
1508 1545
1509 1510
1509 1545
1509 1546
1510 1511
1510 1545
1510 1546
1510 1547
1511 1512
1511 1546
1511 1547
1512 1513
1512 1547
1512 1548
1513 1548
1513 1549
1514 1515
1514 1549
1514 1550
1515 1516
1515 1550
1515 1551
1516 1517
1516 1551
1517 1518
1517 1551
1517 1552
1518 1519
1518 1552
1519 1552
1520 1521
1521 1553
1522 1523
1522 1553
1522 1554
1522 1555
1523 1524
1523 1554
1523 1555
1523 1556
1524 1525
1524 1555
1524 1556
1524 1557
1525 1526
1525 1556
1525 1557
1526 1557
1526 1558
1527 1528
1527 1558
1527 1559
1527 1560
1528 1529
1528 1559
1528 1560
1528 1561
1529 1530
1529 1560
1529 1561
1529 1562
1530 1561
1530 1562
1530 1563
1531 1563
1531 1564
1531 1565
1532 1533
1532 1565
1532 1566
1532 1567
1533 1534
1533 1566
1533 1567
1533 1568
1534 1535
1534 1567
1534 1568
1535 1568
1535 1569
1536 1537
1536 1569
1536 1570
1537 1538
1537 1570
1537 1571
1538 1571
1538 1572
1539 1540
1539 1573
1539 1574
1540 1541
1540 1573
1540 1574
1540 1575
1541 1542
1541 1574
1541 1575
1541 1576
1542 1543
1542 1575
1542 1576
1542 1577
1543 1544
1543 1576
1543 1577
1543 1578
1544 1577
1544 1578
1544 1579
1545 1546
1545 1579
1545 1580
1546 1547
1546 1580
1547 1580
1547 1581
1548 1549
1548 1581
1548 1582
1549 1550
1549 1582
1549 1583
1550 1582
1550 1583
1550 1584
1551 1584
1551 1585
1551 1586
1552 1586
1552 1587
1552 1588
1553 1554
1553 1590
1554 1555
1554 1590
1554 1591
1555 1556
1555 1590
1555 1591
1555 1592
1556 1557
1556 1591
1556 1592
1556 1593
1557 1592
1557 1593
1558 1559
1558 1594
1558 1595
1559 1560
1559 1594
1559 1595
1559 1596
1560 1561
1560 1595
1560 1596
1560 1597
1561 1562
1561 1596
1561 1597
1562 1563
1562 1597
1562 1598
1563 1564
1563 1598
1564 1565
1564 1598
1564 1599
1565 1566
1565 1599
1565 1600
1566 1567
1566 1599
1566 1600
1566 1601
1567 1568
1567 1600
1567 1601
1567 1602
1568 1601
1568 1602
1569 1570
1569 1603
1569 1604
1570 1603
1570 1604
1570 1605
1571 1572
1571 1605
1571 1606
1572 1606
1572 1607
1573 1574
1573 1607
1573 1608
1574 1575
1574 1608
1575 1576
1575 1609
1576 1577
1576 1609
1577 1578
1577 1609
1578 1579
1578 1610
1579 1610
1579 1611
1580 1611
1580 1612
1580 1613
1581 1613
1581 1614
1581 1615
1582 1583
1582 1615
1583 1584
1583 1616
1584 1585
1584 1616
1584 1617
1585 1586
1585 1616
1585 1617
1586 1587
1586 1617
1586 1618
1587 1588
1587 1618
1587 1619
1588 1618
1588 1619
1590 1591
1591 1592
1592 1593
1594 1595
1595 1596
1596 1597
1599 1600
1600 1601
1601 1602
1603 1604
1604 1605
1605 1606
1607 1608
1610 1611
1611 1612
1612 1613
1613 1614
1614 1615
1616 1617
1618 1619
