# FromNodeId	ToNodeId
0 1
0 23
0 24
1 2
1 23
1 24
2 3
2 24
2 25
3 25
3 26
4 5
4 27
4 28
5 27
5 28
5 29
6 7
6 29
6 30
6 31
7 8
7 30
7 31
7 32
8 31
8 32
8 33
9 10
9 34
9 35
9 36
10 11
10 35
10 36
10 37
11 12
11 36
11 37
11 38
12 13
12 37
12 38
12 39
13 14
13 38
13 39
13 40
14 15
14 39
14 40
14 41
15 16
15 40
15 41
15 42
16 17
16 41
16 42
17 42
17 43
18 19
18 43
18 44
18 45
19 20
19 44
19 45
19 46
20 21
20 45
20 46
21 22
21 46
22 47
23 24
23 48
24 48
25 26
25 49
25 50
26 49
26 50
26 51
27 28
27 51
27 52
27 53
28 29
28 52
28 53
28 54
29 30
29 53
29 54
29 55
30 31
30 54
30 55
30 56
31 32
31 55
31 56
32 33
32 56
32 57
33 34
33 57
33 58
34 35
34 57
34 58
34 59
35 36
35 58
35 59
35 60
36 37
36 59
36 60
36 61
37 38
37 60
37 61
38 39
38 61
39 40
40 41
40 62
41 42
41 62
41 63
42 62
42 63
42 64
43 44
43 64
43 65
43 66
44 45
44 65
44 66
44 67
45 46
45 66
45 67
45 68
46 67
46 68
46 69
47 70
48 71
48 72
49 50
49 73
49 74
50 51
50 74
50 75
51 52
51 75
51 76
52 53
52 75
52 76
52 77
53 54
53 76
53 77
53 78
54 55
54 77
54 78
54 79
55 56
55 78
55 79
55 80
56 79
56 80
56 81
57 58
57 81
57 82
57 83
58 59
58 82
58 83
58 84
59 60
59 83
59 84
60 61
60 84
60 85
61 85
62 63
62 86
62 87
63 64
63 86
63 87
64 65
64 87
64 88
65 66
65 88
65 89
66 67
66 88
66 89
66 90
67 68
67 89
67 90
68 69
68 90
68 91
69 70
69 91
69 92
70 91
70 92
70 93
71 72
71 94
71 95
72 73
72 94
72 95
72 96
73 74
73 95
73 96
73 97
74 96
74 97
74 98
75 76
75 98
75 99
76 77
76 99
76 100
77 78
77 100
78 79
78 100
79 80
80 81
80 101
81 82
81 101
81 102
82 83
82 101
82 102
82 103
83 84
83 102
83 103
83 104
84 103
84 104
84 105
85 105
85 106
85 107
86 87
86 109
86 110
87 110
87 111
88 89
88 111
88 112
88 113
89 90
89 112
89 113
89 114
90 113
90 114
91 92
91 115
92 93
92 115
92 116
93 115
93 116
94 95
94 117
95 96
95 117
95 118
96 97
96 118
96 119
97 98
97 118
97 119
97 120
98 99
98 119
98 120
98 121
99 120
99 121
99 122
100 122
100 123
100 124
101 102
101 126
101 127
102 103
102 127
103 104
103 128
104 105
104 128
104 129
105 106
105 128
105 129
105 130
106 107
106 129
106 130
106 131
107 108
107 130
107 131
107 132
108 109
108 131
108 132
108 133
109 132
109 133
109 134
110 111
110 134
110 135
111 112
111 135
111 136
112 113
112 136
112 137
113 114
113 136
113 137
113 138
114 137
114 138
114 139
115 116
115 140
115 141
115 142
116 141
116 142
117 143
117 144
118 119
118 144
118 145
118 146
119 120
119 145
119 146
119 147
120 121
120 146
120 147
120 148
121 122
121 147
121 148
121 149
122 123
122 148
122 149
122 150
123 124
123 149
123 150
123 151
124 125
124 150
124 151
124 152
125 126
125 151
125 152
125 153
126 127
126 152
126 153
126 154
127 153
127 154
127 155
128 129
128 156
128 157
129 130
129 157
129 158
130 131
130 158
130 159
131 132
131 158
131 159
131 160
132 133
132 159
132 160
132 161
133 134
133 160
133 161
133 162
134 135
134 161
134 162
134 163
135 162
135 163
135 164
136 137
136 164
136 165
137 138
137 165
137 166
138 139
138 165
138 166
138 167
139 140
139 166
139 167
140 141
140 167
140 168
141 142
141 168
142 168
143 144
143 169
144 145
144 169
144 170
145 146
145 170
145 171
146 147
146 170
146 171
146 172
147 148
147 171
147 172
147 173
148 149
148 172
148 173
148 174
149 150
149 173
149 174
149 175
150 151
150 174
150 175
150 176
151 152
151 175
151 176
151 177
152 153
152 176
152 177
152 178
153 154
153 177
153 178
153 179
154 155
154 178
154 179
154 180
155 156
155 179
155 180
155 181
156 157
156 180
156 181
156 182
157 181
157 182
157 183
158 159
158 183
158 184
158 185
159 160
159 184
159 185
159 186
160 161
160 185
160 186
160 187
161 162
161 186
161 187
161 188
162 163
162 187
162 188
162 189
163 164
163 188
163 189
163 190
164 189
164 190
164 191
165 166
165 191
165 192
165 193
166 167
166 192
166 193
166 194
167 193
167 194
167 195
168 195
168 196
168 197
169 198
170 171
170 199
170 200
171 172
171 199
171 200
171 201
172 173
172 200
172 201
172 202
173 174
173 201
173 202
173 203
174 175
174 202
174 203
174 204
175 176
175 203
175 204
175 205
176 177
176 204
176 205
176 206
177 178
177 205
177 206
178 179
178 206
178 207
179 180
179 207
179 208
180 181
180 207
180 208
180 209
181 182
181 208
181 209
181 210
182 183
182 209
182 210
182 211
183 184
183 210
183 211
183 212
184 185
184 211
184 212
184 213
185 186
185 212
185 213
185 214
186 187
186 213
186 214
186 215
187 188
187 214
187 215
187 216
188 189
188 215
188 216
188 217
189 190
189 216
189 217
189 218
190 191
190 217
190 218
190 219
191 192
191 218
191 219
191 220
192 193
192 219
192 220
192 221
193 194
193 220
193 221
193 222
194 195
194 221
194 222
194 223
195 196
195 222
195 223
195 224
196 197
196 223
196 224
196 225
197 224
197 225
198 226
199 200
199 227
200 201
200 227
201 202
201 228
202 203
202 228
203 204
203 228
203 229
204 205
204 229
204 230
205 206
205 229
205 230
206 230
207 208
207 231
207 232
208 209
208 231
208 232
208 233
209 210
209 232
209 233
209 234
210 211
210 233
210 234
211 212
211 234
211 235
212 213
212 235
213 214
213 235
213 236
214 215
214 236
215 216
215 236
215 237
216 217
216 237
217 218
217 237
217 238
218 219
218 238
219 220
219 238
219 239
220 221
220 239
220 240
221 222
221 239
221 240
222 223
222 240
222 241
223 224
223 241
223 242
224 225
224 241
224 242
224 243
225 242
225 243
226 244
227 245
227 246
228 247
228 248
229 230
229 249
229 250
230 249
230 250
231 232
231 251
231 252
231 253
232 233
232 252
232 253
232 254
233 234
233 253
233 254
233 255
234 254
234 255
234 256
235 256
235 257
236 258
237 258
237 259
238 260
238 261
239 240
239 261
239 262
239 263
240 262
240 263
240 264
241 242
241 264
241 265
241 266
242 243
242 265
242 266
242 267
243 266
243 267
244 268
244 269
245 246
245 269
245 270
246 247
246 270
246 271
247 248
247 271
247 272
248 271
248 272
248 273
249 250
249 273
249 274
249 275
250 274
250 275
250 276
251 252
251 276
252 253
252 277
253 254
253 277
253 278
254 255
254 277
254 278
254 279
255 256
255 278
255 279
255 280
256 257
256 279
256 280
256 281
257 280
257 281
257 282
258 259
258 283
258 284
258 285
259 284
259 285
259 286
260 261
260 286
260 287
260 288
261 262
261 287
261 288
261 289
262 263
262 288
262 289
262 290
263 264
263 289
263 290
263 291
264 265
264 290
264 291
265 266
265 291
265 292
266 267
266 292
266 293
267 292
267 293
268 269
268 294
269 270
269 294
269 295
270 294
270 295
270 296
271 272
271 296
271 297
272 273
272 297
273 274
273 297
273 298
274 275
274 298
274 299
275 276
275 298
275 299
275 300
276 299
276 300
276 301
277 278
277 302
278 279
278 302
278 303
279 280
279 302
279 303
280 281
280 303
280 304
281 282
281 304
282 283
282 304
282 305
283 284
283 305
283 306
284 285
284 305
284 306
284 307
285 286
285 306
285 307
285 308
286 287
286 307
286 308
286 309
287 288
287 308
287 309
288 289
288 309
288 310
289 290
289 310
289 311
290 291
290 310
290 311
290 312
291 311
291 312
292 293
292 313
292 314
293 313
293 314
294 295
294 315
295 296
295 316
296 316
296 317
297 317
297 318
298 299
298 319
299 300
299 319
299 320
300 301
300 319
300 320
300 321
301 320
301 321
301 322
302 303
302 323
302 324
302 325
303 324
303 325
303 326
304 326
304 327
304 328
305 306
305 328
305 329
305 330
306 307
306 329
306 330
306 331
307 308
307 330
307 331
307 332
308 309
308 331
308 332
308 333
309 332
309 333
309 334
310 311
310 334
310 335
310 336
311 312
311 335
311 336
311 337
312 336
312 337
312 338
313 314
313 338
313 339
313 340
314 339
314 340
315 341
315 342
316 317
316 343
316 344
317 318
317 344
317 345
318 345
318 346
319 320
319 347
319 348
320 321
320 348
320 349
321 322
321 348
321 349
322 323
322 349
322 350
323 324
323 350
323 351
324 325
324 350
324 351
324 352
325 326
325 351
325 352
325 353
326 327
326 352
326 353
326 354
327 328
327 353
327 354
327 355
328 329
328 354
328 355
329 330
329 355
329 356
330 331
330 356
330 357
331 332
331 356
331 357
331 358
332 333
332 357
332 358
332 359
333 334
333 358
333 359
333 360
334 335
334 359
334 360
334 361
335 336
335 360
335 361
335 362
336 337
336 361
336 362
336 363
337 338
337 362
337 363
337 364
338 339
338 363
338 364
338 365
339 340
339 364
339 365
339 366
340 365
340 366
341 342
341 367
342 343
342 367
342 368
343 344
343 367
343 368
343 369
344 368
344 369
345 346
345 370
346 347
346 370
347 370
348 349
348 371
349 371
349 372
350 351
350 372
350 373
351 352
351 373
351 374
352 353
352 374
352 375
353 354
353 374
353 375
353 376
354 355
354 375
354 376
355 376
355 377
356 357
356 377
356 378
356 379
357 358
357 378
357 379
358 359
358 379
358 380
359 360
359 380
359 381
360 361
360 380
360 381
360 382
361 362
361 381
361 382
362 363
362 382
362 383
363 364
363 383
363 384
364 365
364 383
364 384
364 385
365 366
365 384
365 385
365 386
366 385
366 386
367 368
367 387
367 388
367 389
368 369
368 388
368 389
369 389
369 390
370 391
370 392
370 393
371 372
371 394
372 373
372 394
372 395
373 395
373 396
374 375
374 396
374 397
374 398
375 376
375 397
375 398
375 399
376 398
376 399
377 378
377 400
378 379
378 400
379 400
379 401
380 381
380 401
380 402
381 382
381 402
381 403
382 403
382 404
383 384
383 404
383 405
383 406
384 385
384 405
384 406
384 407
385 386
385 406
385 407
385 408
386 407
386 408
387 388
387 409
388 389
388 409
388 410
389 409
389 410
389 411
390 391
390 411
390 412
391 392
391 412
391 413
392 393
392 412
392 413
392 414
393 413
393 414
394 415
395 396
395 416
395 417
396 397
396 416
396 417
397 398
397 417
397 418
398 399
398 418
398 419
399 418
399 419
399 420
400 421
400 422
401 402
401 422
401 423
402 423
402 424
403 404
403 424
403 425
404 405
404 425
404 426
405 406
405 425
405 426
406 407
406 426
406 427
407 408
407 427
407 428
408 427
408 428
409 410
409 429
410 411
410 430
411 430
412 413
412 431
412 432
413 414
413 431
413 432
413 433
414 432
414 433
414 434
415 434
415 435
415 436
416 417
416 437
416 438
416 439
417 438
417 439
417 440
418 419
418 440
418 441
418 442
419 420
419 441
419 442
419 443
420 442
420 443
420 444
421 422
421 444
421 445
422 445
422 446
423 424
423 446
423 447
423 448
424 447
424 448
424 449
425 426
425 449
425 450
425 451
426 450
426 451
426 452
427 428
427 452
429 453
429 454
430 455
430 456
431 432
431 456
431 457
431 458
432 433
432 457
432 458
432 459
433 434
433 458
433 459
433 460
434 435
434 459
434 460
434 461
435 436
435 460
435 461
435 462
436 437
436 461
436 462
436 463
437 438
437 462
437 463
438 439
438 463
438 464
439 440
439 464
440 441
440 464
440 465
441 442
441 465
441 466
442 443
442 465
442 466
442 467
443 444
443 466
443 467
444 445
444 467
444 468
445 468
445 469
446 447
446 469
446 470
446 471
447 448
447 470
447 471
447 472
448 449
448 471
448 472
448 473
449 450
449 472
449 473
449 474
450 451
450 473
450 474
450 475
451 452
451 474
451 475
451 476
452 475
452 476
453 454
453 478
453 479
454 455
454 478
454 479
455 479
455 480
456 457
456 480
456 481
456 482
457 458
457 481
457 482
457 483
458 459
458 482
458 483
458 484
459 460
459 483
459 484
459 485
460 461
460 484
460 485
460 486
461 462
461 485
461 486
461 487
462 463
462 486
462 487
462 488
463 487
463 488
463 489
464 489
464 490
464 491
465 466
465 491
465 492
465 493
466 467
466 492
466 493
466 494
467 493
467 494
467 495
468 469
468 495
468 496
469 470
469 496
469 497
470 471
470 496
470 497
470 498
471 472
471 497
471 498
471 499
472 473
472 498
472 499
473 474
473 499
473 500
474 475
474 500
474 501
475 476
475 500
475 501
475 502
476 501
476 502
476 503
477 503
477 504
478 479
478 505
479 505
479 506
480 481
480 506
480 507
481 482
481 507
481 508
482 483
482 508
483 484
483 508
484 485
484 509
485 486
485 509
485 510
486 487
486 509
486 510
486 511
487 488
487 510
487 511
487 512
488 489
488 511
488 512
488 513
489 490
489 512
489 513
490 491
490 513
491 492
492 493
492 514
493 494
493 514
493 515
494 495
494 514
494 515
494 516
495 515
495 516
495 517
496 497
496 517
496 518
497 498
497 518
497 519
498 499
498 518
498 519
499 519
500 501
500 520
500 521
501 502
501 520
501 521
502 503
502 521
502 522
503 504
503 522
503 523
504 522
504 523
505 506
505 524
505 525
505 526
506 507
506 525
506 526
506 527
507 526
507 527
507 528
508 528
508 529
508 530
509 510
509 531
509 532
510 511
510 532
510 533
511 512
511 532
511 533
511 534
512 513
512 533
512 534
512 535
513 534
513 535
513 536
514 515
514 538
514 539
514 540
515 516
515 539
515 540
515 541
516 517
516 540
516 541
516 542
517 541
517 542
517 543
518 519
518 543
518 544
519 544
519 545
520 521
520 546
520 547
520 548
521 547
521 548
521 549
522 523
522 549
522 550
522 551
523 550
523 551
524 525
524 552
524 553
525 526
525 552
525 553
526 527
526 553
526 554
527 528
527 554
527 555
528 529
528 554
528 555
529 530
529 555
529 556
530 531
530 556
530 557
531 556
531 557
531 558
532 533
532 558
532 559
533 534
533 559
534 535
534 560
535 536
535 560
536 537
536 560
536 561
537 538
537 561
538 539
538 561
539 540
540 541
541 542
541 562
542 543
542 562
543 562
543 563
544 545
544 563
544 564
545 546
545 564
545 565
546 547
546 564
546 565
546 566
547 548
547 565
547 566
547 567
548 549
548 566
548 567
548 568
549 550
549 567
549 568
549 569
550 551
550 568
550 569
550 570
551 569
551 570
552 553
552 571
552 572
553 571
553 572
553 573
554 555
554 573
554 574
555 574
555 575
556 557
556 575
556 576
557 558
557 576
557 577
558 559
558 576
558 577
558 578
559 577
559 578
559 579
560 580
560 581
560 582
561 582
562 585
562 586
562 587
563 587
563 588
564 565
564 589
564 590
565 566
565 589
565 590
566 567
566 590
566 591
567 568
567 591
568 569
568 591
568 592
569 570
569 592
569 593
570 592
570 593
571 572
571 594
572 573
572 594
573 574
573 595
574 595
575 596
575 597
576 577
576 597
576 598
576 599
577 578
577 598
577 599
577 600
578 579
578 599
578 600
578 601
579 580
579 600
579 601
579 602
580 581
580 601
580 602
580 603
581 582
581 602
581 603
582 603
582 604
583 584
583 605
583 606
583 607
584 585
584 606
584 607
585 586
585 607
585 608
586 587
586 608
586 609
587 588
587 608
587 609
587 610
588 609
588 610
588 611
589 590
589 611
589 612
589 613
590 612
590 613
590 614
591 614
591 615
591 616
592 593
592 616
592 617
593 617
594 618
594 619
595 620
595 621
595 622
596 597
596 622
596 623
597 598
597 623
597 624
598 599
598 624
598 625
599 600
599 624
599 625
599 626
600 601
600 625
600 626
600 627
601 602
601 626
601 627
601 628
602 603
602 627
602 628
602 629
603 628
603 629
603 630
604 605
604 630
604 631
605 606
605 631
605 632
606 607
606 632
606 633
607 632
607 633
607 634
608 609
608 634
608 635
608 636
609 610
609 635
609 636
609 637
610 611
610 636
610 637
610 638
611 612
611 637
611 638
611 639
612 613
612 638
612 639
612 640
613 614
613 639
613 640
613 641
614 615
614 640
614 641
615 616
615 641
615 642
616 642
616 643
617 643
617 644
618 619
618 645
618 646
619 620
619 645
619 646
619 647
620 621
620 646
620 647
620 648
621 622
621 647
621 648
621 649
622 623
622 648
622 649
622 650
623 649
623 650
623 651
624 625
624 651
624 652
624 653
625 626
625 652
625 653
625 654
626 627
626 653
626 654
627 628
627 654
628 629
629 630
629 655
630 631
630 655
630 656
631 655
631 656
631 657
632 633
632 657
632 658
633 634
633 658
633 659
634 635
634 658
634 659
634 660
635 636
635 659
635 660
635 661
636 637
636 660
636 661
636 662
637 638
637 661
637 662
637 663
638 639
638 662
638 663
638 664
639 640
639 663
639 664
639 665
640 641
640 664
640 665
640 666
641 665
641 666
641 667
642 643
642 667
642 668
642 669
643 644
643 668
643 669
644 669
645 646
645 670
645 671
646 647
646 670
646 671
646 672
647 648
647 671
647 672
647 673
648 649
648 672
648 673
648 674
649 650
649 673
649 674
649 675
650 651
650 674
650 675
650 676
651 652
651 675
651 676
651 677
652 653
652 676
652 677
653 654
653 677
653 678
654 678
654 679
655 656
655 681
655 682
655 683
656 657
656 682
656 683
656 684
657 683
657 684
658 659
658 685
659 660
659 685
660 661
660 686
661 662
661 686
661 687
662 663
662 686
662 687
662 688
663 664
663 687
663 688
663 689
664 665
664 688
664 689
664 690
665 666
665 689
665 690
665 691
666 667
666 690
666 691
666 692
667 668
667 691
667 692
667 693
668 669
668 692
668 693
668 694
669 693
669 694
669 695
670 671
670 696
670 697
671 672
671 696
671 697
671 698
672 673
672 697
672 698
673 674
673 698
673 699
674 675
674 699
674 700
675 676
675 699
675 700
676 677
676 700
676 701
677 701
677 702
678 679
678 702
678 703
678 704
679 680
679 703
679 704
680 681
680 704
681 682
681 705
682 683
682 705
682 706
683 684
683 705
683 706
683 707
684 706
684 707
684 708
685 708
685 709
685 710
686 687
686 711
686 712
687 688
687 711
687 712
687 713
688 689
688 712
688 713
688 714
689 690
689 713
689 714
689 715
690 691
690 714
690 715
690 716
691 692
691 715
691 716
691 717
692 693
692 716
692 717
693 694
693 717
693 718
694 695
694 718
694 719
695 718
695 719
696 697
697 698
699 700
701 702
702 703
703 704
705 706
706 707
707 708
708 709
709 710
711 712
712 713
713 714
714 715
715 716
716 717
718 719
