# FromNodeId	ToNodeId
0 1
0 24
0 25
1 2
1 24
1 25
1 26
2 3
2 25
2 26
2 27
3 4
3 26
3 27
3 28
4 5
4 27
4 28
4 29
5 6
5 28
5 29
5 30
6 7
6 29
6 30
6 31
7 30
7 31
7 32
8 32
8 33
9 34
9 35
10 11
10 36
10 37
10 38
11 12
11 37
11 38
11 39
12 13
12 38
12 39
13 14
13 39
13 40
14 15
14 40
14 41
15 16
15 40
15 41
15 42
16 17
16 41
16 42
16 43
17 18
17 42
17 43
18 19
18 43
18 44
19 44
19 45
20 45
20 46
20 47
21 22
21 47
21 48
22 23
22 48
23 48
24 25
24 49
24 50
25 26
25 49
25 50
25 51
26 27
26 50
26 51
26 52
27 28
27 51
27 52
27 53
28 29
28 52
28 53
28 54
29 30
29 53
29 54
29 55
30 31
30 54
30 55
30 56
31 32
31 55
31 56
31 57
32 33
32 56
32 57
33 57
33 58
34 35
34 58
34 59
34 60
35 36
35 59
35 60
36 37
36 60
36 61
37 38
37 61
37 62
38 39
38 61
38 62
38 63
39 62
39 63
39 64
40 41
40 64
40 65
40 66
41 42
41 65
41 66
41 67
42 43
42 66
42 67
42 68
43 67
43 68
43 69
44 45
44 69
44 70
44 71
45 46
45 70
45 71
45 72
46 47
46 71
46 72
46 73
47 72
47 73
47 74
48 74
48 75
48 76
49 50
49 77
50 51
50 77
51 52
51 77
51 78
52 53
52 78
53 54
53 78
53 79
54 55
54 79
54 80
55 56
55 79
55 80
55 81
56 57
56 80
56 81
57 81
58 59
58 82
58 83
59 60
59 82
59 83
60 83
60 84
61 62
61 84
61 85
61 86
62 63
62 85
62 86
62 87
63 64
63 86
63 87
64 65
64 87
64 88
65 66
65 88
66 67
66 88
66 89
67 68
67 89
67 90
68 69
68 89
68 90
68 91
69 70
69 90
69 91
69 92
70 71
70 91
70 92
70 93
71 72
71 92
71 93
71 94
72 73
72 93
72 94
73 74
73 94
73 95
74 75
74 95
75 76
75 95
77 96
77 97
78 97
78 98
78 99
79 80
79 99
79 100
79 101
80 81
80 100
80 101
80 102
81 101
81 102
81 103
82 83
82 104
83 104
83 105
84 85
84 105
84 106
84 107
85 86
85 106
85 107
85 108
86 87
86 107
86 108
86 109
87 108
87 109
87 110
88 110
88 111
89 90
89 112
90 91
90 112
90 113
91 92
91 112
91 113
91 114
92 93
92 113
92 114
92 115
93 94
93 114
93 115
93 116
94 115
94 116
94 117
95 117
95 118
95 119
96 121
97 98
98 99
98 122
99 100
99 122
99 123
100 101
100 122
100 123
100 124
101 102
101 123
101 124
102 103
102 124
102 125
103 125
103 126
104 105
104 127
104 128
104 129
105 106
105 128
105 129
105 130
106 107
106 129
106 130
106 131
107 108
107 130
107 131
107 132
108 109
108 131
108 132
108 133
109 110
109 132
109 133
109 134
110 111
110 133
110 134
110 135
111 134
111 135
112 113
112 136
112 137
112 138
113 114
113 137
113 138
113 139
114 115
114 138
114 139
114 140
115 116
115 139
115 140
115 141
116 117
116 140
116 141
116 142
117 118
117 141
117 142
118 119
118 142
118 143
119 120
119 143
120 143
121 144
122 123
122 146
123 124
125 126
125 147
125 148
126 127
126 147
126 148
126 149
127 128
127 148
127 149
128 129
128 149
128 150
129 130
129 150
129 151
130 131
130 150
130 151
130 152
131 132
131 151
131 152
131 153
132 133
132 152
132 153
133 134
133 153
133 154
134 135
134 154
134 155
135 154
135 155
135 156
136 137
136 156
136 157
136 158
137 138
137 157
137 158
137 159
138 139
138 158
138 159
139 140
139 159
140 141
140 160
141 142
141 160
141 161
142 160
142 161
142 162
143 162
143 163
143 164
144 165
144 166
145 146
145 166
145 167
145 168
146 167
146 168
147 148
147 171
147 172
148 149
148 172
149 172
149 173
150 151
150 173
151 152
152 153
152 174
153 174
153 175
154 155
154 175
154 176
155 156
155 176
155 177
156 157
156 177
156 178
157 158
157 177
157 178
157 179
158 159
158 178
158 179
158 180
159 179
159 180
159 181
160 161
160 182
160 183
160 184
161 162
161 183
161 184
161 185
162 163
162 184
162 185
162 186
163 164
163 185
163 186
164 186
165 166
165 187
165 188
166 167
166 187
166 188
166 189
167 168
167 188
167 189
167 190
168 189
168 190
168 191
169 170
169 191
169 192
169 193
170 171
170 192
170 193
170 194
171 193
171 194
171 195
172 195
172 196
172 197
173 197
173 198
173 199
174 175
174 201
174 202
175 176
175 202
175 203
176 202
176 203
176 204
177 178
177 204
177 205
178 179
178 205
178 206
179 180
179 206
179 207
180 181
180 206
180 207
181 182
181 207
181 208
182 183
182 208
182 209
183 184
183 208
183 209
184 185
184 209
185 186
185 210
186 210
186 211
187 188
187 212
187 213
188 189
188 212
188 213
188 214
189 190
189 213
189 214
189 215
190 191
190 214
190 215
191 192
191 215
191 216
192 193
192 216
192 217
193 194
193 216
193 217
193 218
194 195
194 217
194 218
195 196
195 218
195 219
196 197
196 219
196 220
197 198
197 219
197 220
198 199
198 220
199 200
199 221
200 201
200 221
200 222
201 221
201 222
201 223
202 203
202 223
202 224
202 225
203 204
203 224
203 225
203 226
204 205
204 225
204 226
204 227
205 226
205 227
206 207
206 228
206 229
207 228
207 229
207 230
208 209
208 230
208 231
209 231
209 232
210 211
210 233
210 234
210 235
211 234
211 235
212 213
212 236
212 237
213 214
213 236
213 237
213 238
214 215
214 237
214 238
215 238
216 217
216 239
216 240
217 218
217 239
217 240
218 240
218 241
219 220
219 241
219 242
220 242
220 243
221 222
221 244
221 245
222 223
222 245
222 246
223 224
223 246
223 247
224 225
224 246
224 247
224 248
225 226
225 247
225 248
225 249
226 227
226 248
226 249
226 250
227 249
227 250
227 251
228 229
228 251
228 252
229 230
229 252
229 253
230 231
230 252
230 253
230 254
231 253
231 254
232 233
232 255
232 256
233 234
233 255
233 256
234 235
234 256
236 237
236 257
236 258
237 238
237 257
237 258
237 259
238 258
238 259
238 260
239 240
239 261
239 262
239 263
240 262
240 263
240 264
241 242
241 264
241 265
241 266
242 265
242 266
242 267
243 244
243 267
243 268
244 245
244 268
244 269
245 269
245 270
246 247
246 270
246 271
247 248
247 271
247 272
248 249
248 271
248 272
248 273
249 250
249 272
249 273
250 251
250 273
250 274
251 274
251 275
252 253
252 275
252 276
252 277
253 254
253 276
253 277
253 278
254 277
254 278
254 279
255 256
255 279
255 280
256 280
256 281
257 258
257 283
258 259
258 283
258 284
259 260
259 283
259 284
259 285
260 261
260 284
260 285
260 286
261 262
261 285
261 286
261 287
262 263
262 286
262 287
263 264
263 287
263 288
264 265
264 288
265 266
265 288
265 289
266 267
266 289
266 290
267 268
267 289
267 290
267 291
268 290
268 291
268 292
269 270
269 292
269 293
269 294
270 293
270 294
271 272
271 295
271 296
272 273
272 295
272 296
272 297
273 296
273 297
273 298
274 275
274 298
274 299
274 300
275 276
275 299
275 300
275 301
276 277
276 300
276 301
276 302
277 278
277 301
277 302
277 303
278 279
278 302
278 303
278 304
279 280
279 303
279 304
279 305
280 304
280 305
280 306
281 282
281 306
281 307
281 308
282 307
282 308
283 284
283 309
283 310
283 311
284 285
284 310
284 311
284 312
285 286
285 311
285 312
285 313
286 287
286 312
286 313
286 314
287 313
287 314
287 315
288 315
288 316
288 317
289 290
289 317
289 318
289 319
290 291
290 318
290 319
290 320
291 292
291 319
291 320
291 321
292 293
292 320
292 321
292 322
293 294
293 321
293 322
293 323
294 322
294 323
294 324
295 296
295 324
295 325
296 297
296 325
296 326
297 298
297 325
297 326
298 299
298 326
298 327
299 300
299 327
300 301
300 327
300 328
301 302
301 328
301 329
302 303
302 328
302 329
302 330
303 304
303 329
303 330
304 305
304 330
304 331
305 306
305 331
305 332
306 307
306 331
306 332
307 308
307 332
307 333
308 333
309 310
309 334
310 311
310 334
310 335
311 312
311 335
311 336
312 313
312 335
312 336
312 337
313 314
313 336
313 337
314 315
314 337
314 338
315 316
315 338
315 339
316 317
316 338
316 339
316 340
317 318
317 339
317 340
317 341
318 319
318 340
318 341
318 342
319 320
319 341
319 342
320 321
320 342
320 343
321 322
321 343
321 344
322 323
322 343
322 344
322 345
323 324
323 344
323 345
324 345
324 346
325 326
325 346
325 347
325 348
326 347
326 348
326 349
327 349
327 350
328 329
329 330
330 351
331 332
331 351
331 352
331 353
332 352
332 353
332 354
333 354
333 355
334 356
335 336
335 356
335 357
335 358
336 337
336 357
336 358
336 359
337 358
337 359
337 360
338 339
338 360
338 361
339 340
339 361
339 362
340 341
340 361
340 362
341 342
341 362
342 363
343 344
343 363
343 364
343 365
344 345
344 364
344 365
345 365
345 366
346 347
346 366
346 367
346 368
347 348
347 367
347 368
347 369
348 349
348 368
348 369
348 370
349 350
349 369
349 370
349 371
350 370
350 371
351 352
351 374
351 375
351 376
352 353
352 375
352 376
352 377
353 354
353 376
353 377
353 378
354 355
354 377
354 378
354 379
355 378
355 379
356 357
356 380
356 381
356 382
357 358
357 381
357 382
357 383
358 359
358 382
358 383
358 384
359 360
359 383
359 384
359 385
360 384
360 385
360 386
361 362
361 386
362 387
363 364
363 388
363 389
363 390
364 365
364 389
364 390
364 391
365 390
365 391
365 392
366 367
366 392
366 393
367 368
367 393
367 394
368 369
368 393
368 394
368 395
369 370
369 394
369 395
369 396
370 371
370 395
370 396
370 397
371 396
371 397
371 398
372 373
372 398
372 399
372 400
373 374
373 399
373 400
373 401
374 375
374 400
374 401
374 402
375 376
375 401
375 402
375 403
376 377
376 402
376 403
376 404
377 378
377 403
377 404
377 405
378 379
378 404
378 405
378 406
379 405
379 406
380 381
380 407
381 382
381 407
381 408
382 383
382 408
383 384
383 408
383 409
384 385
384 409
385 386
385 409
385 410
386 410
386 411
387 388
387 412
387 413
387 414
388 389
388 413
388 414
389 390
389 414
390 391
390 415
391 392
391 415
391 416
392 415
392 416
392 417
393 394
393 417
393 418
393 419
394 395
394 418
394 419
394 420
395 396
395 419
395 420
395 421
396 397
396 420
396 421
396 422
397 398
397 421
397 422
397 423
398 399
398 422
398 423
398 424
399 400
399 423
399 424
399 425
400 401
400 424
400 425
400 426
401 402
401 425
401 426
401 427
402 403
402 426
402 427
402 428
403 404
403 427
403 428
403 429
404 405
404 428
404 429
404 430
405 406
405 429
405 430
405 431
406 430
406 431
407 432
407 433
408 433
408 434
408 435
409 435
409 436
409 437
410 411
410 437
410 438
410 439
411 412
411 438
411 439
411 440
412 413
412 439
412 440
412 441
413 414
413 440
413 441
413 442
414 441
414 442
415 416
415 443
415 444
415 445
416 417
416 444
416 445
416 446
417 418
417 445
417 446
417 447
418 419
418 446
418 447
418 448
419 420
419 447
419 448
419 449
420 421
420 448
420 449
420 450
421 422
421 449
421 450
421 451
422 423
422 450
422 451
423 424
423 451
424 425
424 452
425 426
425 452
425 453
426 427
426 452
426 453
426 454
427 428
427 453
427 454
427 455
428 429
428 454
428 455
429 430
429 455
430 431
430 456
431 456
432 433
432 457
432 458
433 434
433 457
433 458
433 459
434 435
434 458
434 459
435 436
435 459
435 460
436 437
436 460
436 461
437 438
437 460
437 461
437 462
438 439
438 461
438 462
438 463
439 440
439 462
439 463
439 464
440 441
440 463
440 464
440 465
441 442
441 464
441 465
441 466
442 465
442 466
442 467
443 444
443 467
443 468
444 445
444 468
444 469
445 446
445 469
445 470
446 447
446 469
446 470
446 471
447 448
447 470
447 471
447 472
448 449
448 471
448 472
448 473
449 450
449 472
449 473
449 474
450 451
450 473
450 474
450 475
451 474
451 475
451 476
452 453
452 477
452 478
452 479
453 454
453 478
453 479
453 480
454 455
454 479
454 480
454 481
455 480
455 481
455 482
456 483
457 458
457 484
457 485
458 459
458 484
458 485
458 486
459 485
459 486
459 487
460 461
460 487
460 488
460 489
461 462
461 488
461 489
461 490
462 463
462 489
462 490
462 491
463 464
463 490
463 491
463 492
464 465
464 491
464 492
464 493
465 466
465 492
465 493
465 494
466 467
466 493
466 494
466 495
467 468
467 494
467 495
467 496
468 495
468 496
468 497
469 470
469 497
469 498
469 499
470 471
470 498
470 499
470 500
471 472
471 499
471 500
471 501
472 473
472 500
472 501
472 502
473 474
473 501
473 502
473 503
474 475
474 502
474 503
474 504
475 476
475 503
475 504
475 505
476 477
476 504
476 505
476 506
477 478
477 505
477 506
477 507
478 479
478 506
478 507
478 508
479 480
479 507
479 508
479 509
480 481
480 508
480 509
481 482
481 509
481 510
482 483
482 510
482 511
483 510
483 511
484 485
484 512
485 486
485 512
485 513
486 487
486 512
486 513
486 514
487 488
487 513
487 514
487 515
488 489
488 514
488 515
489 490
489 515
489 516
490 491
490 516
490 517
491 492
491 516
491 517
491 518
492 493
492 517
492 518
492 519
493 494
493 518
493 519
493 520
494 495
494 519
494 520
495 496
495 520
496 497
496 521
497 498
497 521
497 522
498 499
498 521
498 522
498 523
499 500
499 522
499 523
499 524
500 501
500 523
500 524
501 502
501 524
501 525
502 503
502 525
503 504
503 525
504 505
505 506
506 507
506 526
507 508
507 526
507 527
508 509
508 526
508 527
508 528
509 527
509 528
510 511
510 529
510 530
511 529
511 530
512 513
512 531
512 532
513 514
513 532
513 533
514 515
514 533
514 534
515 533
515 534
516 517
516 535
517 518
517 535
517 536
518 519
518 536
518 537
519 520
519 536
519 537
519 538
520 537
520 538
520 539
521 522
521 540
522 523
522 541
523 524
523 541
523 542
524 541
524 542
525 543
525 544
526 527
526 547
526 548
527 528
527 548
527 549
528 549
528 550
529 530
529 550
529 551
529 552
530 551
530 552
530 553
531 532
531 554
532 554
533 534
533 555
534 555
535 556
535 557
536 537
536 557
536 558
537 538
537 558
537 559
538 539
538 559
538 560
539 540
539 559
539 560
539 561
540 560
540 561
540 562
541 542
541 563
541 564
542 563
542 564
543 544
543 565
543 566
544 545
544 565
544 566
544 567
545 546
545 566
545 567
545 568
546 547
546 567
546 568
546 569
547 548
547 568
547 569
547 570
548 569
548 570
548 571
549 550
549 571
549 572
550 551
550 572
550 573
551 552
551 573
551 574
552 553
552 573
552 574
552 575
553 574
553 575
554 576
555 577
555 578
556 557
556 579
556 580
556 581
557 558
557 580
557 581
558 581
558 582
559 560
559 582
559 583
559 584
560 561
560 583
560 584
560 585
561 562
561 584
561 585
562 585
562 586
563 564
563 586
563 587
563 588
564 587
564 588
565 566
565 589
566 567
566 589
566 590
567 568
567 590
567 591
568 569
568 590
568 591
568 592
569 570
569 591
569 592
569 593
570 571
570 592
570 593
570 594
571 572
571 593
571 594
571 595
572 594
572 595
572 596
573 574
573 596
573 597
573 598
574 575
574 597
574 598
574 599
575 598
575 599
576 577
576 600
576 601
576 602
577 578
577 601
577 602
577 603
578 602
578 603
579 580
579 604
579 605
580 581
580 604
580 605
580 606
581 605
581 606
582 583
582 607
582 608
583 584
583 607
583 608
583 609
584 585
584 608
584 609
584 610
585 609
585 610
585 611
586 587
586 611
586 612
586 613
587 588
587 612
587 613
587 614
588 613
588 614
588 615
589 615
589 616
590 591
590 616
590 617
590 618
591 592
591 617
591 618
591 619
592 593
592 618
592 619
592 620
593 594
593 619
593 620
593 621
594 595
594 620
594 621
594 622
595 596
595 621
595 622
595 623
596 597
596 622
596 623
596 624
597 598
597 623
597 624
597 625
598 599
598 624
598 625
599 625
600 601
600 626
601 602
601 626
601 627
602 603
602 627
602 628
603 627
603 628
603 629
604 605
604 629
604 630
604 631
605 606
605 630
605 631
605 632
606 631
606 632
606 633
607 608
607 633
607 634
607 635
608 609
608 634
608 635
609 610
609 635
609 636
610 611
610 636
610 637
611 612
611 636
611 637
611 638
612 613
612 637
612 638
612 639
613 614
613 638
613 639
613 640
614 615
614 639
614 640
614 641
615 640
615 641
615 642
616 617
616 642
616 643
617 618
617 643
617 644
618 619
618 644
618 645
619 620
619 644
619 645
619 646
620 621
620 645
620 646
621 622
621 646
621 647
622 623
622 647
622 648
623 624
623 647
623 648
623 649
624 625
624 648
624 649
624 650
625 649
625 650
625 651
626 652
627 628
627 652
627 653
627 654
628 629
628 653
628 654
628 655
629 630
629 654
629 655
630 631
630 655
630 656
631 632
631 656
631 657
632 633
632 656
632 657
632 658
633 634
633 657
633 658
633 659
634 635
634 658
634 659
634 660
635 659
635 660
635 661
636 637
636 661
636 662
636 663
637 638
637 662
637 663
637 664
638 639
638 663
638 664
638 665
639 640
639 664
639 665
639 666
640 641
640 665
640 666
641 642
641 666
642 643
643 667
644 645
644 667
644 668
645 646
645 668
646 669
647 648
647 669
647 670
647 671
648 649
648 670
648 671
648 672
649 650
649 671
649 672
649 673
650 651
650 672
650 673
650 674
651 673
651 674
652 653
652 675
652 676
653 654
653 675
653 676
653 677
654 655
654 676
654 677
654 678
655 677
655 678
655 679
656 657
656 679
656 680
657 658
657 680
657 681
658 659
658 680
658 681
658 682
659 660
659 681
659 682
659 683
660 661
660 682
660 683
661 662
661 683
662 663
662 684
663 664
663 684
664 665
664 684
665 666
665 685
666 685
666 686
667 668
667 688
667 689
667 690
668 689
668 690
668 691
669 670
669 692
669 693
669 694
670 671
670 693
670 694
670 695
671 672
671 694
671 695
671 696
672 673
672 695
672 696
672 697
673 674
673 696
673 697
673 698
674 697
674 698
675 676
675 699
675 700
675 701
676 677
676 700
676 701
676 702
677 678
677 701
677 702
678 679
678 702
678 703
679 703
679 704
680 681
680 704
680 705
681 682
681 705
682 683
682 705
683 706
684 707
684 708
685 686
685 709
685 710
685 711
686 687
686 710
686 711
686 712
687 688
687 711
687 712
688 689
688 712
688 713
689 690
689 713
690 691
690 713
691 692
691 714
692 693
692 714
693 694
693 714
693 715
694 695
694 715
694 716
695 696
695 715
695 716
695 717
696 697
696 716
696 717
696 718
697 698
697 717
697 718
697 719
698 718
698 719
699 700
700 701
701 702
703 704
706 707
707 708
709 710
710 711
711 712
715 716
716 717
717 718
718 719
