# FromNodeId	ToNodeId
0 1
0 28
0 29
1 2
1 28
1 29
2 3
2 29
2 30
3 4
3 30
3 31
4 5
4 30
4 31
5 31
5 32
6 7
6 32
6 33
7 8
7 33
7 34
8 9
8 34
8 35
9 34
9 35
9 36
10 11
10 37
10 38
10 39
11 12
11 38
11 39
11 40
12 13
12 39
12 40
12 41
13 14
13 40
13 41
13 42
14 15
14 41
14 42
14 43
15 42
15 43
16 44
16 45
16 46
17 18
17 46
17 47
17 48
18 19
18 47
18 48
18 49
19 20
19 48
19 49
19 50
20 21
20 49
20 50
21 22
21 50
21 51
22 51
22 52
23 24
23 52
23 53
23 54
24 25
24 53
24 54
25 26
25 54
25 55
26 27
26 55
26 56
27 55
27 56
28 29
29 57
30 31
30 57
31 58
32 33
32 58
32 59
33 59
33 60
34 35
34 60
34 61
34 62
35 36
35 61
35 62
36 37
36 62
36 63
37 38
37 63
37 64
38 39
38 63
38 64
39 40
39 64
39 65
40 41
40 65
40 66
41 42
41 65
41 66
41 67
42 43
42 66
42 67
43 67
43 68
44 45
44 68
44 69
44 70
45 46
45 69
45 70
45 71
46 47
46 70
46 71
46 72
47 48
47 71
47 72
47 73
48 49
48 72
48 73
48 74
49 50
49 73
49 74
49 75
50 74
50 75
50 76
51 52
51 76
51 77
52 53
52 77
52 78
53 54
53 78
54 78
54 79
55 56
55 79
55 80
56 80
57 82
57 83
57 84
58 59
58 85
58 86
58 87
59 86
59 87
59 88
60 61
60 88
60 89
60 90
61 62
61 89
61 90
61 91
62 90
62 91
62 92
63 64
63 92
63 93
64 93
64 94
65 66
65 94
65 95
66 67
66 95
66 96
67 95
67 96
67 97
68 69
68 97
68 98
68 99
69 70
69 98
69 99
70 71
70 99
70 100
71 72
71 100
71 101
72 73
72 100
72 101
72 102
73 74
73 101
73 102
73 103
74 75
74 102
74 103
74 104
75 76
75 103
75 104
75 105
76 77
76 104
76 105
76 106
77 105
77 106
77 107
78 107
78 108
79 108
79 109
79 110
80 110
80 111
81 82
81 112
81 113
82 83
82 112
82 113
82 114
83 84
83 113
83 114
83 115
84 85
84 114
84 115
84 116
85 86
85 115
85 116
86 87
86 116
86 117
87 88
87 117
88 89
88 117
88 118
89 90
89 118
90 91
90 118
91 92
91 119
92 119
92 120
93 94
93 120
93 121
93 122
94 121
94 122
94 123
95 96
95 123
95 124
95 125
96 97
96 124
96 125
96 126
97 98
97 125
97 126
98 99
98 126
98 127
99 127
99 128
100 101
100 128
100 129
100 130
101 102
101 129
101 130
101 131
102 103
102 130
102 131
102 132
103 104
103 131
103 132
103 133
104 105
104 132
104 133
104 134
105 106
105 133
105 134
106 107
106 134
106 135
107 135
107 136
108 109
108 136
108 137
108 138
109 110
109 137
109 138
110 111
110 138
110 139
111 139
112 113
112 140
113 114
113 140
114 115
115 116
117 141
118 141
118 142
118 143
119 120
119 144
119 145
119 146
120 121
120 145
120 146
120 147
121 122
121 146
121 147
122 123
122 147
122 148
123 124
123 148
123 149
124 125
124 148
124 149
124 150
125 126
125 149
125 150
125 151
126 150
126 151
126 152
127 128
127 152
127 153
127 154
128 129
128 153
128 154
128 155
129 130
129 154
129 155
129 156
130 131
130 155
130 156
130 157
131 132
131 156
131 157
132 133
132 157
132 158
133 134
133 158
133 159
134 158
134 159
134 160
135 136
135 160
135 161
136 137
136 161
136 162
137 138
137 161
137 162
138 162
138 163
139 163
140 164
140 165
141 142
141 169
141 170
141 171
142 143
142 170
142 171
143 144
143 171
143 172
144 145
144 172
145 146
145 172
146 147
146 173
147 173
147 174
148 149
148 174
148 175
148 176
149 150
149 175
149 176
150 151
150 176
150 177
151 152
151 177
151 178
152 153
152 177
152 178
152 179
153 154
153 178
153 179
154 155
154 179
154 180
155 156
155 180
155 181
156 157
156 180
156 181
157 181
157 182
158 159
158 182
158 183
159 160
159 183
159 184
160 183
160 184
160 185
161 162
161 185
161 186
162 186
162 187
163 187
163 188
163 189
164 165
164 190
164 191
165 190
165 191
165 192
166 167
166 192
166 193
167 168
167 193
167 194
168 169
168 194
168 195
169 170
169 194
169 195
170 171
170 195
170 196
171 196
171 197
172 197
172 198
172 199
173 174
173 200
173 201
173 202
174 175
174 201
174 202
175 176
175 202
175 203
176 203
176 204
177 178
177 204
177 205
177 206
178 179
178 205
178 206
178 207
179 206
179 207
179 208
180 181
180 208
180 209
180 210
181 209
181 210
181 211
182 211
182 212
182 213
183 184
183 213
183 214
184 185
184 214
184 215
185 186
185 215
185 216
186 215
186 216
186 217
187 188
187 217
187 218
188 189
188 218
188 219
189 219
190 191
190 220
190 221
191 192
191 220
191 221
191 222
192 193
192 221
192 222
193 222
193 223
194 195
194 223
194 224
194 225
195 224
195 225
195 226
196 197
196 226
196 227
196 228
197 198
197 227
197 228
198 199
198 228
198 229
199 200
199 229
199 230
200 201
200 229
200 230
201 202
201 230
202 231
203 204
203 231
203 232
203 233
204 205
204 232
204 233
204 234
205 206
205 233
205 234
205 235
206 207
206 234
206 235
207 208
207 235
207 236
208 209
208 236
209 210
209 236
209 237
210 211
210 237
210 238
211 212
211 237
211 238
211 239
212 213
212 238
212 239
212 240
213 214
213 239
213 240
213 241
214 240
214 241
214 242
215 216
215 242
215 243
215 244
216 217
216 243
216 244
216 245
217 218
217 244
217 245
217 246
218 245
218 246
219 247
220 221
220 248
220 249
221 222
221 248
221 249
221 250
222 249
222 250
222 251
223 224
223 251
223 252
223 253
224 225
224 252
224 253
224 254
225 226
225 253
225 254
225 255
226 227
226 254
226 255
226 256
227 228
227 255
227 256
227 257
228 256
228 257
228 258
229 230
229 258
229 259
229 260
230 259
230 260
231 232
231 261
231 262
231 263
232 233
232 262
232 263
232 264
233 234
233 263
233 264
233 265
234 235
234 264
234 265
234 266
235 265
235 266
235 267
236 267
236 268
237 238
237 269
237 270
238 239
238 269
238 270
238 271
239 240
239 270
239 271
239 272
240 241
240 271
240 272
240 273
241 242
241 272
241 273
241 274
242 243
242 273
242 274
243 244
243 274
243 275
244 245
244 275
244 276
245 246
245 275
245 276
246 276
246 277
247 277
247 278
248 249
248 279
248 280
249 250
249 279
249 280
249 281
250 251
250 280
250 281
250 282
251 252
251 281
251 282
251 283
252 253
252 282
252 283
252 284
253 254
253 283
253 284
253 285
254 255
254 284
254 285
255 256
255 285
255 286
256 257
256 286
256 287
257 258
257 286
257 287
258 259
258 287
259 260
260 288
261 262
261 288
261 289
261 290
262 263
262 289
262 290
262 291
263 264
263 290
263 291
263 292
264 265
264 291
264 292
264 293
265 266
265 292
265 293
265 294
266 267
266 293
266 294
266 295
267 268
267 294
267 295
267 296
268 295
268 296
268 297
269 270
269 297
269 298
269 299
270 271
270 298
270 299
270 300
271 272
271 299
271 300
271 301
272 273
272 300
272 301
272 302
273 274
273 301
273 302
273 303
274 302
274 303
274 304
275 276
275 304
275 305
275 306
276 305
276 306
277 278
277 307
277 308
278 307
278 308
279 280
279 309
279 310
280 281
280 309
280 310
280 311
281 282
281 310
281 311
281 312
282 283
282 311
282 312
282 313
283 284
283 312
283 313
283 314
284 285
284 313
284 314
284 315
285 314
285 315
285 316
286 287
286 316
286 317
286 318
287 317
287 318
287 319
288 289
288 321
288 322
289 290
289 322
289 323
290 291
290 322
290 323
290 324
291 292
291 323
291 324
292 293
292 324
292 325
293 294
293 325
294 295
294 325
294 326
295 296
295 326
295 327
296 297
296 326
296 327
296 328
297 298
297 327
297 328
297 329
298 299
298 328
298 329
298 330
299 300
299 329
299 330
300 301
300 330
300 331
301 302
301 331
301 332
302 303
302 331
302 332
303 304
303 332
303 333
304 305
304 333
304 334
305 306
305 333
305 334
305 335
306 334
306 335
307 308
307 336
307 337
308 336
308 337
309 310
309 338
309 339
310 311
310 338
310 339
310 340
311 312
311 339
311 340
311 341
312 313
312 340
312 341
312 342
313 314
313 341
313 342
314 315
314 342
314 343
315 316
315 343
315 344
316 317
316 343
316 344
317 318
317 344
317 345
318 319
318 345
318 346
319 320
319 345
319 346
320 321
320 346
320 347
321 347
321 348
322 323
322 348
322 349
322 350
323 324
323 349
323 350
323 351
324 350
324 351
325 352
325 353
326 327
326 353
326 354
326 355
327 328
327 354
327 355
328 329
328 355
328 356
329 330
329 356
330 356
330 357
331 332
331 357
331 358
332 358
333 334
333 359
333 360
334 335
334 359
334 360
335 360
336 337
336 361
336 362
337 361
337 362
338 339
338 363
338 364
339 340
339 363
339 364
339 365
340 341
340 364
340 365
340 366
341 342
341 365
341 366
341 367
342 366
342 367
342 368
343 344
343 368
343 369
343 370
344 369
344 370
344 371
345 346
345 371
345 372
345 373
346 372
346 373
346 374
347 348
347 374
347 375
347 376
348 349
348 375
348 376
348 377
349 350
349 376
349 377
349 378
350 351
350 377
350 378
351 378
351 379
352 353
352 379
352 380
352 381
353 354
353 380
353 381
353 382
354 355
354 381
354 382
354 383
355 382
355 383
355 384
356 384
356 385
357 386
357 387
358 387
358 388
358 389
359 360
359 389
359 390
359 391
360 390
360 391
361 362
361 392
361 393
361 394
362 393
362 394
363 364
363 395
363 396
364 365
364 395
364 396
364 397
365 366
365 396
365 397
365 398
366 367
366 397
366 398
367 368
367 398
367 399
368 369
368 399
368 400
369 370
369 399
369 400
369 401
370 371
370 400
370 401
370 402
371 372
371 401
371 402
372 373
372 402
372 403
373 374
373 403
373 404
374 375
374 403
374 404
374 405
375 376
375 404
375 405
375 406
376 377
376 405
376 406
376 407
377 378
377 406
377 407
377 408
378 407
378 408
378 409
379 380
379 409
379 410
379 411
380 381
380 410
380 411
380 412
381 382
381 411
381 412
382 383
382 412
383 384
383 413
384 385
384 413
385 413
385 414
386 387
386 414
386 415
386 416
387 388
387 415
387 416
387 417
388 389
388 416
388 417
388 418
389 390
389 417
389 418
390 391
390 418
390 419
391 419
391 420
392 393
392 420
392 421
392 422
393 394
393 421
393 422
393 423
394 422
394 423
395 396
395 424
395 425
396 397
396 424
396 425
396 426
397 398
397 425
397 426
397 427
398 426
398 427
399 400
399 428
399 429
400 401
400 428
400 429
400 430
401 402
401 429
401 430
401 431
402 430
402 431
403 404
403 432
403 433
404 405
404 432
404 433
404 434
405 406
405 433
405 434
405 435
406 407
406 434
406 435
406 436
407 408
407 435
407 436
407 437
408 409
408 436
408 437
408 438
409 410
409 437
409 438
409 439
410 411
410 438
410 439
410 440
411 412
411 439
411 440
412 440
412 441
413 442
413 443
414 415
414 444
414 445
415 416
415 444
415 445
415 446
416 417
416 445
416 446
416 447
417 418
417 446
417 447
417 448
418 447
418 448
418 449
419 420
419 449
419 450
419 451
420 421
420 450
420 451
421 422
421 451
421 452
422 423
422 452
423 452
424 425
424 453
425 426
425 453
425 454
426 427
426 454
426 455
427 454
427 455
427 456
428 429
428 456
428 457
428 458
429 430
429 457
429 458
429 459
430 431
430 458
430 459
430 460
431 459
431 460
431 461
432 433
432 461
432 462
433 434
433 462
433 463
434 435
434 462
434 463
434 464
435 436
435 463
435 464
436 437
436 464
436 465
437 438
437 465
437 466
438 439
438 465
438 466
439 440
439 466
439 467
440 467
440 468
441 442
441 468
441 469
441 470
442 443
442 469
442 470
442 471
443 470
443 471
444 445
444 472
444 473
445 446
445 472
445 473
445 474
446 447
446 473
446 474
446 475
447 448
447 474
447 475
448 449
448 475
449 450
449 476
450 451
450 476
450 477
451 476
451 477
451 478
452 478
452 479
452 480
453 481
453 482
454 455
454 482
454 483
454 484
455 456
455 483
455 484
455 485
456 457
456 484
456 485
457 458
457 485
457 486
458 459
458 486
458 487
459 460
459 486
459 487
460 461
460 487
460 488
461 488
461 489
462 463
462 489
462 490
463 464
463 490
464 491
465 466
465 491
465 492
465 493
466 492
466 493
466 494
467 468
467 494
467 495
468 469
468 495
469 470
469 495
469 496
470 471
470 496
471 496
471 497
472 473
472 497
472 498
473 474
473 498
473 499
474 475
474 498
474 499
474 500
475 499
475 500
475 501
476 477
476 502
476 503
476 504
477 478
477 503
477 504
477 505
478 479
478 504
478 505
478 506
479 480
479 505
479 506
479 507
480 506
480 507
481 482
481 508
481 509
482 483
482 508
482 509
482 510
483 484
483 509
483 510
483 511
484 485
484 510
484 511
484 512
485 511
485 512
486 487
486 513
486 514
487 513
487 514
487 515
488 489
488 515
488 516
488 517
489 490
489 516
489 517
490 517
490 518
491 492
491 519
491 520
492 493
492 520
492 521
493 494
493 521
493 522
494 521
494 522
494 523
495 523
495 524
495 525
496 525
496 526
496 527
497 527
497 528
497 529
498 499
498 529
498 530
498 531
499 500
499 530
499 531
499 532
500 501
500 531
500 532
501 502
501 532
502 503
502 533
503 504
503 533
503 534
504 505
504 533
504 534
504 535
505 506
505 534
505 535
505 536
506 507
506 535
506 536
506 537
507 536
507 537
508 509
508 538
509 510
509 538
509 539
510 511
510 538
510 539
510 540
511 512
511 539
511 540
512 540
512 541
513 514
513 541
513 542
513 543
514 515
514 542
514 543
514 544
515 516
515 543
515 544
515 545
516 517
516 544
516 545
516 546
517 545
517 546
517 547
518 519
518 547
518 548
518 549
519 520
519 548
519 549
519 550
520 549
520 550
520 551
521 522
521 551
521 552
521 553
522 523
522 552
522 553
523 524
523 553
523 554
524 525
524 554
525 526
525 554
525 555
526 527
526 555
526 556
527 528
527 555
527 556
528 529
528 556
528 557
529 530
529 557
529 558
530 531
530 557
530 558
530 559
531 532
531 558
531 559
531 560
532 559
532 560
532 561
533 534
533 562
533 563
533 564
534 535
534 563
534 564
534 565
535 536
535 564
535 565
536 537
536 565
538 539
538 566
538 567
539 540
539 567
539 568
540 568
540 569
541 542
541 569
541 570
541 571
542 543
542 570
542 571
542 572
543 544
543 571
543 572
543 573
544 545
544 572
544 573
545 546
545 573
545 574
546 547
546 574
547 548
547 574
547 575
548 549
548 575
548 576
549 550
549 575
549 576
549 577
550 551
550 576
550 577
550 578
551 552
551 577
551 578
551 579
552 553
552 578
552 579
552 580
553 579
553 580
553 581
554 581
554 582
555 556
555 583
556 583
556 584
557 558
557 584
557 585
557 586
558 559
558 585
558 586
558 587
559 560
559 586
559 587
560 561
560 587
561 562
562 563
562 588
563 564
563 588
563 589
564 565
564 588
564 589
564 590
565 589
565 590
565 591
566 567
566 593
567 593
567 594
568 569
568 594
568 595
568 596
569 570
569 595
569 596
570 571
570 596
570 597
571 572
571 597
571 598
572 573
572 597
572 598
572 599
573 598
573 599
573 600
574 600
574 601
574 602
575 576
575 602
575 603
575 604
576 577
576 603
576 604
576 605
577 578
577 604
577 605
577 606
578 579
578 605
578 606
578 607
579 580
579 606
579 607
579 608
580 581
580 607
580 608
580 609
581 582
581 608
581 609
582 609
582 610
583 584
583 611
584 585
584 612
585 586
585 612
585 613
586 587
586 612
586 613
587 613
587 614
588 589
588 615
588 616
589 590
589 615
589 616
589 617
590 591
590 616
590 617
590 618
591 592
591 617
591 618
591 619
592 618
592 619
593 620
594 595
594 621
595 596
595 621
595 622
596 621
596 622
596 623
597 598
597 623
597 624
598 599
598 624
598 625
599 600
599 625
599 626
600 601
600 625
600 626
601 602
601 626
602 603
602 627
603 604
603 627
603 628
604 605
604 627
604 628
604 629
605 606
605 628
605 629
605 630
606 607
606 629
606 630
606 631
607 608
607 630
607 631
607 632
608 609
608 631
608 632
608 633
609 632
609 633
610 611
610 634
610 635
611 634
611 635
611 636
612 613
612 637
612 638
612 639
613 638
613 639
613 640
614 640
614 641
614 642
615 616
615 643
615 644
615 645
616 617
616 644
616 645
616 646
617 618
617 645
617 646
617 647
618 619
618 646
618 647
619 647
620 648
621 622
621 649
621 650
622 623
622 650
622 651
623 624
623 650
623 651
623 652
624 651
624 652
624 653
625 626
625 653
625 654
626 654
626 655
627 628
627 656
627 657
628 629
628 656
628 657
628 658
629 630
629 657
629 658
629 659
630 631
630 658
630 659
630 660
631 632
631 659
631 660
631 661
632 633
632 660
632 661
632 662
633 661
633 662
633 663
634 635
634 663
634 664
634 665
635 636
635 664
635 665
635 666
636 637
636 665
636 666
636 667
637 638
637 666
637 667
637 668
638 639
638 667
638 668
638 669
639 640
639 668
639 669
639 670
640 641
640 669
640 670
640 671
641 642
641 670
641 671
641 672
642 643
642 671
642 672
642 673
643 644
643 672
643 673
643 674
644 645
644 673
644 674
644 675
645 646
645 674
645 675
646 647
646 675
646 676
647 676
647 677
648 678
649 678
649 679
650 651
650 679
650 680
650 681
651 652
651 680
651 681
651 682
652 653
652 681
652 682
652 683
653 682
653 683
654 655
654 684
655 684
656 657
656 685
656 686
657 658
657 685
657 686
657 687
658 659
658 686
658 687
658 688
659 660
659 687
659 688
659 689
660 661
660 688
660 689
660 690
661 662
661 689
661 690
661 691
662 663
662 690
662 691
662 692
663 664
663 691
663 692
663 693
664 665
664 692
664 693
665 666
665 693
666 667
666 694
667 668
667 694
667 695
668 669
668 694
668 695
669 670
669 695
669 696
670 671
670 696
670 697
671 672
671 696
671 697
671 698
672 673
672 697
672 698
673 674
673 698
673 699
674 675
674 699
674 700
675 699
675 700
675 701
676 677
676 701
676 702
677 702
678 703
678 704
679 680
679 704
679 705
680 681
680 705
680 706
681 682
681 706
682 683
682 706
682 707
683 707
684 708
684 709
685 686
685 710
685 711
686 687
686 711
686 712
687 688
687 711
687 712
688 689
688 712
688 713
689 690
689 713
689 714
690 691
690 713
690 714
690 715
691 692
691 714
691 715
691 716
692 693
692 715
692 716
692 717
693 716
693 717
693 718
694 695
694 719
694 720
694 721
695 720
695 721
695 722
696 697
696 722
696 723
696 724
697 698
697 723
697 724
698 724
698 725
699 700
699 725
699 726
699 727
700 701
700 726
700 727
701 702
701 727
701 728
702 728
702 729
703 704
703 730
703 731
704 705
704 730
704 731
705 731
705 732
706 732
706 733
707 734
707 735
708 709
708 735
708 736
708 737
709 710
709 736
709 737
709 738
710 737
710 738
710 739
711 712
711 739
711 740
711 741
712 740
712 741
712 742
713 714
713 742
713 743
714 715
714 743
715 716
715 743
715 744
716 717
716 744
716 745
717 718
717 744
717 745
718 719
718 745
719 720
719 746
720 721
720 746
720 747
721 722
721 746
721 747
721 748
722 723
722 747
722 748
722 749
723 724
723 748
723 749
723 750
724 749
724 750
724 751
725 726
725 751
725 752
726 727
726 752
726 753
727 753
727 754
728 729
728 754
728 755
729 755
730 731
730 756
730 757
730 758
731 757
731 758
731 759
732 733
732 759
732 760
732 761
733 760
733 761
733 762
734 735
734 762
734 763
735 736
735 763
735 764
736 737
736 763
736 764
736 765
737 738
737 764
737 765
737 766
738 739
738 765
738 766
738 767
739 740
739 766
739 767
739 768
740 741
740 767
740 768
740 769
741 742
741 768
741 769
741 770
742 769
742 770
742 771
743 771
743 772
743 773
744 745
744 773
744 774
745 774
745 775
746 747
746 776
746 777
747 748
747 777
747 778
748 749
748 778
748 779
749 750
749 778
749 779
749 780
750 751
750 779
750 780
751 752
751 780
751 781
752 781
753 754
753 782
753 783
754 755
754 782
754 783
754 784
755 783
755 784
755 785
756 757
756 786
756 787
757 758
757 786
757 787
757 788
758 759
758 787
758 788
758 789
759 760
759 788
759 789
760 761
760 789
761 762
761 790
762 790
762 791
763 764
763 791
763 792
763 793
764 765
764 792
764 793
764 794
765 766
765 793
765 794
765 795
766 767
766 794
766 795
766 796
767 768
767 795
767 796
767 797
768 769
768 796
768 797
768 798
769 770
769 797
769 798
769 799
770 771
770 798
770 799
770 800
771 772
771 799
771 800
771 801
772 773
772 800
772 801
772 802
773 801
773 802
773 803
774 775
774 803
774 804
774 805
775 776
775 804
775 805
776 777
776 805
776 806
777 806
777 807
778 779
778 807
778 808
778 809
779 780
779 808
779 809
779 810
780 809
780 810
780 811
781 811
781 812
781 813
782 783
782 813
782 814
782 815
783 784
783 814
783 815
783 816
784 785
784 815
784 816
784 817
785 816
785 817
786 787
786 818
786 819
787 788
787 818
787 819
787 820
788 789
788 819
788 820
788 821
789 820
789 821
789 822
790 791
790 823
791 792
792 793
792 824
793 794
793 824
793 825
794 795
794 824
794 825
795 796
795 825
795 826
796 797
796 826
796 827
797 798
797 826
797 827
798 799
798 827
798 828
799 800
799 828
800 801
800 828
800 829
801 802
801 829
802 803
802 829
802 830
803 804
803 830
803 831
804 805
804 830
804 831
805 831
805 832
806 807
806 832
806 833
806 834
807 808
807 833
807 834
807 835
808 809
808 834
808 835
808 836
809 810
809 835
809 836
809 837
810 811
810 836
810 837
810 838
811 812
811 837
811 838
812 813
812 838
812 839
813 814
813 839
813 840
814 815
814 839
814 840
814 841
815 816
815 840
815 841
815 842
816 817
816 841
816 842
816 843
817 842
817 843
818 819
818 844
819 820
819 844
820 821
820 844
821 822
821 845
822 823
822 845
823 845
824 825
824 847
824 848
825 847
825 848
826 827
826 849
827 849
827 850
828 850
828 851
829 852
830 831
830 852
830 853
830 854
831 853
831 854
831 855
832 833
832 855
832 856
833 834
833 856
833 857
834 835
834 856
834 857
834 858
835 836
835 857
835 858
836 837
836 858
836 859
837 838
837 859
838 859
839 840
839 860
839 861
840 841
840 860
840 861
840 862
841 842
841 861
841 862
841 863
842 843
842 862
842 863
843 863
844 864
844 865
844 866
845 867
845 868
845 869
846 870
846 871
847 848
847 872
847 873
848 872
848 873
848 874
849 850
849 875
849 876
849 877
850 851
850 876
850 877
850 878
851 877
851 878
851 879
852 853
852 880
852 881
852 882
853 854
853 881
853 882
853 883
854 855
854 882
854 883
854 884
855 883
855 884
855 885
856 857
856 885
856 886
857 858
857 886
857 887
858 886
858 887
858 888
859 888
859 889
859 890
860 861
860 891
860 892
860 893
861 862
861 892
861 893
862 863
862 893
862 894
863 894
863 895
864 865
864 896
864 897
865 866
865 896
865 897
865 898
866 867
866 897
866 898
866 899
867 868
867 898
867 899
867 900
868 869
868 899
868 900
868 901
869 870
869 900
869 901
869 902
870 871
870 901
870 902
870 903
871 902
871 903
871 904
872 873
872 904
872 905
873 874
873 905
873 906
874 875
874 905
874 906
874 907
875 876
875 906
875 907
875 908
876 877
876 907
876 908
876 909
877 878
877 908
877 909
878 879
878 909
878 910
879 880
879 910
879 911
880 881
880 910
880 911
880 912
881 882
881 911
881 912
881 913
882 883
882 912
882 913
882 914
883 884
883 913
883 914
884 885
884 914
885 915
886 887
886 915
887 888
888 889
888 916
889 890
889 916
889 917
890 891
890 916
890 917
890 918
891 892
891 917
891 918
891 919
892 893
892 918
892 919
892 920
893 919
893 920
893 921
894 895
894 921
894 922
894 923
895 922
895 923
896 897
896 924
896 925
897 898
897 924
897 925
898 899
898 925
899 900
899 926
900 901
900 926
901 902
901 926
901 927
902 903
902 927
902 928
903 904
903 927
903 928
903 929
904 928
904 929
904 930
905 906
905 930
905 931
906 907
906 931
906 932
907 908
907 932
907 933
908 909
908 932
908 933
908 934
909 933
909 934
909 935
910 911
910 935
910 936
911 912
911 936
911 937
912 913
912 937
912 938
913 914
913 937
913 938
913 939
914 938
914 939
915 940
915 941
915 942
916 917
916 944
916 945
917 918
917 945
918 919
918 945
918 946
919 920
919 946
919 947
920 921
920 946
920 947
921 922
921 947
921 948
922 923
922 948
923 948
924 925
924 949
924 950
925 949
925 950
925 951
926 952
926 953
927 928
927 954
927 955
928 929
928 954
928 955
928 956
929 930
929 955
929 956
929 957
930 931
930 956
930 957
930 958
931 957
931 958
931 959
932 933
932 959
932 960
932 961
933 934
933 960
933 961
933 962
934 935
934 961
934 962
934 963
935 936
935 962
935 963
935 964
936 963
936 964
936 965
937 938
937 965
937 966
937 967
938 939
938 966
938 967
938 968
939 967
939 968
939 969
940 941
940 969
940 970
940 971
941 942
941 970
941 971
942 943
942 971
942 972
943 944
943 972
944 972
944 973
945 973
945 974
945 975
946 947
946 975
946 976
946 977
947 976
947 977
947 978
948 978
948 979
949 950
950 951
951 952
952 953
954 955
955 956
956 957
957 958
958 959
959 960
960 961
961 962
962 963
963 964
964 965
965 966
966 967
967 968
968 969
969 970
970 971
973 974
974 975
975 976
976 977
977 978
