# FromNodeId	ToNodeId
0 1
0 24
0 25
1 2
1 25
1 26
2 3
2 25
2 26
2 27
3 4
3 26
3 27
3 28
4 5
4 27
4 28
4 29
5 28
5 29
5 30
6 7
6 30
6 31
7 8
7 31
7 32
8 31
8 32
8 33
9 10
9 33
9 34
10 11
10 34
10 35
11 12
11 35
11 36
12 35
12 36
12 37
13 14
13 37
13 38
13 39
14 38
14 39
14 40
15 16
15 40
15 41
15 42
16 17
16 41
16 42
16 43
17 18
17 42
17 43
18 19
18 43
18 44
19 20
19 44
20 21
20 44
20 45
21 22
21 45
21 46
22 45
22 46
22 47
23 47
23 48
24 49
25 26
25 50
25 51
26 27
26 50
26 51
26 52
27 28
27 51
27 52
28 29
28 52
29 30
29 53
30 53
30 54
31 32
31 54
31 55
32 33
32 55
32 56
33 34
33 55
33 56
33 57
34 56
34 57
34 58
35 36
35 58
35 59
35 60
36 37
36 59
36 60
36 61
37 38
37 60
37 61
37 62
38 39
38 61
38 62
38 63
39 40
39 62
39 63
39 64
40 41
40 63
40 64
40 65
41 42
41 64
41 65
41 66
42 43
42 65
42 66
43 66
43 67
44 67
44 68
44 69
45 46
45 69
45 70
45 71
46 47
46 70
46 71
46 72
47 48
47 71
47 72
47 73
48 72
48 73
49 74
49 75
50 51
50 75
50 76
51 52
51 76
51 77
52 77
52 78
53 54
53 79
54 80
55 56
55 80
55 81
55 82
56 57
56 81
56 82
56 83
57 58
57 82
57 83
57 84
58 59
58 83
58 84
58 85
59 60
59 84
59 85
60 61
60 85
60 86
61 62
61 86
61 87
62 63
62 86
62 87
62 88
63 64
63 87
63 88
63 89
64 65
64 88
64 89
64 90
65 66
65 89
65 90
65 91
66 90
66 91
66 92
67 68
67 92
67 93
67 94
68 69
68 93
68 94
68 95
69 70
69 94
69 95
69 96
70 71
70 95
70 96
70 97
71 72
71 96
71 97
71 98
72 73
72 97
72 98
72 99
73 98
73 99
74 75
74 100
74 101
75 76
75 100
75 101
76 101
76 102
77 78
77 102
77 103
78 79
78 103
78 104
79 103
79 104
79 105
80 81
80 106
80 107
81 82
81 106
81 107
81 108
82 83
82 107
82 108
82 109
83 84
83 108
83 109
83 110
84 85
84 109
84 110
85 110
85 111
86 87
86 111
86 112
87 88
87 112
87 113
88 89
88 113
88 114
89 90
89 113
89 114
89 115
90 91
90 114
90 115
90 116
91 92
91 115
91 116
91 117
92 93
92 116
92 117
92 118
93 94
93 117
93 118
93 119
94 95
94 118
94 119
94 120
95 96
95 119
95 120
95 121
96 97
96 120
96 121
96 122
97 98
97 121
97 122
97 123
98 99
98 122
98 123
98 124
99 123
99 124
100 101
100 125
100 126
101 125
101 126
101 127
102 127
102 128
102 129
103 104
103 129
103 130
103 131
104 105
104 130
104 131
104 132
105 131
105 132
105 133
106 107
106 133
106 134
107 108
107 134
107 135
108 109
108 135
108 136
109 110
109 135
109 136
109 137
110 136
110 137
110 138
111 112
111 138
111 139
111 140
112 139
112 140
112 141
113 114
113 141
113 142
113 143
114 115
114 142
114 143
114 144
115 116
115 143
115 144
115 145
116 117
116 144
116 145
116 146
117 118
117 145
117 146
117 147
118 119
118 146
118 147
118 148
119 120
119 147
119 148
119 149
120 121
120 148
120 149
120 150
121 122
121 149
121 150
121 151
122 123
122 150
122 151
122 152
123 124
123 151
123 152
123 153
124 152
124 153
125 126
125 154
126 127
126 154
127 128
127 154
128 129
128 155
129 130
129 155
129 156
130 131
130 155
130 156
130 157
131 132
131 156
131 157
131 158
132 133
132 157
132 158
132 159
133 134
133 158
133 159
134 159
134 160
135 136
135 160
135 161
135 162
136 137
136 161
136 162
136 163
137 138
137 162
137 163
137 164
138 139
138 163
138 164
138 165
139 140
139 164
139 165
139 166
140 141
140 165
140 166
140 167
141 142
141 166
141 167
141 168
142 143
142 167
142 168
142 169
143 144
143 168
143 169
144 145
144 169
144 170
145 146
145 170
145 171
146 147
146 170
146 171
147 148
147 171
148 149
148 172
149 150
149 172
149 173
150 151
150 172
150 173
151 152
151 173
151 174
152 153
152 174
153 174
154 175
154 176
155 156
155 177
155 178
155 179
156 157
156 178
156 179
156 180
157 158
157 179
157 180
157 181
158 159
158 180
158 181
158 182
159 181
159 182
159 183
160 161
160 183
160 184
160 185
161 162
161 184
161 185
161 186
162 163
162 185
162 186
162 187
163 164
163 186
163 187
164 165
164 187
165 166
165 188
166 167
166 188
166 189
167 168
167 188
167 189
167 190
168 169
168 189
168 190
168 191
169 190
169 191
169 192
170 171
170 192
170 193
171 193
172 173
172 194
172 195
172 196
173 195
173 196
173 197
174 197
174 198
175 176
175 199
175 200
176 177
176 200
176 201
177 178
177 201
177 202
178 179
178 201
178 202
178 203
179 180
179 202
179 203
179 204
180 181
180 203
180 204
181 182
181 204
181 205
182 183
182 205
182 206
183 184
183 205
183 206
184 185
184 206
185 186
185 207
186 187
186 207
186 208
187 207
187 208
187 209
188 189
188 210
188 211
188 212
189 190
189 211
189 212
190 191
190 212
190 213
191 192
191 213
192 193
192 213
193 214
194 195
194 215
195 196
195 216
196 197
196 216
196 217
197 198
197 216
197 217
197 218
198 217
198 218
198 219
199 200
199 220
199 221
200 220
200 221
200 222
201 202
201 222
201 223
201 224
202 203
202 223
202 224
202 225
203 204
203 224
203 225
203 226
204 225
204 226
204 227
205 206
205 227
205 228
205 229
206 228
206 229
206 230
207 208
207 231
207 232
207 233
208 209
208 232
208 233
208 234
209 210
209 233
209 234
209 235
210 211
210 234
210 235
210 236
211 212
211 235
211 236
211 237
212 236
212 237
212 238
213 238
213 239
213 240
214 215
214 241
214 242
214 243
215 242
215 243
215 244
216 217
216 245
216 246
216 247
217 218
217 246
217 247
217 248
218 219
218 247
218 248
218 249
219 248
219 249
220 221
220 250
220 251
221 222
221 250
221 251
221 252
222 223
222 251
222 252
223 224
223 252
223 253
224 225
224 253
224 254
225 226
225 253
225 254
225 255
226 227
226 254
226 255
226 256
227 228
227 255
227 256
227 257
228 229
228 256
228 257
228 258
229 230
229 257
229 258
229 259
230 231
230 258
230 259
230 260
231 232
231 259
231 260
231 261
232 233
232 260
232 261
232 262
233 234
233 261
233 262
233 263
234 235
234 262
234 263
234 264
235 236
235 263
235 264
236 237
236 264
237 238
238 239
238 265
239 240
239 265
239 266
240 241
240 265
240 266
240 267
241 242
241 266
241 267
241 268
242 243
242 267
242 268
243 244
243 268
243 269
244 245
244 269
244 270
245 246
245 269
245 270
245 271
246 247
246 270
246 271
246 272
247 248
247 271
247 272
247 273
248 249
248 272
248 273
248 274
249 273
249 274
250 251
250 275
251 252
251 275
251 276
252 276
252 277
253 254
253 277
253 278
254 255
254 278
254 279
255 256
255 278
255 279
255 280
256 257
256 279
256 280
256 281
257 258
257 280
257 281
257 282
258 259
258 281
258 282
258 283
259 260
259 282
259 283
259 284
260 261
260 283
260 284
260 285
261 262
261 284
261 285
261 286
262 263
262 285
262 286
262 287
263 264
263 286
263 287
263 288
264 287
264 288
264 289
265 266
265 290
265 291
266 267
266 290
266 291
266 292
267 268
267 291
267 292
267 293
268 292
268 293
269 270
269 294
270 271
270 294
271 272
271 294
272 273
273 274
273 295
274 295
275 296
275 297
276 277
276 297
276 298
276 299
277 298
277 299
277 300
278 279
278 300
278 301
279 280
279 301
279 302
280 281
280 301
280 302
281 282
281 302
281 303
282 283
282 303
283 284
283 303
283 304
284 285
284 304
284 305
285 286
285 304
285 305
285 306
286 287
286 305
286 306
286 307
287 288
287 306
287 307
288 289
288 307
288 308
289 308
289 309
290 291
290 310
290 311
290 312
291 292
291 311
291 312
291 313
292 293
292 312
292 313
292 314
293 313
293 314
293 315
294 316
294 317
295 319
296 297
296 320
297 298
297 320
297 321
298 299
298 321
298 322
299 300
299 321
299 322
299 323
300 322
300 323
300 324
301 302
301 324
301 325
301 326
302 325
302 326
302 327
303 327
303 328
303 329
304 305
304 329
304 330
304 331
305 306
305 330
305 331
305 332
306 307
306 331
306 332
306 333
307 332
307 333
307 334
308 309
308 334
308 335
308 336
309 310
309 335
309 336
309 337
310 311
310 336
310 337
310 338
311 312
311 337
311 338
312 313
312 338
312 339
313 314
313 339
314 315
314 339
314 340
315 340
316 317
316 341
317 318
317 341
317 342
318 319
318 341
318 342
318 343
319 342
319 343
320 344
321 322
321 345
321 346
322 323
322 345
322 346
322 347
323 324
323 346
323 347
323 348
324 325
324 347
324 348
324 349
325 326
325 348
325 349
326 327
326 349
326 350
327 328
327 350
327 351
328 329
328 350
328 351
328 352
329 330
329 351
329 352
329 353
330 331
330 352
330 353
330 354
331 332
331 353
331 354
331 355
332 333
332 354
332 355
332 356
333 334
333 355
333 356
333 357
334 335
334 356
334 357
334 358
335 336
335 357
335 358
336 337
336 358
336 359
337 338
337 359
338 359
339 360
339 361
340 361
340 362
340 363
341 342
341 364
341 365
342 343
342 365
342 366
343 366
343 367
344 368
345 346
345 368
345 369
345 370
346 347
346 369
346 370
346 371
347 348
347 370
347 371
347 372
348 349
348 371
348 372
348 373
349 372
349 373
349 374
350 351
350 374
350 375
350 376
351 352
351 375
351 376
351 377
352 353
352 376
352 377
352 378
353 354
353 377
353 378
353 379
354 355
354 378
354 379
354 380
355 356
355 379
355 380
355 381
356 357
356 380
356 381
357 358
357 381
357 382
358 382
359 383
359 384
360 361
360 385
360 386
360 387
361 362
361 386
361 387
362 363
362 387
362 388
363 364
363 388
363 389
364 365
364 388
364 389
364 390
365 389
365 390
365 391
366 367
366 391
366 392
366 393
367 392
367 393
368 369
368 394
368 395
369 370
369 395
369 396
370 371
370 395
370 396
370 397
371 372
371 396
371 397
371 398
372 373
372 397
372 398
372 399
373 374
373 398
373 399
374 375
374 399
374 400
375 376
375 400
375 401
376 377
376 400
376 401
376 402
377 378
377 401
377 402
377 403
378 379
378 402
378 403
379 380
379 403
379 404
380 381
380 404
380 405
381 404
381 405
381 406
382 406
382 407
382 408
383 384
383 408
383 409
383 410
384 385
384 409
384 410
384 411
385 386
385 410
385 411
385 412
386 387
386 411
386 412
386 413
387 412
387 413
387 414
388 389
388 414
388 415
388 416
389 390
389 415
389 416
389 417
390 391
390 416
390 417
391 392
391 417
391 418
392 393
392 418
392 419
393 418
393 419
394 420
394 421
395 396
395 421
395 422
396 397
396 422
396 423
397 398
397 422
397 423
397 424
398 399
398 423
398 424
398 425
399 424
399 425
399 426
400 401
400 426
400 427
401 402
401 427
401 428
402 403
402 428
402 429
403 428
403 429
403 430
404 405
404 430
404 431
404 432
405 406
405 431
405 432
406 407
406 432
406 433
407 408
407 433
407 434
408 409
408 433
408 434
408 435
409 410
409 434
409 435
409 436
410 411
410 435
410 436
410 437
411 412
411 436
411 437
411 438
412 413
412 437
412 438
412 439
413 414
413 438
413 439
413 440
414 415
414 439
414 440
414 441
415 416
415 440
415 441
416 417
416 441
417 442
418 419
418 442
418 443
419 443
420 421
420 444
420 445
421 444
421 445
421 446
422 423
422 446
422 447
423 424
423 447
423 448
424 425
424 447
424 448
425 426
425 448
425 449
426 427
426 449
427 449
428 429
428 450
428 451
429 430
429 450
429 451
429 452
430 431
430 451
430 452
430 453
431 432
431 452
431 453
431 454
432 453
432 454
433 434
433 455
433 456
434 435
434 455
434 456
435 436
435 456
435 457
436 437
436 457
436 458
437 438
437 457
437 458
438 439
438 458
439 440
439 459
440 441
440 459
441 459
441 460
442 443
442 461
442 462
443 461
443 462
443 463
444 445
444 464
444 465
445 446
445 464
445 465
445 466
446 465
446 466
446 467
447 448
447 467
447 468
448 468
448 469
449 469
449 470
449 471
450 451
450 472
450 473
450 474
451 452
451 473
451 474
451 475
452 453
452 474
452 475
452 476
453 454
453 475
453 476
453 477
454 476
454 477
454 478
455 456
455 478
455 479
456 479
456 480
457 458
457 480
457 481
458 481
458 482
459 483
459 484
459 485
460 485
460 486
461 462
461 486
461 487
461 488
462 463
462 487
462 488
463 488
464 465
464 489
464 490
465 466
465 489
465 490
465 491
466 467
466 490
466 491
466 492
467 491
467 492
468 469
468 493
468 494
469 470
469 493
469 494
469 495
470 471
470 494
470 495
470 496
471 472
471 495
471 496
471 497
472 473
472 496
472 497
472 498
473 474
473 497
473 498
473 499
474 475
474 498
474 499
474 500
475 476
475 499
475 500
475 501
476 477
476 500
476 501
477 478
477 501
477 502
478 479
478 502
478 503
479 502
479 503
479 504
480 481
480 504
480 505
481 505
481 506
482 483
482 506
482 507
482 508
483 484
483 507
483 508
483 509
484 485
484 508
484 509
484 510
485 509
485 510
485 511
486 487
486 511
486 512
487 488
487 512
487 513
488 513
488 514
489 490
489 515
490 491
490 515
490 516
491 492
491 516
491 517
492 516
492 517
493 494
493 518
493 519
494 495
494 518
494 519
495 496
495 519
495 520
496 497
496 520
497 498
497 520
498 499
499 500
499 521
500 501
500 521
500 522
501 521
501 522
501 523
502 503
502 523
502 524
502 525
503 504
503 524
503 525
503 526
504 505
504 525
504 526
504 527
505 526
505 527
506 507
506 528
506 529
507 508
507 528
507 529
507 530
508 509
508 529
508 530
509 510
509 530
510 511
511 512
511 531
512 531
513 514
513 532
514 532
515 533
515 534
516 517
516 534
516 535
516 536
517 535
517 536
517 537
518 519
518 537
518 538
518 539
519 538
519 539
520 540
520 541
521 522
521 543
521 544
521 545
522 523
522 544
522 545
523 524
523 545
524 525
525 526
525 546
526 527
526 546
526 547
527 546
527 547
528 529
528 548
528 549
529 530
529 548
529 549
529 550
530 549
530 550
530 551
531 552
532 553
533 534
533 554
534 535
534 554
534 555
535 536
535 555
535 556
536 537
536 555
536 556
536 557
537 538
537 556
537 557
537 558
538 539
538 557
538 558
538 559
539 558
539 559
539 560
540 541
540 560
540 561
540 562
541 542
541 561
541 562
541 563
542 543
542 562
542 563
542 564
543 544
543 563
543 564
544 545
544 564
544 565
545 565
545 566
546 547
546 568
546 569
546 570
547 569
547 570
548 549
548 571
548 572
549 550
549 571
549 572
549 573
550 551
550 572
550 573
550 574
551 573
551 574
552 553
552 576
552 577
552 578
553 577
553 578
553 579
554 580
554 581
555 556
555 581
556 557
556 582
557 558
557 582
557 583
558 559
558 582
558 583
559 560
559 583
560 561
560 584
561 562
561 584
561 585
562 563
562 584
562 585
562 586
563 564
563 585
563 586
564 586
564 587
565 566
565 587
565 588
565 589
566 567
566 588
566 589
566 590
567 568
567 589
567 590
567 591
568 569
568 590
568 591
568 592
569 570
569 591
569 592
570 592
570 593
571 572
571 593
571 594
571 595
572 573
572 594
572 595
572 596
573 574
573 595
573 596
573 597
574 596
574 597
574 598
575 576
575 598
575 599
575 600
576 577
576 599
576 600
576 601
577 578
577 600
577 601
577 602
578 579
578 601
578 602
578 603
579 602
579 603
580 581
580 604
580 605
581 604
581 605
581 606
582 583
582 607
583 607
583 608
584 585
584 609
584 610
585 586
585 610
586 610
586 611
587 588
587 611
587 612
587 613
588 589
588 612
588 613
588 614
589 590
589 613
589 614
589 615
590 591
590 614
590 615
590 616
591 592
591 615
591 616
591 617
592 616
592 617
592 618
593 594
593 618
593 619
593 620
594 595
594 619
594 620
594 621
595 596
595 620
595 621
595 622
596 597
596 621
596 622
597 598
597 622
597 623
598 599
598 623
598 624
599 600
599 623
599 624
599 625
600 601
600 624
600 625
600 626
601 602
601 625
601 626
601 627
602 603
602 626
602 627
602 628
603 627
603 628
604 605
604 629
604 630
605 606
605 629
605 630
605 631
606 630
606 631
606 632
607 608
607 633
608 609
608 633
608 634
609 634
609 635
610 635
610 636
610 637
611 612
611 637
611 638
611 639
612 613
612 638
612 639
612 640
613 614
613 639
613 640
614 615
614 640
614 641
615 616
615 641
615 642
616 617
616 641
616 642
616 643
617 618
617 642
617 643
618 619
618 643
618 644
619 620
619 644
620 621
620 644
620 645
621 622
621 645
621 646
622 645
622 646
622 647
623 624
623 647
623 648
623 649
624 625
624 648
624 649
624 650
625 626
625 649
625 650
625 651
626 627
626 650
626 651
626 652
627 628
627 651
627 652
628 652
629 630
629 653
630 631
630 653
630 654
631 632
631 654
631 655
632 654
632 655
632 656
633 656
633 657
633 658
634 635
634 658
634 659
635 636
635 659
635 660
636 637
636 660
636 661
637 638
637 660
637 661
638 639
638 661
639 640
640 662
641 642
641 662
641 663
642 643
642 663
643 664
644 664
644 665
645 646
645 665
645 666
645 667
646 647
646 666
646 667
646 668
647 648
647 667
647 668
647 669
648 649
648 668
648 669
649 650
649 669
649 670
650 651
650 670
650 671
651 652
651 670
651 671
651 672
652 671
652 672
652 673
653 674
654 655
654 675
654 676
655 656
655 675
655 676
655 677
656 657
656 676
656 677
656 678
657 658
657 677
657 678
657 679
658 659
658 678
658 679
659 679
659 680
660 661
660 680
660 681
660 682
661 681
661 682
661 683
662 663
662 685
662 686
663 686
663 687
664 688
664 689
665 666
665 689
665 690
666 667
666 690
666 691
667 668
667 690
667 691
667 692
668 669
668 691
668 692
668 693
669 692
669 693
669 694
670 671
670 694
670 695
670 696
671 672
671 695
671 696
672 673
672 696
672 697
673 697
674 698
674 699
675 676
675 699
675 700
675 701
676 677
676 700
676 701
677 678
677 701
677 702
678 679
678 702
678 703
679 702
679 703
679 704
680 681
680 704
680 705
681 682
681 705
681 706
682 683
682 705
682 706
682 707
683 684
683 706
683 707
684 685
684 707
685 686
685 708
686 708
687 688
687 709
688 709
688 710
689 710
689 711
689 712
690 691
690 712
690 713
690 714
691 692
691 713
691 714
691 715
692 693
692 714
692 715
693 694
693 715
693 716
694 695
694 716
695 696
695 716
695 717
696 717
696 718
697 718
697 719
698 699
699 700
700 701
702 703
703 704
705 706
706 707
710 711
711 712
712 713
713 714
714 715
717 718
718 719
