# FromNodeId	ToNodeId
0 1
0 36
0 37
1 2
1 36
1 37
1 38
2 3
2 37
2 38
2 39
3 4
3 38
3 39
3 40
4 5
4 39
4 40
4 41
5 6
5 40
5 41
5 42
6 41
6 42
6 43
7 8
7 44
7 45
7 46
8 9
8 45
8 46
8 47
9 10
9 46
9 47
9 48
10 11
10 47
10 48
11 12
11 48
12 13
12 49
13 14
13 49
13 50
14 15
14 49
14 50
14 51
15 16
15 50
15 51
16 17
16 51
16 52
17 18
17 52
17 53
18 19
18 52
18 53
18 54
19 20
19 53
19 54
19 55
20 21
20 54
20 55
20 56
21 22
21 55
21 56
21 57
22 23
22 56
22 57
22 58
23 24
23 57
23 58
23 59
24 58
24 59
24 60
25 60
25 61
25 62
26 27
26 62
26 63
26 64
27 28
27 63
27 64
27 65
28 29
28 64
28 65
28 66
29 30
29 65
29 66
29 67
30 31
30 66
30 67
31 32
31 67
31 68
32 33
32 68
32 69
33 34
33 68
33 69
34 35
34 69
36 37
36 70
36 71
37 38
37 70
37 71
37 72
38 39
38 71
38 72
38 73
39 40
39 72
39 73
39 74
40 41
40 73
40 74
41 42
41 74
41 75
42 43
42 75
42 76
43 44
43 75
43 76
43 77
44 45
44 76
44 77
44 78
45 46
45 77
45 78
45 79
46 47
46 78
46 79
46 80
47 48
47 79
47 80
47 81
48 80
48 81
48 82
49 50
49 83
49 84
49 85
50 51
50 84
50 85
50 86
51 85
51 86
51 87
52 53
52 87
52 88
53 54
53 88
54 55
54 89
55 56
55 89
55 90
56 57
56 89
56 90
56 91
57 58
57 90
57 91
57 92
58 59
58 91
58 92
58 93
59 60
59 92
59 93
59 94
60 61
60 93
60 94
60 95
61 62
61 94
61 95
61 96
62 63
62 95
62 96
63 64
63 96
63 97
64 65
64 97
64 98
65 66
65 97
65 98
66 67
66 98
67 99
68 69
68 99
68 100
68 101
69 100
69 101
70 71
70 103
70 104
71 72
71 103
71 104
71 105
72 73
72 104
72 105
72 106
73 74
73 105
73 106
73 107
74 106
74 107
75 76
75 108
75 109
76 77
76 108
76 109
77 78
77 109
77 110
78 79
78 110
78 111
79 80
79 110
79 111
79 112
80 81
80 111
80 112
80 113
81 82
81 112
81 113
81 114
82 83
82 113
82 114
82 115
83 84
83 114
83 115
83 116
84 85
84 115
84 116
84 117
85 86
85 116
85 117
85 118
86 87
86 117
86 118
86 119
87 88
87 118
87 119
87 120
88 119
88 120
88 121
89 90
89 122
89 123
89 124
90 91
90 123
90 124
91 92
91 124
91 125
92 93
92 125
92 126
93 94
93 125
93 126
93 127
94 95
94 126
94 127
94 128
95 96
95 127
95 128
95 129
96 128
96 129
96 130
97 98
97 130
97 131
98 131
98 132
99 100
99 133
99 134
100 101
100 133
100 134
100 135
101 134
101 135
101 136
102 136
102 137
103 104
103 138
104 105
104 138
104 139
105 106
105 138
105 139
106 107
106 139
107 140
108 109
108 140
108 141
109 141
109 142
110 111
110 142
110 143
110 144
111 112
111 143
111 144
111 145
112 113
112 144
112 145
113 114
113 145
113 146
114 115
114 146
114 147
115 116
115 146
115 147
115 148
116 117
116 147
116 148
116 149
117 118
117 148
117 149
117 150
118 119
118 149
118 150
119 120
119 150
119 151
120 121
120 151
120 152
121 122
121 151
121 152
121 153
122 123
122 152
122 153
123 124
123 153
123 154
124 154
125 126
125 155
125 156
126 127
126 155
126 156
126 157
127 128
127 156
127 157
127 158
128 129
128 157
128 158
128 159
129 130
129 158
129 159
129 160
130 131
130 159
130 160
130 161
131 160
131 161
131 162
132 162
133 134
133 163
133 164
134 135
134 163
134 164
134 165
135 136
135 164
135 165
135 166
136 137
136 165
136 166
136 167
137 166
137 167
138 139
138 168
138 169
139 169
139 170
140 171
140 172
140 173
141 142
141 173
141 174
141 175
142 143
142 174
142 175
142 176
143 144
143 175
143 176
144 145
144 176
145 177
146 147
146 177
146 178
147 148
147 178
148 149
148 178
148 179
149 150
149 179
149 180
150 179
150 180
150 181
151 152
151 181
151 182
152 153
152 182
153 183
154 183
154 184
154 185
155 156
155 185
155 186
155 187
156 157
156 186
156 187
156 188
157 158
157 187
157 188
157 189
158 159
158 188
158 189
158 190
159 160
159 189
159 190
159 191
160 161
160 190
160 191
160 192
161 162
161 191
161 192
161 193
162 192
162 193
162 194
163 164
163 195
163 196
163 197
164 165
164 196
164 197
164 198
165 166
165 197
165 198
165 199
166 167
166 198
166 199
166 200
167 199
167 200
168 169
168 201
168 202
169 201
169 202
169 203
170 171
170 203
170 204
171 172
171 204
171 205
172 173
172 204
172 205
173 174
173 205
173 206
174 175
174 206
174 207
175 176
175 206
175 207
175 208
176 207
176 208
177 209
177 210
178 211
179 180
179 212
180 181
180 212
180 213
181 182
181 212
181 213
182 213
182 214
183 184
183 215
183 216
183 217
184 185
184 216
184 217
185 186
185 217
185 218
186 187
186 218
186 219
187 188
187 218
187 219
187 220
188 189
188 219
188 220
188 221
189 190
189 220
189 221
189 222
190 191
190 221
190 222
190 223
191 192
191 222
191 223
191 224
192 193
192 223
192 224
193 194
193 224
194 195
194 225
195 196
195 225
195 226
196 197
196 225
196 226
197 198
197 226
197 227
198 199
198 227
198 228
199 200
199 227
199 228
199 229
200 228
200 229
201 202
201 230
201 231
202 203
202 230
202 231
202 232
203 231
203 232
204 205
204 233
204 234
205 233
205 234
205 235
206 207
206 235
206 236
206 237
207 208
207 236
207 237
208 237
209 210
209 238
209 239
210 238
210 239
211 240
211 241
212 213
212 242
212 243
212 244
213 243
213 244
213 245
214 215
214 245
214 246
215 216
215 246
216 217
216 247
217 247
218 219
218 248
219 220
219 248
220 221
220 249
221 222
221 249
222 223
222 249
222 250
223 224
223 250
223 251
224 250
224 251
224 252
225 226
225 253
225 254
225 255
226 254
226 255
226 256
227 228
227 256
227 257
227 258
228 229
228 257
228 258
228 259
229 258
229 259
230 231
230 260
230 261
231 232
231 260
231 261
232 261
232 262
233 234
233 262
233 263
234 235
234 263
235 236
235 263
235 264
236 237
236 264
237 264
237 265
238 239
238 266
238 267
238 268
239 267
239 268
239 269
240 241
240 269
240 270
240 271
241 242
241 270
241 271
242 243
242 271
242 272
243 244
243 272
244 245
244 272
244 273
245 246
245 273
246 273
246 274
247 275
247 276
247 277
248 277
248 278
248 279
249 280
249 281
249 282
250 251
250 282
250 283
250 284
251 252
251 283
251 284
251 285
252 253
252 284
252 285
252 286
253 254
253 285
253 286
253 287
254 255
254 286
254 287
255 256
255 287
255 288
256 257
256 288
256 289
257 258
257 288
257 289
257 290
258 259
258 289
258 290
259 290
260 261
260 291
261 291
261 292
262 292
262 293
262 294
263 294
264 295
264 296
265 266
265 296
265 297
265 298
266 267
266 297
266 298
266 299
267 268
267 298
267 299
267 300
268 269
268 299
268 300
268 301
269 270
269 300
269 301
269 302
270 271
270 301
270 302
270 303
271 302
271 303
272 304
272 305
273 305
273 306
273 307
274 275
274 307
274 308
274 309
275 276
275 308
275 309
275 310
276 277
276 309
276 310
276 311
277 278
277 310
277 311
277 312
278 279
278 311
278 312
278 313
279 280
279 312
279 313
279 314
280 281
280 313
280 314
280 315
281 282
281 314
281 315
281 316
282 283
282 315
282 316
282 317
283 284
283 316
283 317
284 285
284 317
285 286
286 287
286 318
287 318
287 319
288 289
288 319
288 320
288 321
289 290
289 320
289 321
289 322
290 321
290 322
291 292
291 323
292 293
292 324
293 294
293 324
293 325
294 324
294 325
294 326
295 296
295 327
295 328
296 297
296 327
296 328
296 329
297 298
297 328
297 329
298 299
298 329
299 300
299 330
300 301
300 330
301 302
301 330
301 331
302 303
302 331
302 332
303 331
303 332
303 333
304 305
304 333
304 334
304 335
305 306
305 334
305 335
305 336
306 307
306 335
306 336
306 337
307 308
307 336
307 337
307 338
308 309
308 337
308 338
308 339
309 310
309 338
309 339
309 340
310 311
310 339
310 340
310 341
311 312
311 340
311 341
312 313
312 341
312 342
313 314
313 342
313 343
314 315
314 342
314 343
314 344
315 316
315 343
315 344
316 317
316 344
316 345
317 345
317 346
318 319
318 347
318 348
318 349
319 320
319 348
319 349
319 350
320 321
320 349
320 350
320 351
321 322
321 350
321 351
321 352
322 351
322 352
322 353
323 354
323 355
324 325
324 356
324 357
324 358
325 326
325 357
325 358
326 358
326 359
327 328
327 359
327 360
328 329
328 360
328 361
329 360
329 361
329 362
330 363
330 364
331 332
331 365
331 366
332 333
332 365
332 366
332 367
333 334
333 366
333 367
333 368
334 335
334 367
334 368
335 336
335 368
335 369
336 337
336 369
336 370
337 338
337 369
337 370
337 371
338 339
338 370
338 371
338 372
339 340
339 371
339 372
339 373
340 341
340 372
340 373
340 374
341 373
341 374
341 375
342 343
342 375
342 376
343 344
343 376
343 377
344 377
344 378
345 346
345 378
345 379
346 379
347 348
347 380
347 381
348 349
348 380
348 381
349 350
349 381
349 382
350 351
350 382
350 383
351 352
351 382
351 383
351 384
352 353
352 383
352 384
352 385
353 384
353 385
354 355
354 386
355 356
355 386
355 387
356 357
356 387
357 358
357 387
357 388
358 388
358 389
359 389
359 390
360 361
360 391
360 392
361 362
361 391
361 392
361 393
362 363
362 392
362 393
362 394
363 364
363 393
363 394
364 394
365 366
365 395
365 396
366 367
366 395
366 396
366 397
367 368
367 396
367 397
367 398
368 397
368 398
369 370
369 399
370 371
370 399
370 400
371 372
371 399
371 400
371 401
372 373
372 400
372 401
372 402
373 374
373 401
373 402
374 375
374 402
374 403
375 376
375 403
375 404
376 403
376 404
376 405
377 378
377 405
377 406
377 407
378 379
378 406
378 407
379 407
380 381
380 408
380 409
380 410
381 409
381 410
382 383
382 411
383 384
383 411
383 412
384 385
384 411
384 412
384 413
385 412
385 413
386 414
386 415
387 415
387 416
388 389
388 417
388 418
389 390
389 417
389 418
389 419
390 418
390 419
390 420
391 392
391 420
391 421
391 422
392 393
392 421
392 422
392 423
393 394
393 422
393 423
393 424
394 423
394 424
394 425
395 396
395 426
395 427
395 428
396 397
396 427
396 428
396 429
397 398
397 428
397 429
397 430
398 429
398 430
398 431
399 400
399 432
399 433
400 401
400 433
400 434
401 402
401 433
401 434
401 435
402 434
402 435
402 436
403 404
403 436
403 437
403 438
404 405
404 437
404 438
404 439
405 406
405 438
405 439
405 440
406 407
406 439
406 440
406 441
407 440
407 441
407 442
408 409
408 443
408 444
408 445
409 410
409 444
409 445
409 446
410 445
410 446
410 447
411 412
411 448
411 449
411 450
412 413
412 449
412 450
412 451
413 450
413 451
414 415
414 452
415 416
415 452
415 453
416 452
416 453
416 454
417 418
417 454
417 455
417 456
418 419
418 455
418 456
419 420
419 456
420 421
421 422
421 457
422 423
422 457
422 458
423 424
423 457
423 458
424 425
424 458
424 459
425 426
425 459
425 460
426 427
426 459
426 460
427 428
427 460
427 461
428 429
428 461
428 462
429 430
429 461
429 462
429 463
430 431
430 462
430 463
430 464
431 432
431 463
431 464
431 465
432 464
432 465
432 466
433 434
433 466
433 467
433 468
434 435
434 467
434 468
434 469
435 436
435 468
435 469
435 470
436 437
436 469
436 470
436 471
437 438
437 470
437 471
437 472
438 439
438 471
438 472
438 473
439 440
439 472
439 473
439 474
440 441
440 473
440 474
440 475
441 442
441 474
441 475
441 476
442 443
442 475
442 476
442 477
443 444
443 476
443 477
444 445
444 477
444 478
445 446
445 478
445 479
446 447
446 478
446 479
446 480
447 448
447 479
447 480
447 481
448 449
448 480
448 481
449 450
449 481
450 451
452 453
452 482
452 483
452 484
453 454
453 483
453 484
453 485
454 455
454 484
454 485
454 486
455 456
455 485
455 486
455 487
456 486
456 487
457 458
457 489
457 490
457 491
458 490
458 491
459 460
459 492
459 493
460 492
460 493
460 494
461 462
461 494
461 495
462 463
462 495
462 496
463 464
463 495
463 496
463 497
464 465
464 496
464 497
464 498
465 466
465 497
465 498
465 499
466 467
466 498
466 499
467 468
467 499
468 469
468 500
469 470
469 500
470 471
470 500
471 472
471 501
472 473
472 501
473 474
473 501
473 502
474 475
474 502
475 476
475 502
475 503
476 477
476 503
476 504
477 503
477 504
477 505
478 479
478 505
478 506
478 507
479 480
479 506
479 507
479 508
480 481
480 507
480 508
480 509
481 508
481 509
481 510
482 483
482 513
483 484
483 513
483 514
484 485
484 513
484 514
485 486
485 514
485 515
486 487
486 515
486 516
487 515
487 516
487 517
488 489
488 517
488 518
489 490
489 518
489 519
490 491
490 518
490 519
490 520
491 519
491 520
491 521
492 493
492 521
492 522
492 523
493 494
493 522
493 523
493 524
494 523
494 524
494 525
495 496
495 525
495 526
496 497
496 526
496 527
497 498
497 527
497 528
498 499
498 527
498 528
498 529
499 528
499 529
499 530
500 531
500 532
500 533
501 534
501 535
502 535
502 536
502 537
503 504
503 537
503 538
503 539
504 505
504 538
504 539
504 540
505 506
505 539
505 540
506 507
506 540
506 541
507 508
507 541
507 542
508 509
508 541
508 542
508 543
509 510
509 542
509 543
509 544
510 511
510 543
510 544
510 545
511 512
511 544
511 545
512 545
513 514
513 546
513 547
514 547
515 516
515 548
516 517
516 548
516 549
517 549
517 550
518 519
518 550
518 551
519 520
519 551
519 552
520 521
520 552
520 553
521 522
521 552
521 553
522 523
522 553
522 554
523 524
523 554
523 555
524 525
524 554
524 555
524 556
525 526
525 555
525 556
525 557
526 556
526 557
526 558
527 528
527 558
528 529
528 559
529 530
529 559
529 560
530 531
530 559
530 560
530 561
531 532
531 560
531 561
531 562
532 533
532 561
532 562
532 563
533 534
533 562
533 563
533 564
534 563
534 564
534 565
535 536
535 565
535 566
536 537
536 566
536 567
537 538
537 566
537 567
538 539
538 567
539 540
539 568
540 568
540 569
541 542
541 569
541 570
541 571
542 543
542 570
542 571
542 572
543 544
543 571
543 572
543 573
544 545
544 572
544 573
545 573
545 574
546 575
546 576
547 576
547 577
548 578
548 579
549 550
549 579
549 580
549 581
550 551
550 580
550 581
551 581
551 582
552 553
552 582
552 583
552 584
553 583
553 584
554 555
554 585
555 556
555 585
555 586
556 557
556 585
556 586
556 587
557 558
557 586
557 587
557 588
558 587
558 588
558 589
559 560
559 590
559 591
559 592
560 561
560 591
560 592
560 593
561 562
561 592
561 593
561 594
562 563
562 593
562 594
562 595
563 564
563 594
563 595
563 596
564 565
564 595
564 596
564 597
565 596
565 597
566 567
566 598
567 598
568 569
568 599
568 600
569 570
569 599
569 600
569 601
570 571
570 600
570 601
570 602
571 572
571 601
571 602
571 603
572 573
572 602
572 603
572 604
573 603
573 604
573 605
574 605
574 606
575 576
575 607
575 608
576 577
576 607
576 608
576 609
577 608
577 609
577 610
578 579
578 610
578 611
579 580
579 611
579 612
580 581
580 611
580 612
580 613
581 612
581 613
581 614
582 583
582 614
582 615
583 584
583 615
583 616
584 615
584 616
584 617
585 586
585 618
585 619
586 587
586 619
587 588
587 619
587 620
588 589
588 620
588 621
589 590
589 620
589 621
589 622
590 591
590 621
590 622
590 623
591 592
591 622
591 623
591 624
592 593
592 623
592 624
592 625
593 594
593 624
593 625
593 626
594 595
594 625
594 626
595 596
595 626
595 627
596 597
596 627
596 628
597 627
597 628
598 629
598 630
599 600
599 632
599 633
599 634
600 601
600 633
600 634
600 635
601 602
601 634
601 635
601 636
602 603
602 635
602 636
602 637
603 604
603 636
603 637
604 605
604 637
605 606
605 638
606 638
607 608
607 639
607 640
608 609
608 639
608 640
608 641
609 610
609 640
609 641
610 641
610 642
611 612
611 642
611 643
612 613
612 643
613 614
613 643
613 644
614 644
615 616
615 645
615 646
616 617
616 645
616 646
616 647
617 618
617 646
617 647
618 647
618 648
619 648
619 649
619 650
620 621
620 650
620 651
620 652
621 622
621 651
621 652
621 653
622 623
622 652
622 653
622 654
623 624
623 653
623 654
623 655
624 625
624 654
624 655
625 626
625 655
626 656
627 628
627 656
627 657
628 657
628 658
629 630
629 658
629 659
629 660
630 631
630 659
630 660
630 661
631 632
631 660
631 661
631 662
632 633
632 661
632 662
632 663
633 634
633 662
633 663
633 664
634 635
634 663
634 664
634 665
635 636
635 664
635 665
636 637
636 665
637 666
638 667
638 668
639 640
639 669
639 670
640 641
640 669
640 670
641 670
641 671
642 671
642 672
643 672
643 673
643 674
644 674
644 675
644 676
645 646
645 676
645 677
645 678
646 647
646 677
646 678
646 679
647 678
647 679
647 680
648 649
648 680
648 681
648 682
649 650
649 681
649 682
649 683
650 651
650 682
650 683
651 652
651 683
651 684
652 653
652 684
653 654
653 684
653 685
654 655
654 685
655 685
655 686
656 687
656 688
657 658
657 689
657 690
658 659
658 689
658 690
658 691
659 660
659 690
659 691
659 692
660 661
660 691
660 692
661 662
661 692
661 693
662 663
662 693
662 694
663 664
663 693
663 694
663 695
664 665
664 694
664 695
664 696
665 695
665 696
665 697
666 667
666 698
666 699
667 668
667 699
667 700
668 700
669 670
669 701
669 702
670 701
670 702
670 703
671 703
671 704
672 673
672 704
672 705
672 706
673 674
673 705
673 706
673 707
674 675
674 706
674 707
674 708
675 676
675 707
675 708
675 709
676 677
676 708
676 709
676 710
677 678
677 709
677 710
677 711
678 679
678 710
678 711
678 712
679 680
679 711
679 712
679 713
680 681
680 712
680 713
680 714
681 682
681 713
681 714
682 683
682 714
682 715
683 715
683 716
684 716
685 717
685 718
686 687
686 718
686 719
686 720
687 688
687 719
687 720
687 721
688 720
688 721
688 722
689 690
689 722
689 723
689 724
690 691
690 723
690 724
690 725
691 692
691 724
691 725
692 725
692 726
693 694
693 726
693 727
694 695
694 727
694 728
695 696
695 727
695 728
695 729
696 697
696 728
696 729
696 730
697 698
697 729
697 730
698 699
698 730
699 731
700 731
700 732
701 702
701 733
701 734
702 703
702 733
702 734
702 735
703 734
703 735
703 736
704 705
704 736
704 737
704 738
705 706
705 737
705 738
706 707
706 738
706 739
707 708
707 739
707 740
708 709
708 739
708 740
708 741
709 710
709 740
709 741
710 711
710 741
711 712
711 742
712 713
712 742
712 743
713 714
713 742
713 743
713 744
714 743
714 744
714 745
715 716
715 745
715 746
715 747
716 746
716 747
717 718
717 748
718 719
718 748
718 749
719 720
719 749
719 750
720 721
720 749
720 750
720 751
721 722
721 750
721 751
721 752
722 723
722 751
722 752
722 753
723 724
723 752
723 753
723 754
724 725
724 753
724 754
725 754
726 755
726 756
727 728
727 756
727 757
728 729
728 757
728 758
729 730
729 757
729 758
729 759
730 758
730 759
730 760
731 732
731 761
731 762
731 763
732 762
732 763
733 734
733 764
733 765
734 735
734 764
734 765
734 766
735 736
735 765
735 766
736 737
736 766
737 738
737 767
738 767
738 768
739 740
739 768
739 769
740 741
740 769
740 770
741 769
741 770
741 771
742 743
742 772
742 773
742 774
743 744
743 773
743 774
743 775
744 745
744 774
744 775
744 776
745 746
745 775
745 776
745 777
746 747
746 776
746 777
746 778
747 777
747 778
747 779
748 780
748 781
748 782
749 750
749 782
749 783
749 784
750 751
750 783
750 784
750 785
751 752
751 784
751 785
751 786
752 753
752 785
752 786
752 787
753 754
753 786
753 787
753 788
754 787
754 788
754 789
755 756
755 790
755 791
755 792
756 791
756 792
757 758
757 793
757 794
758 759
758 793
758 794
758 795
759 760
759 794
759 795
759 796
760 761
760 795
760 796
761 762
761 796
762 763
764 765
764 797
765 766
765 797
765 798
766 797
766 798
766 799
767 768
767 800
768 801
769 770
769 801
769 802
770 771
770 802
770 803
771 772
771 803
771 804
772 773
772 803
772 804
772 805
773 774
773 804
773 805
773 806
774 775
774 805
774 806
774 807
775 776
775 806
775 807
775 808
776 777
776 807
776 808
776 809
777 778
777 808
777 809
777 810
778 779
778 809
778 810
778 811
779 780
779 810
779 811
779 812
780 781
780 811
780 812
780 813
781 782
781 812
781 813
781 814
782 783
782 813
782 814
782 815
783 784
783 814
783 815
783 816
784 785
784 815
784 816
784 817
785 786
785 816
785 817
786 787
786 817
787 788
787 818
788 789
788 818
788 819
789 790
789 818
789 819
789 820
790 791
790 819
790 820
791 792
791 820
791 821
792 821
792 822
793 794
793 822
793 823
794 795
794 823
794 824
795 796
795 824
795 825
796 824
796 825
796 826
797 798
797 829
797 830
798 799
798 829
798 830
798 831
799 800
799 830
799 831
800 831
800 832
801 802
801 833
801 834
802 834
802 835
803 804
803 835
803 836
803 837
804 805
804 836
804 837
804 838
805 806
805 837
805 838
805 839
806 807
806 838
806 839
806 840
807 808
807 839
807 840
807 841
808 809
808 840
808 841
808 842
809 810
809 841
809 842
809 843
810 811
810 842
810 843
810 844
811 812
811 843
811 844
811 845
812 813
812 844
812 845
812 846
813 814
813 845
813 846
813 847
814 815
814 846
814 847
814 848
815 816
815 847
815 848
816 817
816 848
816 849
817 849
817 850
818 819
818 851
818 852
819 820
819 852
819 853
820 852
820 853
820 854
821 822
821 854
821 855
821 856
822 823
822 855
822 856
822 857
823 856
823 857
823 858
824 825
824 858
824 859
825 826
825 859
825 860
826 827
826 860
827 828
827 860
829 830
829 861
829 862
829 863
830 831
830 862
830 863
830 864
831 863
831 864
831 865
832 833
832 865
832 866
832 867
833 834
833 866
833 867
833 868
834 867
834 868
834 869
835 836
835 869
835 870
835 871
836 837
836 870
836 871
836 872
837 838
837 871
837 872
838 839
838 872
838 873
839 840
839 873
839 874
840 841
840 873
840 874
841 842
841 874
841 875
842 843
842 875
842 876
843 844
843 875
843 876
844 845
844 876
844 877
845 846
845 877
845 878
846 847
846 877
846 878
847 848
847 878
847 879
848 879
848 880
849 850
849 880
849 881
849 882
850 851
850 881
850 882
851 882
851 883
852 853
852 883
852 884
853 854
853 884
853 885
854 855
854 884
854 885
854 886
855 856
855 885
855 886
855 887
856 857
856 886
856 887
856 888
857 858
857 887
857 888
857 889
858 859
858 888
858 889
858 890
859 889
859 890
860 891
861 862
861 893
861 894
862 863
862 893
862 894
863 864
863 894
863 895
864 865
864 895
865 866
865 895
865 896
866 867
866 896
867 868
867 896
867 897
868 869
868 897
869 870
869 897
869 898
870 871
870 898
870 899
871 872
871 898
871 899
871 900
872 899
872 900
872 901
873 874
873 901
873 902
873 903
874 902
874 903
874 904
875 876
875 904
875 905
875 906
876 905
876 906
876 907
877 878
877 907
877 908
878 908
878 909
879 880
879 909
879 910
879 911
880 881
880 910
880 911
881 882
881 911
881 912
882 912
883 913
883 914
884 885
884 914
885 886
885 915
886 887
886 915
886 916
887 888
887 915
887 916
888 889
888 916
888 917
889 890
889 917
889 918
890 917
890 918
890 919
891 892
891 920
891 921
891 922
892 921
892 922
893 894
893 923
893 924
894 923
894 924
894 925
895 925
895 926
895 927
896 927
896 928
896 929
897 929
897 930
898 899
898 930
898 931
899 900
899 931
900 901
900 932
901 902
901 932
901 933
902 903
902 932
902 933
902 934
903 904
903 933
903 934
903 935
904 905
904 934
904 935
905 906
905 935
905 936
906 907
906 936
907 908
907 936
907 937
908 937
908 938
909 910
909 938
909 939
909 940
910 911
910 939
910 940
910 941
911 940
911 941
911 942
912 942
912 943
912 944
913 914
913 944
913 945
913 946
914 945
914 946
914 947
915 916
915 948
916 948
916 949
917 918
917 949
917 950
917 951
918 919
918 950
918 951
918 952
919 920
919 951
919 952
919 953
920 921
920 952
920 953
920 954
921 922
921 953
921 954
921 955
922 954
922 955
923 924
923 956
923 957
924 925
924 956
924 957
924 958
925 926
925 957
925 958
925 959
926 927
926 958
926 959
926 960
927 928
927 959
927 960
927 961
928 929
928 960
928 961
929 961
930 931
930 962
930 963
931 962
931 963
931 964
932 933
932 965
932 966
932 967
933 934
933 966
933 967
933 968
934 935
934 967
934 968
934 969
935 968
935 969
935 970
936 970
936 971
936 972
937 938
937 972
937 973
937 974
938 939
938 973
938 974
938 975
939 940
939 974
939 975
939 976
940 941
940 975
940 976
940 977
941 942
941 976
941 977
941 978
942 943
942 977
942 978
942 979
943 944
943 978
943 979
943 980
944 945
944 979
944 980
945 946
945 980
946 947
946 981
947 981
947 982
948 982
948 983
948 984
949 950
949 984
949 985
949 986
950 951
950 985
950 986
950 987
951 952
951 986
951 987
951 988
952 953
952 987
952 988
952 989
953 954
953 988
953 989
953 990
954 955
954 989
954 990
954 991
955 990
955 991
956 957
956 992
957 958
957 992
957 993
958 959
958 993
959 960
959 993
960 961
960 994
961 994
961 995
962 963
962 996
962 997
962 998
963 964
963 997
963 998
963 999
964 965
964 998
964 999
964 1000
965 966
965 999
965 1000
965 1001
966 967
966 1000
966 1001
966 1002
967 968
967 1001
967 1002
967 1003
968 969
968 1002
968 1003
968 1004
969 970
969 1003
969 1004
969 1005
970 971
970 1004
970 1005
970 1006
971 972
971 1005
971 1006
971 1007
972 973
972 1006
972 1007
973 974
973 1007
973 1008
974 975
974 1008
974 1009
975 976
975 1008
975 1009
975 1010
976 977
976 1009
976 1010
977 978
977 1010
977 1011
978 979
978 1011
978 1012
979 980
979 1011
979 1012
979 1013
980 1012
980 1013
980 1014
981 982
981 1015
981 1016
982 983
982 1015
982 1016
983 984
983 1016
983 1017
984 985
984 1017
984 1018
985 986
985 1017
985 1018
985 1019
986 987
986 1018
986 1019
986 1020
987 988
987 1019
987 1020
987 1021
988 989
988 1020
988 1021
988 1022
989 990
989 1021
989 1022
990 991
990 1022
992 1023
992 1024
993 1024
993 1025
994 995
994 1026
994 1027
994 1028
995 996
995 1027
995 1028
995 1029
996 997
996 1028
996 1029
997 998
997 1029
997 1030
998 999
998 1030
998 1031
999 1000
999 1030
999 1031
999 1032
1000 1001
1000 1031
1000 1032
1000 1033
1001 1002
1001 1032
1001 1033
1001 1034
1002 1003
1002 1033
1002 1034
1002 1035
1003 1004
1003 1034
1003 1035
1003 1036
1004 1005
1004 1035
1004 1036
1005 1006
1005 1036
1005 1037
1006 1007
1006 1037
1006 1038
1007 1037
1007 1038
1007 1039
1008 1009
1008 1039
1008 1040
1009 1010
1009 1040
1009 1041
1010 1040
1010 1041
1010 1042
1011 1012
1011 1042
1011 1043
1012 1013
1012 1043
1012 1044
1013 1014
1013 1044
1014 1044
1014 1045
1015 1016
1015 1045
1015 1046
1015 1047
1016 1046
1016 1047
1017 1018
1017 1048
1017 1049
1018 1019
1018 1048
1018 1049
1018 1050
1019 1020
1019 1049
1019 1050
1019 1051
1020 1021
1020 1050
1020 1051
1020 1052
1021 1022
1021 1051
1021 1052
1021 1053
1022 1052
1022 1053
1022 1054
1023 1024
1023 1056
1023 1057
1024 1025
1024 1056
1024 1057
1024 1058
1025 1057
1025 1058
1025 1059
1026 1027
1026 1059
1026 1060
1027 1028
1027 1060
1027 1061
1028 1029
1028 1061
1028 1062
1029 1061
1029 1062
1029 1063
1030 1031
1030 1063
1030 1064
1030 1065
1031 1032
1031 1064
1031 1065
1031 1066
1032 1033
1032 1065
1032 1066
1032 1067
1033 1034
1033 1066
1033 1067
1033 1068
1034 1035
1034 1067
1034 1068
1034 1069
1035 1036
1035 1068
1035 1069
1036 1069
1036 1070
1037 1038
1037 1070
1037 1071
1037 1072
1038 1039
1038 1071
1038 1072
1038 1073
1039 1072
1039 1073
1039 1074
1040 1041
1040 1074
1040 1075
1041 1042
1041 1075
1041 1076
1042 1043
1042 1075
1042 1076
1042 1077
1043 1076
1043 1077
1045 1046
1045 1078
1045 1079
1046 1047
1046 1078
1046 1079
1046 1080
1047 1079
1047 1080
1047 1081
1048 1049
1048 1081
1048 1082
1048 1083
1049 1050
1049 1082
1049 1083
1049 1084
1050 1051
1050 1083
1050 1084
1050 1085
1051 1052
1051 1084
1051 1085
1052 1053
1052 1085
1052 1086
1053 1054
1053 1086
1053 1087
1054 1055
1054 1086
1054 1087
1055 1087
1056 1057
1057 1058
1058 1059
1059 1060
1059 1088
1060 1088
1061 1062
1061 1089
1061 1090
1062 1063
1062 1089
1062 1090
1063 1064
1063 1090
1064 1065
1064 1091
1065 1066
1065 1091
1065 1092
1066 1067
1066 1091
1066 1092
1066 1093
1067 1068
1067 1092
1067 1093
1068 1069
1068 1093
1068 1094
1069 1094
1069 1095
1070 1071
1070 1095
1070 1096
1071 1072
1071 1096
1071 1097
1072 1073
1072 1096
1072 1097
1072 1098
1073 1074
1073 1097
1073 1098
1073 1099
1074 1098
1074 1099
1075 1076
1075 1100
1075 1101
1076 1077
1076 1100
1076 1101
1077 1101
1077 1102
1078 1079
1078 1103
1078 1104
1079 1080
1079 1104
1079 1105
1080 1081
1080 1104
1080 1105
1080 1106
1081 1082
1081 1105
1081 1106
1081 1107
1082 1083
1082 1106
1082 1107
1082 1108
1083 1084
1083 1107
1083 1108
1083 1109
1084 1085
1084 1108
1084 1109
1084 1110
1085 1109
1085 1110
1086 1087
1086 1111
1087 1111
1088 1115
1088 1116
1088 1117
1089 1090
1089 1117
1089 1118
1089 1119
1090 1118
1090 1119
1090 1120
1091 1092
1091 1121
1091 1122
1091 1123
1092 1093
1092 1122
1092 1123
1093 1123
1094 1095
1094 1124
1095 1124
1095 1125
1096 1097
1096 1125
1096 1126
1096 1127
1097 1098
1097 1126
1097 1127
1097 1128
1098 1099
1098 1127
1098 1128
1099 1128
1099 1129
1100 1101
1100 1129
1100 1130
1101 1130
1101 1131
1102 1131
1102 1132
1102 1133
1103 1133
1103 1134
1103 1135
1104 1105
1104 1135
1104 1136
1105 1106
1105 1136
1105 1137
1106 1107
1106 1137
1106 1138
1107 1108
1107 1137
1107 1138
1107 1139
1108 1109
1108 1138
1108 1139
1108 1140
1109 1110
1109 1139
1109 1140
1109 1141
1110 1140
1110 1141
1110 1142
1111 1142
1111 1143
1112 1113
1112 1145
1112 1146
1113 1114
1113 1145
1113 1146
1113 1147
1114 1115
1114 1146
1114 1147
1114 1148
1115 1116
1115 1147
1115 1148
1115 1149
1116 1117
1116 1148
1116 1149
1116 1150
1117 1118
1117 1149
1117 1150
1117 1151
1118 1119
1118 1150
1118 1151
1118 1152
1119 1120
1119 1151
1119 1152
1119 1153
1120 1121
1120 1152
1120 1153
1120 1154
1121 1122
1121 1153
1121 1154
1121 1155
1122 1123
1122 1154
1122 1155
1123 1155
1124 1125
1124 1157
1124 1158
1124 1159
1125 1126
1125 1158
1125 1159
1125 1160
1126 1127
1126 1159
1126 1160
1126 1161
1127 1128
1127 1160
1127 1161
1127 1162
1128 1161
1128 1162
1128 1163
1129 1130
1129 1163
1129 1164
1129 1165
1130 1164
1130 1165
1130 1166
1131 1132
1131 1166
1131 1167
1132 1133
1132 1167
1132 1168
1133 1134
1133 1168
1133 1169
1134 1135
1134 1168
1134 1169
1135 1136
1135 1169
1136 1170
1137 1138
1137 1170
1137 1171
1137 1172
1138 1139
1138 1171
1138 1172
1138 1173
1139 1140
1139 1172
1139 1173
1139 1174
1140 1141
1140 1173
1140 1174
1140 1175
1141 1142
1141 1174
1141 1175
1141 1176
1142 1175
1142 1176
1142 1177
1143 1144
1143 1177
1143 1178
1143 1179
1144 1178
1144 1179
1145 1146
1145 1180
1145 1181
1146 1147
1146 1180
1146 1181
1146 1182
1147 1148
1147 1181
1147 1182
1147 1183
1148 1149
1148 1182
1148 1183
1148 1184
1149 1150
1149 1183
1149 1184
1149 1185
1150 1151
1150 1184
1150 1185
1150 1186
1151 1152
1151 1185
1151 1186
1152 1153
1152 1186
1152 1187
1153 1154
1153 1187
1153 1188
1154 1155
1154 1187
1154 1188
1154 1189
1155 1188
1155 1189
1155 1190
1156 1157
1156 1191
1156 1192
1157 1158
1157 1192
1157 1193
1158 1159
1158 1192
1158 1193
1158 1194
1159 1160
1159 1193
1159 1194
1159 1195
1160 1161
1160 1194
1160 1195
1160 1196
1161 1162
1161 1195
1161 1196
1161 1197
1162 1163
1162 1196
1162 1197
1163 1164
1163 1197
1164 1165
1164 1198
1165 1166
1165 1198
1165 1199
1166 1167
1166 1198
1166 1199
1166 1200
1167 1199
1167 1200
1167 1201
1168 1169
1168 1201
1168 1202
1168 1203
1169 1202
1169 1203
1169 1204
1170 1171
1170 1205
1170 1206
1170 1207
1171 1172
1171 1206
1171 1207
1171 1208
1172 1173
1172 1207
1172 1208
1172 1209
1173 1174
1173 1208
1173 1209
1173 1210
1174 1175
1174 1209
1174 1210
1174 1211
1175 1176
1175 1210
1175 1211
1175 1212
1176 1177
1176 1211
1176 1212
1176 1213
1177 1178
1177 1212
1177 1213
1177 1214
1178 1179
1178 1213
1178 1214
1178 1215
1179 1214
1179 1215
1180 1181
1180 1216
1181 1182
1181 1216
1181 1217
1182 1183
1182 1217
1182 1218
1183 1184
1183 1217
1183 1218
1183 1219
1184 1185
1184 1218
1184 1219
1184 1220
1185 1186
1185 1219
1185 1220
1185 1221
1186 1220
1186 1221
1186 1222
1187 1188
1187 1222
1188 1189
1188 1223
1189 1190
1189 1223
1189 1224
1190 1191
1190 1223
1190 1224
1190 1225
1191 1224
1191 1225
1191 1226
1192 1193
1192 1226
1192 1227
1192 1228
1193 1194
1193 1227
1193 1228
1193 1229
1194 1195
1194 1228
1194 1229
1194 1230
1195 1196
1195 1229
1195 1230
1195 1231
1196 1197
1196 1230
1196 1231
1197 1231
1197 1232
1198 1199
1198 1233
1199 1200
1199 1233
1199 1234
1200 1201
1200 1233
1200 1234
1200 1235
1201 1202
1201 1234
1201 1235
1201 1236
1202 1203
1202 1235
1202 1236
1202 1237
1203 1204
1203 1236
1203 1237
1203 1238
1204 1205
1204 1237
1204 1238
1204 1239
1205 1206
1205 1238
1205 1239
1205 1240
1206 1207
1206 1239
1206 1240
1206 1241
1207 1208
1207 1240
1207 1241
1207 1242
1208 1209
1208 1241
1208 1242
1208 1243
1209 1210
1209 1242
1209 1243
1210 1211
1210 1243
1211 1212
1211 1244
1212 1213
1212 1244
1212 1245
1213 1214
1213 1244
1213 1245
1213 1246
1214 1215
1214 1245
1214 1246
1214 1247
1215 1246
1215 1247
1216 1248
1216 1249
1217 1218
1217 1249
1217 1250
1217 1251
1218 1219
1218 1250
1218 1251
1218 1252
1219 1220
1219 1251
1219 1252
1219 1253
1220 1221
1220 1252
1220 1253
1220 1254
1221 1222
1221 1253
1221 1254
1221 1255
1222 1254
1222 1255
1222 1256
1223 1224
1223 1257
1223 1258
1223 1259
1224 1225
1224 1258
1224 1259
1225 1226
1225 1259
1225 1260
1226 1227
1226 1260
1226 1261
1227 1228
1227 1260
1227 1261
1227 1262
1228 1229
1228 1261
1228 1262
1228 1263
1229 1230
1229 1262
1229 1263
1230 1231
1230 1263
1230 1264
1231 1264
1232 1265
1233 1234
1233 1266
1233 1267
1234 1235
1234 1267
1234 1268
1235 1236
1235 1267
1235 1268
1235 1269
1236 1237
1236 1268
1236 1269
1237 1238
1237 1269
1237 1270
1238 1239
1238 1270
1238 1271
1239 1240
1239 1270
1239 1271
1239 1272
1240 1241
1240 1271
1240 1272
1241 1242
1241 1272
1241 1273
1242 1243
1242 1273
1242 1274
1243 1273
1243 1274
1243 1275
1244 1245
1244 1276
1244 1277
1245 1246
1245 1277
1245 1278
1246 1247
1246 1277
1246 1278
1246 1279
1247 1278
1247 1279
1248 1249
1249 1250
1250 1251
1251 1252
1252 1253
1253 1254
1254 1255
1255 1256
1256 1257
1257 1258
1258 1259
1260 1261
1261 1262
1262 1263
1265 1266
1267 1268
1268 1269
1270 1271
1271 1272
1273 1274
1274 1275
1275 1276
1277 1278
1278 1279
