# FromNodeId	ToNodeId
0 1
0 37
1 2
1 37
1 38
2 3
2 37
2 38
2 39
3 4
3 38
3 39
4 5
4 39
4 40
5 6
5 40
6 7
6 40
6 41
7 8
7 41
7 42
8 9
8 41
8 42
8 43
9 10
9 42
9 43
10 11
10 43
10 44
11 44
12 45
12 46
13 46
13 47
13 48
14 15
14 48
14 49
15 49
15 50
16 50
16 51
16 52
17 18
17 52
17 53
18 19
18 53
18 54
19 20
19 54
19 55
20 21
20 54
20 55
20 56
21 22
21 55
21 56
21 57
22 23
22 56
22 57
22 58
23 24
23 57
23 58
24 58
24 59
25 26
25 59
25 60
26 27
26 60
26 61
27 28
27 61
27 62
28 29
28 61
28 62
28 63
29 30
29 62
29 63
29 64
30 31
30 63
30 64
31 32
31 64
32 65
33 65
33 66
33 67
34 35
34 67
34 68
34 69
35 36
35 68
35 69
35 70
36 69
36 70
37 38
37 71
37 72
37 73
38 39
38 72
38 73
38 74
39 73
39 74
39 75
40 75
40 76
41 42
41 77
42 43
42 77
42 78
43 78
44 79
44 80
45 46
45 80
46 47
46 81
47 48
47 81
48 49
48 81
48 82
49 82
50 51
50 83
50 84
51 52
51 83
51 84
51 85
52 53
52 84
52 85
52 86
53 85
53 86
53 87
54 55
54 87
54 88
54 89
55 56
55 88
55 89
55 90
56 57
56 89
56 90
56 91
57 58
57 90
57 91
57 92
58 91
58 92
58 93
59 60
59 93
59 94
59 95
60 94
60 95
60 96
61 62
61 96
61 97
62 63
62 97
62 98
63 64
63 98
63 99
64 98
64 99
65 66
65 100
65 101
65 102
66 67
66 101
66 102
67 68
67 102
67 103
68 69
68 103
68 104
69 70
69 103
69 104
69 105
70 104
70 105
71 72
71 106
72 73
72 106
72 107
73 74
73 106
73 107
73 108
74 75
74 107
74 108
75 76
75 108
75 109
76 109
76 110
77 110
77 111
77 112
78 112
78 113
79 80
79 114
79 115
80 114
80 115
80 116
81 117
81 118
81 119
82 119
82 120
82 121
83 84
83 121
83 122
83 123
84 85
84 122
84 123
84 124
85 86
85 123
85 124
85 125
86 87
86 124
86 125
86 126
87 88
87 125
87 126
87 127
88 89
88 126
88 127
88 128
89 90
89 127
89 128
89 129
90 91
90 128
90 129
90 130
91 92
91 129
91 130
91 131
92 93
92 130
92 131
93 94
93 131
94 95
94 132
95 96
95 132
95 133
96 97
96 132
96 133
96 134
97 133
97 134
98 99
98 135
98 136
99 135
99 136
99 137
100 101
100 137
100 138
100 139
101 102
101 138
101 139
102 139
103 104
103 140
103 141
104 105
104 140
104 141
104 142
105 141
105 142
106 107
106 143
106 144
107 108
107 143
107 144
108 144
108 145
109 110
109 145
109 146
109 147
110 111
110 146
110 147
111 112
111 147
112 113
112 148
113 148
113 149
114 115
114 149
114 150
114 151
115 116
115 150
115 151
116 117
116 151
116 152
117 118
117 152
117 153
118 119
118 152
118 153
118 154
119 120
119 153
119 154
119 155
120 121
120 154
120 155
120 156
121 122
121 155
121 156
121 157
122 123
122 156
122 157
122 158
123 124
123 157
123 158
123 159
124 125
124 158
124 159
124 160
125 126
125 159
125 160
125 161
126 127
126 160
126 161
126 162
127 128
127 161
127 162
127 163
128 129
128 162
128 163
128 164
129 130
129 163
129 164
129 165
130 131
130 164
130 165
130 166
131 165
131 166
131 167
132 133
132 168
133 134
133 169
134 169
134 170
135 136
135 170
135 171
136 137
136 171
136 172
137 138
137 171
137 172
137 173
138 139
138 172
138 173
139 173
139 174
140 141
140 175
140 176
141 142
141 175
141 176
141 177
142 176
142 177
143 144
143 178
143 179
143 180
144 179
144 180
144 181
145 146
145 181
145 182
146 147
146 182
146 183
147 183
147 184
148 149
148 185
148 186
148 187
149 150
149 186
149 187
149 188
150 151
150 187
150 188
150 189
151 188
151 189
151 190
152 153
152 190
152 191
152 192
153 154
153 191
153 192
153 193
154 155
154 192
154 193
154 194
155 156
155 193
155 194
155 195
156 157
156 194
156 195
156 196
157 158
157 195
157 196
157 197
158 159
158 196
158 197
158 198
159 160
159 197
159 198
159 199
160 161
160 198
160 199
160 200
161 162
161 199
161 200
161 201
162 163
162 200
162 201
162 202
163 164
163 201
163 202
164 165
164 202
164 203
165 166
165 203
165 204
166 167
166 203
166 204
166 205
167 168
167 204
167 205
167 206
168 205
168 206
168 207
169 170
169 208
169 209
170 208
170 209
170 210
171 172
171 210
171 211
171 212
172 173
172 211
172 212
172 213
173 212
173 213
173 214
174 214
174 215
174 216
175 176
175 216
175 217
175 218
176 177
176 217
176 218
177 218
178 179
178 219
178 220
179 180
179 219
179 220
180 181
180 220
180 221
181 182
181 221
182 221
182 222
183 184
183 222
183 223
184 185
184 223
185 186
185 223
186 187
186 224
187 188
187 224
187 225
188 189
188 224
188 225
188 226
189 190
189 225
189 226
189 227
190 191
190 226
190 227
190 228
191 192
191 227
191 228
192 193
192 228
192 229
193 194
193 229
193 230
194 195
194 229
194 230
194 231
195 196
195 230
195 231
195 232
196 197
196 231
196 232
196 233
197 198
197 232
197 233
198 199
198 233
198 234
199 200
199 234
199 235
200 201
200 234
200 235
200 236
201 202
201 235
201 236
201 237
202 236
202 237
202 238
203 204
203 238
204 205
204 239
205 206
205 239
205 240
206 207
206 239
206 240
206 241
207 240
207 241
207 242
208 209
208 242
208 243
208 244
209 210
209 243
209 244
209 245
210 211
210 244
210 245
210 246
211 212
211 245
211 246
211 247
212 213
212 246
212 247
212 248
213 214
213 247
213 248
213 249
214 215
214 248
214 249
214 250
215 216
215 249
215 250
215 251
216 217
216 250
216 251
216 252
217 218
217 251
217 252
217 253
218 252
218 253
218 254
219 220
219 255
220 255
220 256
221 256
221 257
221 258
222 258
222 259
222 260
223 260
223 261
223 262
224 225
224 263
224 264
224 265
225 226
225 264
225 265
225 266
226 227
226 265
226 266
226 267
227 228
227 266
227 267
227 268
228 267
228 268
228 269
229 230
229 269
229 270
229 271
230 231
230 270
230 271
230 272
231 232
231 271
231 272
231 273
232 233
232 272
232 273
232 274
233 273
233 274
233 275
234 235
234 275
234 276
235 236
235 276
235 277
236 237
236 276
236 277
236 278
237 238
237 277
237 278
237 279
238 278
238 279
238 280
239 240
239 281
239 282
240 241
240 282
240 283
241 242
241 282
241 283
242 243
242 283
242 284
243 244
243 284
243 285
244 245
244 284
244 285
245 246
245 285
246 247
246 286
247 248
247 286
248 249
248 286
248 287
249 250
249 287
249 288
250 251
250 287
250 288
250 289
251 252
251 288
251 289
251 290
252 253
252 289
252 290
253 254
253 290
253 291
254 291
255 256
255 292
255 293
256 257
256 292
256 293
256 294
257 258
257 293
257 294
257 295
258 259
258 294
258 295
258 296
259 260
259 295
259 296
259 297
260 261
260 296
260 297
260 298
261 262
261 297
261 298
262 263
262 298
262 299
263 264
263 299
264 265
264 299
264 300
265 266
265 300
265 301
266 267
266 300
266 301
266 302
267 268
267 301
267 302
267 303
268 269
268 302
268 303
268 304
269 270
269 303
269 304
269 305
270 271
270 304
270 305
270 306
271 272
271 305
271 306
272 273
272 306
272 307
273 274
273 307
273 308
274 275
274 307
274 308
274 309
275 308
275 309
276 277
276 310
276 311
277 278
277 310
277 311
277 312
278 279
278 311
278 312
278 313
279 280
279 312
279 313
279 314
280 281
280 313
280 314
280 315
281 314
281 315
281 316
282 283
282 316
282 317
282 318
283 317
283 318
283 319
284 285
284 319
284 320
285 320
285 321
286 322
286 323
286 324
287 288
287 324
287 325
288 289
288 325
289 290
289 325
289 326
290 326
290 327
291 327
291 328
292 293
292 329
292 330
292 331
293 294
293 330
293 331
293 332
294 295
294 331
294 332
294 333
295 296
295 332
295 333
295 334
296 297
296 333
296 334
296 335
297 298
297 334
297 335
297 336
298 335
298 336
298 337
299 337
299 338
300 301
300 339
300 340
301 302
301 339
301 340
301 341
302 303
302 340
302 341
303 304
303 341
304 305
304 342
305 306
305 342
306 342
306 343
307 308
307 343
307 344
307 345
308 309
308 344
308 345
309 345
309 346
310 311
310 346
310 347
310 348
311 312
311 347
311 348
311 349
312 313
312 348
312 349
312 350
313 314
313 349
313 350
313 351
314 315
314 350
314 351
314 352
315 316
315 351
315 352
315 353
316 317
316 352
316 353
316 354
317 318
317 353
317 354
318 319
318 354
319 320
320 355
321 322
321 355
321 356
321 357
322 323
322 356
322 357
322 358
323 324
323 357
323 358
323 359
324 358
324 359
324 360
325 360
325 361
325 362
326 327
326 362
326 363
326 364
327 328
327 363
327 364
327 365
328 364
328 365
329 330
329 366
330 331
330 366
330 367
331 332
331 367
331 368
332 333
332 367
332 368
332 369
333 334
333 368
333 369
333 370
334 335
334 369
334 370
334 371
335 336
335 370
335 371
335 372
336 337
336 371
336 372
336 373
337 338
337 372
337 373
337 374
338 373
338 374
339 340
339 375
340 341
340 375
340 376
341 376
341 377
342 378
342 379
342 380
343 344
343 380
343 381
343 382
344 345
344 381
344 382
345 382
345 383
346 347
346 383
346 384
347 348
347 384
347 385
348 349
348 384
348 385
348 386
349 350
349 385
349 386
350 351
350 386
350 387
351 352
351 387
351 388
352 353
352 387
352 388
352 389
353 354
353 388
353 389
353 390
354 389
354 390
354 391
355 356
355 393
355 394
355 395
356 357
356 394
356 395
356 396
357 358
357 395
357 396
357 397
358 359
358 396
358 397
358 398
359 360
359 397
359 398
359 399
360 361
360 398
360 399
360 400
361 362
361 399
361 400
361 401
362 363
362 400
362 401
362 402
363 364
363 401
363 402
364 365
364 402
366 403
366 404
367 368
367 404
367 405
368 369
368 405
368 406
369 370
369 405
369 406
369 407
370 371
370 406
370 407
370 408
371 372
371 407
371 408
371 409
372 373
372 408
372 409
372 410
373 374
373 409
373 410
373 411
374 410
374 411
374 412
375 412
375 413
375 414
376 377
376 414
376 415
376 416
377 378
377 415
377 416
377 417
378 379
378 416
378 417
378 418
379 380
379 417
379 418
379 419
380 381
380 418
380 419
380 420
381 382
381 419
381 420
382 420
382 421
383 421
383 422
384 385
384 422
384 423
385 386
385 423
385 424
386 423
386 424
386 425
387 388
387 425
387 426
387 427
388 389
388 426
388 427
388 428
389 390
389 427
389 428
390 391
390 428
390 429
391 392
391 429
391 430
392 393
392 429
392 430
392 431
393 394
393 430
393 431
394 395
394 431
394 432
395 396
395 432
395 433
396 397
396 432
396 433
397 398
397 433
398 399
398 434
399 400
399 434
399 435
400 401
400 434
400 435
400 436
401 402
401 435
401 436
401 437
402 436
402 437
402 438
403 404
403 440
403 441
404 440
404 441
404 442
405 406
405 442
405 443
405 444
406 407
406 443
406 444
406 445
407 408
407 444
407 445
407 446
408 409
408 445
408 446
409 410
409 446
409 447
410 411
410 447
410 448
411 412
411 447
411 448
411 449
412 413
412 448
412 449
412 450
413 414
413 449
413 450
413 451
414 415
414 450
414 451
414 452
415 416
415 451
415 452
415 453
416 417
416 452
416 453
416 454
417 418
417 453
417 454
417 455
418 419
418 454
418 455
418 456
419 420
419 455
419 456
419 457
420 456
420 457
420 458
421 458
421 459
421 460
422 460
422 461
423 424
423 461
423 462
423 463
424 425
424 462
424 463
424 464
425 426
425 463
425 464
425 465
426 427
426 464
426 465
426 466
427 428
427 465
427 466
427 467
428 466
428 467
428 468
429 430
429 468
429 469
430 431
430 469
430 470
431 469
431 470
432 433
432 471
432 472
433 471
433 472
433 473
434 435
434 474
434 475
435 436
435 474
435 475
435 476
436 437
436 475
436 476
436 477
437 438
437 476
437 477
437 478
438 439
438 477
438 478
438 479
439 478
439 479
440 441
440 480
441 442
441 480
441 481
442 443
442 480
442 481
442 482
443 444
443 481
443 482
443 483
444 445
444 482
444 483
444 484
445 446
445 483
445 484
445 485
446 484
446 485
446 486
447 448
447 486
447 487
447 488
448 449
448 487
448 488
449 450
449 488
449 489
450 451
450 489
450 490
451 452
451 489
451 490
451 491
452 453
452 490
452 491
452 492
453 454
453 491
453 492
453 493
454 455
454 492
454 493
455 456
455 493
456 457
456 494
457 458
457 494
457 495
458 459
458 494
458 495
458 496
459 460
459 495
459 496
459 497
460 496
460 497
461 462
461 498
462 463
462 498
462 499
463 464
463 499
463 500
464 465
464 499
464 500
464 501
465 466
465 500
465 501
465 502
466 467
466 501
466 502
467 468
467 502
467 503
468 503
468 504
469 470
469 504
469 505
469 506
470 505
470 506
470 507
471 472
471 507
471 508
471 509
472 473
472 508
472 509
472 510
473 509
473 510
473 511
474 475
474 511
474 512
474 513
475 476
475 512
475 513
475 514
476 477
476 513
476 514
476 515
477 478
477 514
477 515
477 516
478 479
478 515
478 516
479 516
480 481
480 517
480 518
480 519
481 482
481 518
481 519
481 520
482 483
482 519
482 520
483 484
483 520
483 521
484 485
484 521
484 522
485 486
485 521
485 522
486 487
486 522
486 523
487 488
487 523
487 524
488 523
488 524
488 525
489 490
489 525
489 526
489 527
490 491
490 526
490 527
490 528
491 492
491 527
491 528
491 529
492 493
492 528
492 529
492 530
493 529
493 530
493 531
494 495
494 532
494 533
494 534
495 496
495 533
495 534
495 535
496 497
496 534
496 535
496 536
497 535
497 536
497 537
498 537
498 538
499 500
499 538
499 539
499 540
500 501
500 539
500 540
501 502
501 540
501 541
502 541
502 542
503 504
503 542
503 543
504 505
504 543
505 506
505 543
505 544
506 507
506 544
506 545
507 508
507 544
507 545
508 509
508 545
508 546
509 510
509 546
509 547
510 511
510 546
510 547
510 548
511 512
511 547
511 548
511 549
512 513
512 548
512 549
513 514
513 549
514 515
514 550
515 516
515 550
516 550
517 518
517 551
518 519
518 551
519 520
519 551
521 522
521 552
521 553
522 552
522 553
522 554
523 524
523 554
523 555
523 556
524 525
524 555
524 556
524 557
525 526
525 556
525 557
526 527
526 557
526 558
527 528
527 558
527 559
528 529
528 558
528 559
528 560
529 530
529 559
529 560
529 561
530 531
530 560
530 561
530 562
531 532
531 561
531 562
531 563
532 533
532 562
532 563
532 564
533 534
533 563
533 564
533 565
534 535
534 564
534 565
534 566
535 536
535 565
535 566
536 537
536 566
536 567
537 567
537 568
538 539
538 568
538 569
539 540
539 569
539 570
540 569
540 570
540 571
541 542
541 571
541 572
541 573
542 572
542 573
542 574
543 574
543 575
544 545
544 575
544 576
544 577
545 576
545 577
546 547
546 578
546 579
547 548
547 578
547 579
547 580
548 549
548 579
548 580
548 581
549 580
549 581
549 582
550 583
551 585
551 586
551 587
552 553
552 589
552 590
553 554
553 590
553 591
554 555
554 590
554 591
555 556
555 591
555 592
556 557
556 592
556 593
557 592
557 593
558 559
558 594
558 595
559 560
559 594
559 595
559 596
560 561
560 595
560 596
560 597
561 562
561 596
561 597
562 563
562 597
562 598
563 564
563 598
563 599
564 565
564 598
564 599
564 600
565 566
565 599
565 600
565 601
566 600
566 601
566 602
567 568
567 602
567 603
567 604
568 603
568 604
568 605
569 570
569 605
569 606
570 571
570 606
570 607
571 572
571 607
572 573
572 607
572 608
573 574
573 608
574 608
574 609
575 576
575 609
575 610
575 611
576 577
576 610
576 611
576 612
577 611
577 612
577 613
578 579
578 613
578 614
578 615
579 580
579 614
579 615
580 581
580 615
580 616
581 582
581 616
581 617
582 583
582 616
582 617
582 618
583 617
583 618
584 619
585 586
585 620
586 587
586 620
587 588
587 621
588 589
588 621
588 622
589 621
589 622
589 623
590 591
590 623
590 624
590 625
591 624
591 625
591 626
592 593
592 626
592 627
592 628
593 627
593 628
594 595
594 629
594 630
595 596
595 629
595 630
595 631
596 597
596 630
596 631
596 632
597 631
597 632
597 633
598 599
598 633
598 634
598 635
599 600
599 634
599 635
600 601
600 635
600 636
601 602
601 636
601 637
602 603
602 636
602 637
602 638
603 604
603 637
603 638
603 639
604 605
604 638
604 639
604 640
605 606
605 639
605 640
605 641
606 640
606 641
606 642
607 642
607 643
607 644
608 644
608 645
608 646
609 610
609 646
609 647
610 611
610 647
610 648
611 612
611 648
611 649
612 613
612 648
612 649
612 650
613 614
613 649
613 650
614 615
614 650
614 651
615 651
615 652
616 617
616 652
616 653
616 654
617 618
617 653
617 654
617 655
618 654
618 655
618 656
619 656
619 657
620 658
620 659
621 622
621 660
621 661
621 662
622 623
622 661
622 662
622 663
623 624
623 662
623 663
623 664
624 625
624 663
624 664
624 665
625 626
625 664
625 665
625 666
626 627
626 665
626 666
627 628
627 666
627 667
628 667
629 630
629 668
629 669
630 631
630 668
630 669
630 670
631 632
631 669
631 670
631 671
632 633
632 670
632 671
632 672
633 634
633 671
633 672
634 635
634 672
636 637
636 673
636 674
637 638
637 673
637 674
638 639
638 674
638 675
639 640
639 675
640 641
640 675
640 676
641 642
641 676
641 677
642 643
642 676
642 677
642 678
643 644
643 677
643 678
644 645
644 678
645 646
646 647
646 679
647 679
647 680
648 649
648 680
648 681
649 650
649 681
649 682
650 682
651 652
651 683
651 684
652 653
652 683
652 684
652 685
653 654
653 684
653 685
653 686
654 655
654 685
654 686
654 687
655 656
655 686
655 687
656 657
656 687
656 688
657 688
657 689
658 659
658 690
658 691
659 660
659 690
659 691
659 692
660 661
660 691
660 692
660 693
661 662
661 692
661 693
662 663
662 693
662 694
663 664
663 694
663 695
664 665
664 694
664 695
665 666
665 695
665 696
666 696
667 697
667 698
668 669
668 698
668 699
668 700
669 670
669 699
669 700
670 671
670 700
670 701
671 672
671 701
671 702
672 701
672 702
672 703
673 674
673 704
673 705
673 706
674 705
674 706
674 707
675 707
675 708
675 709
676 677
676 709
676 710
677 678
677 710
678 711
679 680
679 713
680 681
680 714
681 714
681 715
682 715
682 716
683 684
683 716
683 717
683 718
684 685
684 717
684 718
685 686
685 718
685 719
686 687
686 719
686 720
687 719
687 720
687 721
688 689
688 721
688 722
688 723
689 722
689 723
690 691
690 724
690 725
691 692
691 724
691 725
691 726
692 693
692 725
692 726
692 727
693 726
693 727
693 728
694 695
694 728
694 729
694 730
695 729
695 730
696 731
696 732
697 698
697 732
697 733
697 734
698 699
698 733
698 734
698 735
699 700
699 734
699 735
699 736
700 735
700 736
700 737
701 702
701 737
701 738
701 739
702 703
702 738
702 739
702 740
703 739
703 740
703 741
704 705
704 741
704 742
704 743
705 706
705 742
705 743
705 744
706 707
706 743
706 744
706 745
707 708
707 744
707 745
707 746
708 709
708 745
708 746
708 747
709 710
709 746
709 747
709 748
710 747
710 748
711 712
711 749
711 750
711 751
712 713
712 750
712 751
712 752
713 751
713 752
714 715
714 753
714 754
715 754
715 755
716 717
716 755
716 756
716 757
717 718
717 756
717 757
717 758
718 757
718 758
719 720
719 759
720 721
720 759
721 722
721 759
721 760
722 723
722 760
722 761
723 760
723 761
724 725
724 762
724 763
725 726
725 762
725 763
725 764
726 727
726 763
726 764
726 765
727 728
727 764
727 765
727 766
728 729
728 765
728 766
728 767
729 730
729 766
729 767
729 768
730 767
730 768
730 769
731 732
731 769
731 770
731 771
732 733
732 770
732 771
732 772
733 734
733 771
733 772
733 773
734 735
734 772
734 773
735 736
735 773
735 774
736 737
736 774
736 775
737 738
737 774
737 775
737 776
738 739
738 775
738 776
738 777
739 740
739 776
739 777
739 778
740 741
740 777
740 778
740 779
741 742
741 778
741 779
741 780
742 743
742 779
742 780
743 744
743 780
743 781
744 745
744 781
744 782
745 746
745 781
745 782
745 783
746 747
746 782
746 783
747 748
747 783
747 784
748 784
749 750
749 785
750 751
750 785
750 786
751 752
751 785
751 786
751 787
752 786
752 787
753 754
753 788
753 789
754 788
754 789
754 790
755 756
755 790
755 791
755 792
756 757
756 791
756 792
756 793
757 758
757 792
757 793
757 794
758 793
758 794
758 795
759 796
759 797
759 798
760 761
760 798
760 799
760 800
761 799
761 800
762 763
762 801
763 764
763 801
764 765
764 801
764 802
765 766
765 802
765 803
766 767
766 802
766 803
766 804
767 768
767 803
767 804
767 805
768 769
768 804
768 805
768 806
769 770
769 805
769 806
769 807
770 771
770 806
770 807
770 808
771 772
771 807
771 808
771 809
772 773
772 808
772 809
772 810
773 809
773 810
773 811
774 775
774 811
774 812
774 813
775 776
775 812
775 813
776 777
776 813
776 814
777 778
777 814
777 815
778 779
778 814
778 815
778 816
779 780
779 815
779 816
779 817
780 816
780 817
780 818
781 782
781 818
782 783
782 819
783 819
783 820
784 820
784 821
784 822
785 786
785 823
785 824
786 787
786 824
786 825
787 825
787 826
788 789
788 826
788 827
788 828
789 790
789 827
789 828
789 829
790 791
790 828
790 829
790 830
791 792
791 829
791 830
791 831
792 793
792 830
792 831
792 832
793 794
793 831
793 832
793 833
794 795
794 832
794 833
795 796
795 833
795 834
796 797
796 834
796 835
797 798
797 834
797 835
797 836
798 799
798 835
798 836
799 800
799 836
799 837
800 837
801 838
802 803
802 838
802 839
802 840
803 804
803 839
803 840
803 841
804 805
804 840
804 841
804 842
805 806
805 841
805 842
805 843
806 807
806 842
806 843
807 808
807 843
808 809
808 844
809 810
809 844
809 845
810 811
810 844
810 845
810 846
811 812
811 845
811 846
811 847
812 813
812 846
812 847
812 848
813 847
813 848
813 849
814 815
814 849
814 850
814 851
815 816
815 850
815 851
816 817
816 851
817 818
817 852
818 852
818 853
819 820
819 854
820 821
820 854
820 855
821 822
821 854
821 855
821 856
822 823
822 855
822 856
822 857
823 824
823 856
823 857
823 858
824 857
824 858
824 859
825 826
825 859
825 860
825 861
826 827
826 860
826 861
826 862
827 828
827 861
827 862
827 863
828 829
828 862
828 863
828 864
829 830
829 863
829 864
830 831
830 864
830 865
831 832
831 865
832 833
832 865
833 866
834 835
834 866
834 867
834 868
835 836
835 867
835 868
835 869
836 868
836 869
836 870
837 870
837 871
838 839
838 872
839 840
839 872
840 841
840 872
840 873
841 842
841 873
841 874
842 843
842 873
842 874
842 875
843 874
843 875
844 845
844 876
844 877
845 846
845 877
846 847
847 848
847 878
848 849
848 878
849 850
849 878
849 879
850 851
850 879
850 880
851 879
851 880
851 881
852 853
852 882
852 883
853 883
853 884
854 855
854 885
854 886
855 856
855 885
855 886
855 887
856 857
856 886
856 887
856 888
857 858
857 887
857 888
857 889
858 859
858 888
858 889
858 890
859 860
859 889
859 890
859 891
860 861
860 890
860 891
861 862
861 891
861 892
862 863
862 892
862 893
863 864
863 892
863 893
863 894
864 893
864 894
864 895
865 895
865 896
865 897
866 867
866 898
866 899
866 900
867 868
867 899
867 900
867 901
868 869
868 900
868 901
868 902
869 870
869 901
869 902
870 871
870 902
872 904
872 905
873 874
873 905
873 906
873 907
874 875
874 906
874 907
874 908
875 907
875 908
875 909
876 877
876 909
876 910
877 910
877 911
878 913
878 914
878 915
879 880
879 915
879 916
879 917
880 881
880 916
880 917
880 918
881 882
881 917
881 918
881 919
882 883
882 918
882 919
882 920
883 919
883 920
883 921
884 921
884 922
884 923
885 886
885 923
885 924
886 887
886 924
887 888
887 925
888 889
888 925
888 926
889 890
889 925
889 926
889 927
890 891
890 926
890 927
890 928
891 927
891 928
891 929
892 893
892 929
892 930
893 894
893 930
893 931
894 895
894 931
894 932
895 896
895 931
895 932
895 933
896 897
896 932
896 933
896 934
897 898
897 933
897 934
897 935
898 899
898 934
898 935
899 900
899 935
899 936
900 901
900 936
900 937
901 902
901 936
901 937
901 938
902 937
902 938
902 939
903 941
903 942
904 905
904 943
904 944
905 906
905 943
905 944
905 945
906 907
906 944
906 945
906 946
907 908
907 945
907 946
907 947
908 909
908 946
908 947
908 948
909 910
909 947
909 948
909 949
910 948
910 949
910 950
911 912
911 950
911 951
912 913
912 951
912 952
913 914
913 952
913 953
914 915
914 952
914 953
914 954
915 916
915 953
915 954
915 955
916 917
916 954
916 955
917 918
917 955
917 956
918 919
918 956
918 957
919 920
919 956
919 957
919 958
920 921
920 957
920 958
920 959
921 922
921 958
921 959
921 960
922 923
922 959
922 960
922 961
923 924
923 960
923 961
924 961
924 962
925 926
925 963
925 964
925 965
926 927
926 964
926 965
926 966
927 928
927 965
927 966
927 967
928 929
928 966
928 967
928 968
929 930
929 967
929 968
929 969
930 968
930 969
930 970
931 932
931 970
931 971
931 972
932 933
932 971
932 972
932 973
933 934
933 972
933 973
933 974
934 935
934 973
934 974
934 975
935 974
935 975
936 937
936 976
937 938
937 976
937 977
938 939
938 976
938 977
938 978
939 940
939 977
939 978
940 978
941 942
941 979
941 980
942 979
942 980
943 944
943 981
943 982
944 945
944 981
944 982
944 983
945 946
945 982
945 983
945 984
946 947
946 983
946 984
946 985
947 948
947 984
947 985
947 986
948 949
948 985
948 986
948 987
949 950
949 986
949 987
949 988
950 951
950 987
950 988
950 989
951 988
951 989
951 990
952 953
952 990
952 991
952 992
953 954
953 991
953 992
953 993
954 955
954 992
954 993
954 994
955 993
955 994
955 995
956 957
956 995
956 996
956 997
957 958
957 996
957 997
957 998
958 959
958 997
958 998
958 999
959 960
959 998
959 999
959 1000
960 961
960 999
960 1000
961 1000
962 963
962 1001
963 964
963 1001
963 1002
964 965
964 1002
964 1003
965 966
965 1002
965 1003
965 1004
966 967
966 1003
966 1004
966 1005
967 968
967 1004
967 1005
967 1006
968 969
968 1005
968 1006
968 1007
969 970
969 1006
969 1007
969 1008
970 971
970 1007
970 1008
970 1009
971 972
971 1008
971 1009
972 973
972 1009
972 1010
973 974
973 1010
973 1011
974 975
974 1010
974 1011
974 1012
975 1011
975 1012
976 977
976 1013
976 1014
976 1015
977 978
977 1014
977 1015
977 1016
978 1015
978 1016
979 980
979 1017
980 1017
980 1018
981 982
981 1018
981 1019
981 1020
982 983
982 1019
982 1020
982 1021
983 984
983 1020
983 1021
983 1022
984 985
984 1021
984 1022
984 1023
985 986
985 1022
985 1023
986 987
986 1023
986 1024
987 988
987 1024
988 989
988 1024
989 990
989 1025
990 991
990 1025
990 1026
991 992
991 1025
991 1026
991 1027
992 993
992 1026
992 1027
992 1028
993 994
993 1027
993 1028
994 995
994 1028
994 1029
995 996
995 1029
996 997
996 1029
996 1030
997 998
997 1030
997 1031
998 999
998 1030
998 1031
998 1032
999 1000
999 1031
999 1032
999 1033
1000 1032
1000 1033
1001 1034
1001 1035
1002 1003
1002 1035
1002 1036
1002 1037
1003 1004
1003 1036
1003 1037
1003 1038
1004 1005
1004 1037
1004 1038
1005 1006
1005 1038
1005 1039
1006 1007
1006 1039
1006 1040
1007 1008
1007 1039
1007 1040
1007 1041
1008 1009
1008 1040
1008 1041
1008 1042
1009 1041
1009 1042
1010 1011
1010 1043
1011 1012
1011 1043
1011 1044
1012 1044
1013 1014
1013 1045
1013 1046
1014 1015
1014 1045
1014 1046
1014 1047
1015 1016
1015 1046
1015 1047
1015 1048
1016 1047
1016 1048
1016 1049
1017 1050
1017 1051
1018 1019
1018 1051
1018 1052
1018 1053
1019 1020
1019 1052
1019 1053
1019 1054
1020 1021
1020 1053
1020 1054
1021 1022
1021 1054
1022 1023
1024 1055
1025 1026
1025 1056
1025 1057
1025 1058
1026 1027
1026 1057
1026 1058
1026 1059
1027 1028
1027 1058
1027 1059
1028 1059
1028 1060
1029 1060
1029 1061
1030 1031
1030 1062
1031 1032
1031 1062
1031 1063
1032 1033
1032 1062
1032 1063
1032 1064
1033 1063
1033 1064
1033 1065
1034 1065
1034 1066
1034 1067
1035 1036
1035 1067
1035 1068
1035 1069
1036 1037
1036 1068
1036 1069
1036 1070
1037 1038
1037 1069
1037 1070
1037 1071
1038 1070
1038 1071
1038 1072
1039 1040
1039 1072
1039 1073
1039 1074
1040 1041
1040 1073
1040 1074
1040 1075
1041 1042
1041 1074
1041 1075
1041 1076
1042 1075
1042 1076
1042 1077
1043 1077
1043 1078
1043 1079
1044 1079
1044 1080
1044 1081
1045 1046
1045 1081
1045 1082
1046 1047
1046 1082
1046 1083
1047 1048
1047 1082
1047 1083
1048 1049
1048 1083
1050 1051
1050 1084
1051 1052
1051 1084
1051 1085
1052 1053
1052 1084
1052 1085
1052 1086
1053 1054
1053 1085
1053 1086
1054 1086
1055 1089
1055 1090
1056 1057
1056 1090
1056 1091
1056 1092
1057 1058
1057 1091
1057 1092
1057 1093
1058 1059
1058 1092
1058 1093
1059 1093
1059 1094
1060 1061
1060 1094
1060 1095
1060 1096
1061 1095
1061 1096
1061 1097
1062 1063
1062 1098
1062 1099
1062 1100
1063 1064
1063 1099
1063 1100
1064 1065
1064 1100
1065 1066
1065 1101
1066 1067
1066 1101
1066 1102
1067 1068
1067 1101
1067 1102
1068 1069
1068 1102
1068 1103
1069 1070
1069 1103
1069 1104
1070 1071
1070 1103
1070 1104
1070 1105
1071 1072
1071 1104
1071 1105
1071 1106
1072 1073
1072 1105
1072 1106
1072 1107
1073 1074
1073 1106
1073 1107
1073 1108
1074 1075
1074 1107
1074 1108
1074 1109
1075 1076
1075 1108
1075 1109
1075 1110
1076 1077
1076 1109
1076 1110
1076 1111
1077 1078
1077 1110
1077 1111
1077 1112
1078 1079
1078 1111
1078 1112
1078 1113
1079 1080
1079 1112
1079 1113
1079 1114
1080 1081
1080 1113
1080 1114
1080 1115
1081 1114
1081 1115
1081 1116
1082 1083
1082 1116
1082 1117
1083 1117
1084 1085
1084 1119
1084 1120
1085 1086
1085 1119
1085 1120
1085 1121
1086 1120
1086 1121
1086 1122
1087 1088
1087 1123
1087 1124
1087 1125
1088 1124
1088 1125
1088 1126
1089 1090
1089 1126
1089 1127
1089 1128
1090 1091
1090 1127
1090 1128
1090 1129
1091 1092
1091 1128
1091 1129
1091 1130
1092 1093
1092 1129
1092 1130
1092 1131
1093 1130
1093 1131
1093 1132
1094 1095
1094 1132
1094 1133
1095 1096
1095 1133
1095 1134
1096 1097
1096 1134
1096 1135
1097 1098
1097 1134
1097 1135
1097 1136
1098 1099
1098 1135
1098 1136
1098 1137
1099 1100
1099 1136
1099 1137
1099 1138
1100 1137
1100 1138
1100 1139
1101 1102
1101 1140
1101 1141
1102 1141
1102 1142
1103 1104
1103 1142
1103 1143
1104 1105
1104 1143
1105 1106
1105 1144
1106 1107
1106 1144
1106 1145
1107 1108
1107 1144
1107 1145
1107 1146
1108 1109
1108 1145
1108 1146
1108 1147
1109 1110
1109 1146
1109 1147
1109 1148
1110 1111
1110 1147
1110 1148
1110 1149
1111 1112
1111 1148
1111 1149
1111 1150
1112 1113
1112 1149
1112 1150
1112 1151
1113 1114
1113 1150
1113 1151
1114 1115
1114 1151
1114 1152
1115 1116
1115 1152
1116 1117
1116 1152
1116 1153
1117 1153
1117 1154
1118 1155
1118 1156
1119 1120
1119 1157
1119 1158
1120 1121
1120 1157
1120 1158
1120 1159
1121 1122
1121 1158
1121 1159
1121 1160
1122 1123
1122 1159
1122 1160
1123 1124
1123 1160
1124 1125
1124 1161
1125 1126
1125 1161
1125 1162
1126 1127
1126 1161
1126 1162
1126 1163
1127 1128
1127 1162
1127 1163
1127 1164
1128 1129
1128 1163
1128 1164
1128 1165
1129 1130
1129 1164
1129 1165
1129 1166
1130 1131
1130 1165
1130 1166
1130 1167
1131 1132
1131 1166
1131 1167
1131 1168
1132 1133
1132 1167
1132 1168
1132 1169
1133 1168
1133 1169
1133 1170
1134 1135
1134 1170
1135 1136
1135 1171
1136 1137
1136 1171
1136 1172
1137 1138
1137 1171
1137 1172
1137 1173
1138 1139
1138 1172
1138 1173
1139 1140
1139 1173
1139 1174
1140 1141
1140 1174
1140 1175
1141 1174
1141 1175
1141 1176
1142 1143
1142 1176
1142 1177
1142 1178
1143 1177
1143 1178
1143 1179
1144 1145
1144 1180
1144 1181
1144 1182
1145 1146
1145 1181
1145 1182
1145 1183
1146 1147
1146 1182
1146 1183
1146 1184
1147 1148
1147 1183
1147 1184
1147 1185
1148 1149
1148 1184
1148 1185
1148 1186
1149 1150
1149 1185
1149 1186
1149 1187
1150 1151
1150 1186
1150 1187
1150 1188
1151 1187
1151 1188
1151 1189
1152 1189
1152 1190
1152 1191
1153 1154
1153 1191
1153 1192
1154 1155
1154 1192
1154 1193
1155 1156
1155 1193
1155 1194
1156 1193
1156 1194
1157 1158
1157 1195
1157 1196
1157 1197
1158 1159
1158 1196
1158 1197
1158 1198
1159 1160
1159 1197
1159 1198
1159 1199
1160 1198
1160 1199
1160 1200
1161 1162
1161 1201
1162 1163
1162 1201
1162 1202
1163 1164
1163 1201
1163 1202
1163 1203
1164 1165
1164 1202
1164 1203
1164 1204
1165 1166
1165 1203
1165 1204
1165 1205
1166 1167
1166 1204
1166 1205
1166 1206
1167 1168
1167 1205
1167 1206
1167 1207
1168 1169
1168 1206
1168 1207
1168 1208
1169 1170
1169 1207
1169 1208
1170 1208
1171 1172
1171 1209
1172 1173
1172 1210
1173 1210
1174 1175
1174 1211
1174 1212
1175 1176
1175 1211
1175 1212
1175 1213
1176 1177
1176 1212
1176 1213
1176 1214
1177 1178
1177 1213
1177 1214
1177 1215
1178 1179
1178 1214
1178 1215
1179 1180
1179 1215
1180 1181
1181 1182
1181 1216
1182 1183
1182 1216
1183 1184
1183 1216
1183 1217
1184 1185
1184 1217
1184 1218
1185 1186
1185 1217
1185 1218
1185 1219
1186 1187
1186 1218
1186 1219
1186 1220
1187 1188
1187 1219
1187 1220
1187 1221
1188 1189
1188 1220
1188 1221
1188 1222
1189 1190
1189 1221
1189 1222
1189 1223
1190 1191
1190 1222
1190 1223
1190 1224
1191 1192
1191 1223
1191 1224
1191 1225
1192 1224
1192 1225
1192 1226
1193 1194
1193 1226
1193 1227
1193 1228
1194 1227
1194 1228
1195 1196
1195 1229
1195 1230
1196 1197
1196 1229
1196 1230
1196 1231
1197 1198
1197 1230
1197 1231
1198 1199
1198 1231
1198 1232
1199 1200
1199 1232
1199 1233
1200 1232
1200 1233
1200 1234
1201 1202
1201 1235
1201 1236
1201 1237
1202 1203
1202 1236
1202 1237
1202 1238
1203 1204
1203 1237
1203 1238
1204 1205
1204 1238
1205 1206
1205 1239
1206 1207
1206 1239
1207 1208
1207 1239
1207 1240
1208 1240
1208 1241
1209 1242
1209 1243
1210 1244
1210 1245
1210 1246
1211 1212
1211 1246
1211 1247
1211 1248
1212 1213
1212 1247
1212 1248
1212 1249
1213 1214
1213 1248
1213 1249
1214 1215
1214 1249
1214 1250
1215 1250
1215 1251
1216 1253
1216 1254
1217 1218
1217 1254
1217 1255
1217 1256
1218 1219
1218 1255
1218 1256
1218 1257
1219 1220
1219 1256
1219 1257
1219 1258
1220 1221
1220 1257
1220 1258
1220 1259
1221 1222
1221 1258
1221 1259
1221 1260
1222 1223
1222 1259
1222 1260
1223 1224
1223 1260
1223 1261
1224 1225
1224 1261
1224 1262
1225 1226
1225 1261
1225 1262
1225 1263
1226 1227
1226 1262
1226 1263
1227 1228
1227 1263
1227 1264
1228 1264
1229 1230
1229 1265
1229 1266
1230 1231
1230 1265
1230 1266
1230 1267
1231 1266
1231 1267
1231 1268
1232 1233
1232 1268
1232 1269
1232 1270
1233 1234
1233 1269
1233 1270
1233 1271
1234 1235
1234 1270
1234 1271
1234 1272
1235 1236
1235 1271
1235 1272
1235 1273
1236 1237
1236 1272
1236 1273
1236 1274
1237 1238
1237 1273
1237 1274
1237 1275
1238 1274
1238 1275
1238 1276
1239 1277
1239 1278
1239 1279
1240 1241
1240 1279
1240 1280
1240 1281
1241 1280
1241 1281
1242 1243
1242 1282
1242 1283
1243 1244
1243 1282
1243 1283
1243 1284
1244 1245
1244 1283
1244 1284
1244 1285
1245 1246
1245 1284
1245 1285
1245 1286
1246 1247
1246 1285
1246 1286
1246 1287
1247 1248
1247 1286
1247 1287
1247 1288
1248 1249
1248 1287
1248 1288
1248 1289
1249 1288
1249 1289
1249 1290
1250 1251
1250 1290
1250 1291
1250 1292
1251 1252
1251 1291
1251 1292
1251 1293
1252 1292
1252 1293
1253 1254
1253 1294
1254 1255
1254 1294
1254 1295
1255 1256
1255 1295
1256 1257
1256 1295
1256 1296
1257 1258
1257 1296
1257 1297
1258 1259
1258 1296
1258 1297
1258 1298
1259 1260
1259 1297
1259 1298
1259 1299
1260 1298
1260 1299
1261 1262
1261 1300
1261 1301
1262 1263
1262 1300
1262 1301
1262 1302
1263 1301
1263 1302
1263 1303
1264 1303
1264 1304
1265 1266
1265 1305
1266 1267
1266 1305
1266 1306
1267 1268
1267 1306
1267 1307
1268 1269
1268 1306
1268 1307
1268 1308
1269 1270
1269 1307
1269 1308
1269 1309
1270 1271
1270 1308
1270 1309
1270 1310
1271 1272
1271 1309
1271 1310
1271 1311
1272 1273
1272 1310
1272 1311
1272 1312
1273 1274
1273 1311
1273 1312
1274 1275
1274 1312
1274 1313
1275 1276
1275 1313
1275 1314
1276 1277
1276 1313
1276 1314
1277 1278
1277 1314
1277 1315
1278 1279
1278 1315
1278 1316
1279 1280
1279 1315
1279 1316
1279 1317
1280 1281
1280 1316
1280 1317
1281 1317
1281 1318
1282 1283
1282 1318
1282 1319
1282 1320
1283 1284
1283 1319
1283 1320
1283 1321
1284 1285
1284 1320
1284 1321
1284 1322
1285 1286
1285 1321
1285 1322
1285 1323
1286 1287
1286 1322
1286 1323
1286 1324
1287 1288
1287 1323
1287 1324
1287 1325
1288 1289
1288 1324
1288 1325
1288 1326
1289 1290
1289 1325
1289 1326
1290 1291
1290 1326
1290 1327
1291 1292
1291 1327
1292 1293
1292 1327
1292 1328
1293 1328
1293 1329
1294 1329
1294 1330
1294 1331
1295 1331
1295 1332
1295 1333
1296 1297
1296 1333
1296 1334
1296 1335
1297 1298
1297 1334
1297 1335
1297 1336
1298 1299
1298 1335
1298 1336
1298 1337
1299 1336
1299 1337
1299 1338
1300 1301
1300 1338
1301 1302
1301 1339
1302 1303
1302 1339
1302 1340
1303 1304
1303 1339
1303 1340
1303 1341
1304 1340
1304 1341
1305 1342
1306 1307
1306 1343
1306 1344
1307 1308
1307 1343
1307 1344
1307 1345
1308 1309
1308 1344
1308 1345
1308 1346
1309 1310
1309 1345
1309 1346
1309 1347
1310 1311
1310 1346
1310 1347
1310 1348
1311 1312
1311 1347
1311 1348
1311 1349
1312 1348
1312 1349
1312 1350
1313 1314
1313 1350
1313 1351
1314 1351
1314 1352
1315 1316
1315 1352
1315 1353
1316 1317
1316 1353
1317 1354
1318 1319
1318 1354
1318 1355
1318 1356
1319 1320
1319 1355
1319 1356
1320 1321
1320 1356
1321 1322
1322 1323
1322 1357
1323 1324
1323 1357
1324 1325
1324 1357
1324 1358
1325 1326
1325 1358
1325 1359
1326 1358
1326 1359
1326 1360
1327 1360
1327 1361
1327 1362
1328 1329
1328 1362
1328 1363
1329 1330
1329 1363
1329 1364
1330 1331
1330 1364
1330 1365
1331 1332
1331 1364
1331 1365
1331 1366
1332 1333
1332 1365
1332 1366
1332 1367
1333 1334
1333 1366
1333 1367
1333 1368
1334 1335
1334 1367
1334 1368
1334 1369
1335 1336
1335 1368
1335 1369
1335 1370
1336 1337
1336 1369
1336 1370
1336 1371
1337 1338
1337 1370
1337 1371
1337 1372
1338 1371
1338 1372
1338 1373
1339 1340
1339 1374
1340 1341
1340 1375
1341 1375
1342 1376
1342 1377
1343 1344
1343 1377
1343 1378
1343 1379
1344 1345
1344 1378
1344 1379
1345 1346
1345 1379
1345 1380
1346 1347
1346 1380
1346 1381
1347 1348
1347 1380
1347 1381
1347 1382
1348 1349
1348 1381
1348 1382
1348 1383
1349 1350
1349 1382
1349 1383
1350 1383
1350 1384
1351 1352
1351 1384
1351 1385
1351 1386
1352 1353
1352 1385
1352 1386
1352 1387
1353 1386
1353 1387
1353 1388
1354 1355
1354 1389
1354 1390
1355 1356
1355 1389
1355 1390
1355 1391
1356 1390
1356 1391
1356 1392
1357 1394
1357 1395
1358 1359
1358 1395
1358 1396
1359 1360
1359 1396
1359 1397
1360 1361
1360 1396
1360 1397
1360 1398
1361 1362
1361 1397
1361 1398
1361 1399
1362 1363
1362 1398
1362 1399
1362 1400
1363 1399
1363 1400
1363 1401
1364 1365
1364 1401
1364 1402
1365 1366
1365 1402
1365 1403
1366 1367
1366 1402
1366 1403
1367 1368
1367 1403
1368 1369
1369 1370
1369 1404
1370 1371
1370 1404
1370 1405
1371 1372
1371 1404
1371 1405
1371 1406
1372 1373
1372 1405
1372 1406
1372 1407
1373 1374
1373 1406
1373 1407
1373 1408
1374 1407
1374 1408
1374 1409
1375 1410
1376 1377
1376 1411
1377 1378
1377 1411
1377 1412
1378 1379
1378 1411
1378 1412
1378 1413
1379 1412
1379 1413
1380 1381
1380 1414
1380 1415
1381 1382
1381 1414
1381 1415
1381 1416
1382 1383
1382 1415
1382 1416
1382 1417
1383 1416
1383 1417
1383 1418
1384 1385
1384 1418
1384 1419
1385 1386
1385 1419
1385 1420
1386 1387
1386 1420
1386 1421
1387 1388
1387 1420
1387 1421
1387 1422
1388 1421
1388 1422
1388 1423
1389 1390
1389 1423
1389 1424
1389 1425
1390 1391
1390 1424
1390 1425
1391 1392
1391 1425
1391 1426
1392 1393
1392 1426
1393 1426
1393 1427
1394 1395
1394 1427
1394 1428
1394 1429
1395 1428
1395 1429
1396 1397
1396 1430
1397 1398
1397 1430
1397 1431
1398 1399
1398 1431
1398 1432
1399 1400
1399 1431
1399 1432
1399 1433
1400 1401
1400 1432
1400 1433
1400 1434
1401 1433
1401 1434
1401 1435
1402 1403
1402 1435
1402 1436
1402 1437
1403 1436
1403 1437
1403 1438
1404 1405
1404 1440
1404 1441
1404 1442
1405 1406
1405 1441
1405 1442
1405 1443
1406 1407
1406 1442
1406 1443
1406 1444
1407 1408
1407 1443
1407 1444
1407 1445
1408 1409
1408 1444
1408 1445
1408 1446
1409 1410
1409 1445
1409 1446
1410 1446
1411 1412
1411 1447
1412 1413
1412 1447
1413 1448
1414 1415
1414 1448
1414 1449
1415 1416
1415 1449
1415 1450
1416 1417
1416 1449
1416 1450
1416 1451
1417 1418
1417 1450
1417 1451
1417 1452
1418 1419
1418 1451
1418 1452
1418 1453
1419 1452
1419 1453
1419 1454
1420 1421
1420 1454
1420 1455
1421 1422
1421 1455
1422 1423
1422 1456
1423 1424
1423 1456
1423 1457
1424 1425
1424 1456
1424 1457
1424 1458
1425 1457
1425 1458
1425 1459
1426 1459
1426 1460
1426 1461
1427 1428
1427 1461
1427 1462
1428 1429
1428 1462
1429 1462
1430 1463
1430 1464
1431 1432
1431 1464
1431 1465
1432 1433
1432 1465
1432 1466
1433 1434
1433 1466
1434 1435
1434 1466
1434 1467
1435 1436
1435 1467
1435 1468
1436 1437
1436 1467
1436 1468
1436 1469
1437 1438
1437 1468
1437 1469
1437 1470
1438 1439
1438 1469
1438 1470
1438 1471
1439 1440
1439 1470
1439 1471
1439 1472
1440 1441
1440 1471
1440 1472
1440 1473
1441 1442
1441 1472
1441 1473
1441 1474
1442 1443
1442 1473
1442 1474
1442 1475
1443 1444
1443 1474
1443 1475
1444 1445
1444 1475
1444 1476
1445 1446
1445 1476
1445 1477
1446 1476
1446 1477
1446 1478
1447 1480
1447 1481
1447 1482
1448 1483
1448 1484
1448 1485
1449 1450
1449 1485
1449 1486
1449 1487
1450 1451
1450 1486
1450 1487
1450 1488
1451 1452
1451 1487
1451 1488
1451 1489
1452 1453
1452 1488
1452 1489
1453 1454
1453 1489
1453 1490
1454 1455
1454 1490
1454 1491
1455 1490
1455 1491
1455 1492
1456 1457
1456 1493
1456 1494
1456 1495
1457 1458
1457 1494
1457 1495
1457 1496
1458 1459
1458 1495
1458 1496
1458 1497
1459 1460
1459 1496
1459 1497
1459 1498
1460 1461
1460 1497
1460 1498
1461 1498
1461 1499
1462 1499
1462 1500
1463 1464
1463 1501
1463 1502
1464 1465
1464 1502
1465 1503
1466 1503
1466 1504
1467 1468
1467 1505
1467 1506
1468 1469
1468 1505
1468 1506
1468 1507
1469 1470
1469 1506
1469 1507
1470 1471
1470 1507
1471 1472
1471 1508
1472 1473
1472 1508
1473 1474
1473 1508
1473 1509
1474 1475
1474 1509
1474 1510
1475 1509
1475 1510
1476 1477
1476 1511
1476 1512
1477 1478
1477 1511
1477 1512
1477 1513
1478 1479
1478 1512
1478 1513
1478 1514
1479 1513
1479 1514
1480 1481
1480 1515
1480 1516
1481 1482
1481 1515
1481 1516
1481 1517
1482 1483
1482 1516
1482 1517
1482 1518
1483 1484
1483 1517
1483 1518
1483 1519
1484 1485
1484 1518
1484 1519
1485 1486
1485 1519
1485 1520
1486 1487
1486 1520
1486 1521
1487 1488
1487 1520
1487 1521
1487 1522
1488 1489
1488 1521
1488 1522
1488 1523
1489 1522
1489 1523
1489 1524
1490 1491
1490 1524
1491 1492
1492 1493
1492 1525
1493 1494
1493 1525
1493 1526
1494 1495
1494 1525
1494 1526
1494 1527
1495 1496
1495 1526
1495 1527
1496 1497
1496 1527
1496 1528
1497 1498
1497 1528
1497 1529
1498 1528
1498 1529
1498 1530
1499 1530
1499 1531
1499 1532
1500 1501
1500 1532
1500 1533
1500 1534
1501 1502
1501 1533
1501 1534
1501 1535
1502 1534
1502 1535
1502 1536
1503 1504
1503 1537
1503 1538
1503 1539
1504 1538
1504 1539
1504 1540
1505 1506
1505 1540
1505 1541
1505 1542
1506 1507
1506 1541
1506 1542
1507 1542
1507 1543
1508 1544
1508 1545
1509 1510
1509 1545
1509 1546
1510 1546
1510 1547
1511 1512
1511 1547
1511 1548
1511 1549
1512 1513
1512 1548
1512 1549
1512 1550
1513 1514
1513 1549
1513 1550
1513 1551
1514 1550
1514 1551
1515 1516
1515 1552
1516 1517
1516 1552
1516 1553
1517 1518
1517 1552
1517 1553
1517 1554
1518 1519
1518 1553
1518 1554
1519 1554
1519 1555
1520 1521
1520 1555
1520 1556
1520 1557
1521 1522
1521 1556
1521 1557
1521 1558
1522 1523
1522 1557
1522 1558
1523 1524
1523 1558
1523 1559
1524 1559
1525 1526
1525 1560
1525 1561
1525 1562
1526 1527
1526 1561
1526 1562
1526 1563
1527 1562
1527 1563
1527 1564
1528 1529
1528 1564
1528 1565
1528 1566
1529 1530
1529 1565
1529 1566
1530 1531
1530 1566
1530 1567
1531 1532
1531 1567
1532 1533
1532 1567
1532 1568
1533 1534
1533 1568
1533 1569
1534 1535
1534 1568
1534 1569
1534 1570
1535 1536
1535 1569
1535 1570
1535 1571
1536 1537
1536 1570
1536 1571
1536 1572
1537 1538
1537 1571
1537 1572
1538 1539
1538 1572
1538 1573
1539 1540
1539 1573
1540 1541
1540 1573
1541 1542
1541 1574
1542 1574
1543 1575
1543 1576
1544 1545
1544 1576
1544 1577
1544 1578
1545 1546
1545 1577
1545 1578
1545 1579
1546 1578
1546 1579
1546 1580
1547 1548
1547 1580
1547 1581
1548 1549
1548 1581
1548 1582
1549 1550
1549 1581
1549 1582
1549 1583
1550 1551
1550 1582
1550 1583
1550 1584
1551 1583
1551 1584
1552 1553
1552 1585
1552 1586
1552 1587
1553 1554
1553 1586
1553 1587
1553 1588
1554 1587
1554 1588
1555 1556
1555 1589
1555 1590
1556 1557
1556 1589
1556 1590
1556 1591
1557 1558
1557 1590
1557 1591
1557 1592
1558 1591
1558 1592
1558 1593
1559 1593
1559 1594
1560 1561
1560 1595
1560 1596
1561 1562
1561 1595
1561 1596
1561 1597
1562 1563
1562 1596
1562 1597
1562 1598
1563 1564
1563 1597
1563 1598
1563 1599
1564 1565
1564 1598
1564 1599
1564 1600
1565 1566
1565 1599
1565 1600
1566 1600
1566 1601
1567 1601
1567 1602
1567 1603
1568 1569
1568 1603
1568 1604
1569 1570
1569 1604
1569 1605
1570 1571
1570 1605
1570 1606
1571 1572
1571 1605
1571 1606
1571 1607
1572 1606
1572 1607
1572 1608
1573 1608
1573 1609
1574 1610
1574 1611
1574 1612
1575 1576
1575 1612
1575 1613
1576 1577
1576 1613
1576 1614
1577 1578
1577 1614
1578 1579
1578 1614
1579 1580
1579 1615
1580 1615
1580 1616
1581 1582
1581 1616
1581 1617
1581 1618
1582 1583
1582 1617
1582 1618
1582 1619
1583 1584
1583 1618
1583 1619
1584 1619
1585 1586
1586 1587
1587 1588
1589 1590
1590 1591
1591 1592
1592 1593
1593 1594
1595 1596
1596 1597
1597 1598
1598 1599
1599 1600
1601 1602
1602 1603
1603 1604
1605 1606
1606 1607
1607 1608
1608 1609
1610 1611
1611 1612
1612 1613
1615 1616
1616 1617
1617 1618
1618 1619
