# FromNodeId	ToNodeId
0 37
0 38
1 2
1 38
1 39
2 3
2 39
2 40
3 4
3 40
3 41
4 40
4 41
4 42
5 6
5 42
5 43
5 44
6 7
6 43
6 44
7 8
7 44
7 45
8 9
8 45
9 10
9 45
9 46
10 11
10 46
10 47
11 46
11 47
11 48
12 13
12 48
12 49
12 50
13 14
13 49
13 50
13 51
14 15
14 50
14 51
14 52
15 16
15 51
15 52
15 53
16 17
16 52
16 53
16 54
17 18
17 53
17 54
17 55
18 19
18 54
18 55
18 56
19 20
19 55
19 56
20 21
20 56
20 57
21 22
21 57
22 23
22 57
23 24
24 25
24 58
25 26
25 58
25 59
26 27
26 58
26 59
26 60
27 28
27 59
27 60
27 61
28 29
28 60
28 61
28 62
29 30
29 61
29 62
29 63
30 31
30 62
30 63
30 64
31 32
31 63
31 64
31 65
32 33
32 64
32 65
33 34
33 65
33 66
34 35
34 66
34 67
35 36
35 66
35 67
35 68
36 67
36 68
37 38
37 69
38 39
38 69
39 69
39 70
40 41
40 70
40 71
41 42
41 71
41 72
42 43
42 72
43 44
43 72
43 73
44 73
45 74
45 75
46 47
46 75
46 76
47 48
47 76
47 77
48 49
48 77
48 78
49 50
49 77
49 78
50 51
50 78
51 52
51 79
52 53
52 79
53 54
53 79
53 80
54 55
54 80
54 81
55 56
55 80
55 81
55 82
56 81
56 82
56 83
57 83
57 84
58 59
58 85
58 86
58 87
59 60
59 86
59 87
59 88
60 61
60 87
60 88
60 89
61 62
61 88
61 89
61 90
62 63
62 89
62 90
62 91
63 64
63 90
63 91
64 65
64 91
64 92
65 92
65 93
66 67
66 93
66 94
66 95
67 68
67 94
67 95
67 96
68 95
68 96
69 97
69 98
70 71
70 98
70 99
70 100
71 99
71 100
71 101
72 101
72 102
72 103
73 103
73 104
74 75
74 104
74 105
74 106
75 76
75 105
75 106
75 107
76 106
76 107
77 78
77 108
78 108
78 109
79 110
79 111
79 112
80 81
80 112
80 113
80 114
81 82
81 113
81 114
82 83
82 114
82 115
83 115
83 116
84 116
84 117
84 118
85 86
85 118
85 119
86 87
86 119
87 88
87 119
87 120
88 89
88 120
88 121
89 90
89 120
89 121
90 91
90 121
90 122
91 122
91 123
92 93
92 123
92 124
92 125
93 94
93 124
93 125
94 95
94 125
94 126
95 96
95 126
95 127
96 126
96 127
97 98
97 128
97 129
98 99
98 129
99 100
99 130
100 101
100 130
100 131
101 102
101 130
101 131
101 132
102 103
102 131
102 132
102 133
103 132
103 133
103 134
104 105
104 134
104 135
104 136
105 106
105 135
105 136
105 137
106 107
106 136
106 137
106 138
107 137
107 138
108 109
108 139
109 110
109 139
109 140
110 111
110 140
110 141
111 112
111 140
111 141
112 113
112 141
112 142
113 114
113 142
113 143
114 142
114 143
114 144
115 116
115 144
115 145
116 117
116 145
116 146
117 118
117 146
117 147
118 146
118 147
118 148
119 148
119 149
120 121
120 149
120 150
120 151
121 150
121 151
121 152
122 123
122 152
122 153
123 124
123 153
123 154
124 125
124 153
124 154
125 154
125 155
126 127
126 155
126 156
126 157
127 156
127 157
128 129
128 158
128 159
129 158
129 159
129 160
130 131
130 161
130 162
130 163
131 132
131 162
131 163
131 164
132 133
132 163
132 164
132 165
133 134
133 164
133 165
133 166
134 135
134 165
134 166
134 167
135 136
135 166
135 167
135 168
136 137
136 167
136 168
136 169
137 138
137 168
137 169
137 170
138 169
138 170
138 171
139 172
139 173
140 141
140 173
140 174
141 174
141 175
142 143
142 175
142 176
142 177
143 144
143 176
143 177
143 178
144 145
144 177
144 178
144 179
145 178
145 179
146 147
146 180
146 181
147 148
147 180
147 181
148 181
148 182
149 150
149 182
149 183
149 184
150 151
150 183
150 184
151 152
151 184
151 185
152 185
152 186
153 154
153 186
153 187
153 188
154 187
154 188
154 189
155 156
155 189
155 190
156 157
156 190
156 191
157 190
157 191
158 159
158 192
158 193
159 160
159 192
159 193
160 161
160 193
161 162
161 194
162 163
162 194
162 195
163 164
163 194
163 195
163 196
164 165
164 195
164 196
164 197
165 166
165 196
165 197
165 198
166 167
166 197
166 198
167 168
167 198
167 199
168 169
168 199
169 170
169 199
170 171
170 200
171 172
171 200
171 201
172 200
172 201
172 202
173 202
173 203
173 204
174 175
174 204
174 205
175 176
175 205
176 177
176 205
177 178
177 206
178 179
178 206
178 207
179 206
179 207
180 181
180 208
180 209
181 208
181 209
181 210
182 183
182 210
182 211
182 212
183 184
183 211
183 212
183 213
184 212
184 213
184 214
185 186
185 214
185 215
185 216
186 187
186 215
186 216
186 217
187 188
187 216
187 217
187 218
188 189
188 217
188 218
188 219
189 218
189 219
189 220
190 191
190 220
190 221
191 221
192 193
192 222
192 223
193 222
193 223
194 195
194 224
194 225
194 226
195 196
195 225
195 226
195 227
196 197
196 226
196 227
196 228
197 198
197 227
197 228
197 229
198 228
198 229
199 230
199 231
200 201
200 232
200 233
200 234
201 202
201 233
201 234
201 235
202 203
202 234
202 235
202 236
203 204
203 235
203 236
203 237
204 236
204 237
204 238
205 238
205 239
205 240
206 207
206 241
206 242
207 242
208 209
208 243
208 244
209 210
209 243
209 244
210 211
210 244
210 245
211 212
211 245
211 246
212 213
212 245
212 246
212 247
213 214
213 246
213 247
213 248
214 215
214 247
214 248
215 216
215 248
215 249
216 217
216 249
216 250
217 218
217 249
217 250
218 219
218 250
218 251
219 220
219 251
219 252
220 221
220 251
220 252
220 253
221 252
221 253
221 254
222 223
222 255
222 256
223 255
223 256
223 257
224 225
224 257
224 258
224 259
225 226
225 258
225 259
226 227
226 259
226 260
227 228
227 260
227 261
228 229
228 260
228 261
228 262
229 261
229 262
229 263
230 231
230 263
230 264
231 232
231 264
231 265
232 233
232 264
232 265
232 266
233 234
233 265
233 266
233 267
234 235
234 266
234 267
234 268
235 236
235 267
235 268
235 269
236 237
236 268
236 269
236 270
237 238
237 269
237 270
237 271
238 239
238 270
238 271
239 240
239 271
239 272
240 241
240 272
240 273
241 242
241 272
241 273
241 274
242 273
242 274
242 275
243 244
243 276
243 277
244 277
245 246
245 278
246 247
246 278
247 248
247 279
248 279
248 280
249 250
249 280
249 281
249 282
250 281
250 282
250 283
251 252
251 283
252 253
252 284
253 254
253 284
253 285
254 284
254 285
255 256
256 257
256 286
257 258
257 286
257 287
258 259
258 286
258 287
258 288
259 287
259 288
260 261
260 289
260 290
261 262
261 289
261 290
262 263
262 290
262 291
263 291
264 265
264 292
264 293
265 266
265 292
265 293
265 294
266 267
266 293
266 294
266 295
267 268
267 294
267 295
267 296
268 269
268 295
268 296
268 297
269 270
269 296
269 297
269 298
270 271
270 297
270 298
270 299
271 298
271 299
271 300
272 273
272 300
272 301
272 302
273 274
273 301
273 302
274 275
274 302
275 276
275 303
276 303
276 304
277 304
277 305
277 306
278 306
278 307
279 280
279 308
279 309
280 281
280 309
280 310
281 282
281 310
281 311
282 283
282 310
282 311
283 311
284 285
284 312
284 313
284 314
285 313
285 314
286 287
286 315
286 316
287 288
287 316
287 317
288 316
288 317
289 290
289 318
289 319
290 318
290 319
291 320
291 321
292 293
292 321
292 322
293 294
293 322
293 323
294 295
294 323
294 324
295 296
295 323
295 324
295 325
296 297
296 324
296 325
296 326
297 298
297 325
297 326
297 327
298 299
298 326
298 327
299 300
299 327
299 328
300 301
300 328
301 302
301 328
301 329
302 329
302 330
303 304
303 331
303 332
303 333
304 305
304 332
304 333
304 334
305 306
305 333
305 334
305 335
306 334
306 335
306 336
307 308
307 336
307 337
307 338
308 309
308 337
308 338
308 339
309 338
309 339
309 340
310 311
310 340
310 341
310 342
311 341
311 342
311 343
312 313
312 344
312 345
312 346
313 314
313 345
313 346
313 347
314 346
314 347
315 348
315 349
315 350
316 317
316 350
316 351
316 352
317 351
317 352
317 353
318 319
318 353
318 354
318 355
319 354
319 355
319 356
320 321
320 356
320 357
320 358
321 322
321 357
321 358
321 359
322 358
322 359
322 360
323 324
323 360
323 361
323 362
324 325
324 361
324 362
324 363
325 326
325 362
325 363
325 364
326 327
326 363
326 364
326 365
327 364
327 365
327 366
328 366
328 367
329 330
329 368
330 331
330 368
330 369
331 332
331 368
331 369
331 370
332 333
332 369
332 370
332 371
333 334
333 370
333 371
333 372
334 335
334 371
334 372
334 373
335 336
335 372
335 373
336 337
336 373
337 338
337 374
338 339
338 374
339 340
339 374
339 375
340 341
340 375
340 376
341 342
341 375
341 376
341 377
342 343
342 376
342 377
342 378
343 344
343 377
343 378
343 379
344 345
344 378
344 379
344 380
345 346
345 379
345 380
345 381
346 347
346 380
346 381
346 382
347 381
347 382
348 349
348 383
349 350
349 383
349 384
350 351
350 384
350 385
351 352
351 384
351 385
351 386
352 353
352 385
352 386
352 387
353 354
353 386
353 387
353 388
354 355
354 387
354 388
354 389
355 356
355 388
355 389
355 390
356 357
356 389
356 390
356 391
357 358
357 390
357 391
357 392
358 359
358 391
358 392
358 393
359 360
359 392
359 393
360 361
360 393
361 362
361 394
362 363
362 394
362 395
363 364
363 394
363 395
364 365
364 395
364 396
365 366
365 396
365 397
366 367
366 396
366 397
366 398
367 397
367 398
367 399
368 369
368 400
368 401
368 402
369 370
369 401
369 402
369 403
370 371
370 402
370 403
370 404
371 372
371 403
371 404
372 373
372 404
372 405
373 405
373 406
374 407
374 408
374 409
375 376
375 409
375 410
375 411
376 377
376 410
376 411
377 378
377 411
377 412
378 379
378 412
378 413
379 380
379 412
379 413
379 414
380 381
380 413
380 414
381 382
381 414
381 415
382 415
383 416
383 417
384 385
384 417
384 418
384 419
385 386
385 418
385 419
385 420
386 387
386 419
386 420
386 421
387 388
387 420
387 421
387 422
388 389
388 421
388 422
388 423
389 390
389 422
389 423
389 424
390 391
390 423
390 424
390 425
391 392
391 424
391 425
391 426
392 393
392 425
392 426
392 427
393 426
393 427
393 428
394 395
394 429
395 430
396 397
396 430
396 431
396 432
397 398
397 431
397 432
397 433
398 399
398 432
398 433
398 434
399 400
399 433
399 434
399 435
400 401
400 434
400 435
400 436
401 402
401 435
401 436
401 437
402 403
402 436
402 437
402 438
403 404
403 437
403 438
403 439
404 438
404 439
404 440
405 406
405 440
405 441
405 442
406 407
406 441
406 442
406 443
407 408
407 442
407 443
407 444
408 409
408 443
408 444
408 445
409 410
409 444
409 445
410 411
410 445
410 446
411 446
411 447
412 413
412 447
412 448
412 449
413 414
413 448
413 449
413 450
414 449
414 450
414 451
415 451
416 417
417 418
417 452
418 419
418 452
418 453
419 420
419 452
419 453
420 421
420 453
420 454
421 422
421 454
421 455
422 423
422 454
422 455
422 456
423 424
423 455
423 456
424 425
424 456
424 457
425 426
425 457
425 458
426 427
426 457
426 458
426 459
427 428
427 458
427 459
428 429
428 459
428 460
429 460
430 431
430 461
430 462
431 432
431 461
431 462
431 463
432 433
432 462
432 463
432 464
433 434
433 463
433 464
434 435
434 464
434 465
435 436
435 465
435 466
436 437
436 465
436 466
436 467
437 438
437 466
437 467
437 468
438 439
438 467
438 468
438 469
439 440
439 468
439 469
439 470
440 441
440 469
440 470
441 442
441 470
441 471
442 443
442 471
443 444
443 471
443 472
444 445
444 472
445 472
446 447
446 473
447 448
447 473
448 449
449 450
449 474
450 451
450 474
451 474
451 475
452 453
452 477
452 478
452 479
453 478
453 479
453 480
454 455
454 480
454 481
455 456
455 481
455 482
456 482
457 458
457 483
457 484
458 459
458 483
458 484
458 485
459 484
459 485
459 486
460 486
460 487
461 462
461 488
461 489
461 490
462 463
462 489
462 490
462 491
463 464
463 490
463 491
463 492
464 491
464 492
464 493
465 466
465 493
465 494
466 467
466 494
466 495
467 468
467 495
467 496
468 469
468 495
468 496
468 497
469 470
469 496
469 497
469 498
470 497
470 498
471 499
471 500
472 500
472 501
472 502
473 503
474 505
474 506
475 506
475 507
476 477
476 508
477 478
477 508
477 509
478 479
478 508
478 509
478 510
479 480
479 509
479 510
479 511
480 481
480 510
480 511
481 511
481 512
482 512
482 513
483 484
483 514
483 515
484 485
484 514
484 515
484 516
485 486
485 515
485 516
486 487
486 516
486 517
487 517
487 518
488 489
488 518
488 519
488 520
489 490
489 519
489 520
489 521
490 491
490 520
490 521
490 522
491 492
491 521
491 522
491 523
492 493
492 522
492 523
493 494
493 523
493 524
494 524
494 525
495 496
495 525
495 526
495 527
496 497
496 526
496 527
496 528
497 498
497 527
497 528
497 529
498 528
498 529
498 530
499 500
499 530
499 531
499 532
500 501
500 531
500 532
500 533
501 502
501 532
501 533
501 534
502 533
502 534
502 535
503 504
503 536
503 537
503 538
504 505
504 537
504 538
504 539
505 538
505 539
505 540
506 507
506 540
506 541
506 542
507 541
507 542
508 509
508 543
508 544
508 545
509 510
509 544
509 545
509 546
510 511
510 545
510 546
511 546
512 513
512 547
513 547
514 515
515 516
515 548
516 548
516 549
517 518
517 549
517 550
517 551
518 519
518 550
518 551
519 520
519 551
519 552
520 521
520 552
520 553
521 522
521 552
521 553
521 554
522 523
522 553
522 554
522 555
523 554
523 555
523 556
524 525
524 556
524 557
524 558
525 526
525 557
525 558
525 559
526 527
526 558
526 559
526 560
527 528
527 559
527 560
527 561
528 529
528 560
528 561
528 562
529 530
529 561
529 562
529 563
530 531
530 562
530 563
530 564
531 532
531 563
531 564
531 565
532 533
532 564
532 565
532 566
533 534
533 565
533 566
533 567
534 535
534 566
534 567
534 568
535 536
535 567
535 568
535 569
536 537
536 568
536 569
537 538
537 569
537 570
538 539
538 570
539 540
539 570
539 571
540 541
540 571
540 572
541 542
541 571
541 572
541 573
542 572
542 573
543 544
543 574
543 575
544 545
544 574
544 575
544 576
545 546
545 575
545 576
546 576
546 577
547 578
547 579
547 580
548 549
548 582
548 583
549 550
549 583
549 584
550 551
550 584
550 585
551 584
551 585
551 586
552 553
552 586
552 587
552 588
553 554
553 587
553 588
553 589
554 555
554 588
554 589
555 556
555 589
555 590
556 557
556 590
557 558
557 590
558 559
558 591
559 560
559 591
559 592
560 561
560 591
560 592
560 593
561 562
561 592
561 593
561 594
562 563
562 593
562 594
562 595
563 564
563 594
563 595
563 596
564 565
564 595
564 596
564 597
565 566
565 596
565 597
565 598
566 567
566 597
566 598
566 599
567 568
567 598
567 599
568 569
568 599
568 600
569 600
569 601
570 601
570 602
571 572
571 603
571 604
572 573
572 603
572 604
572 605
573 604
573 605
574 575
574 606
574 607
575 576
575 606
575 607
575 608
576 607
576 608
576 609
577 578
577 609
577 610
577 611
578 579
578 610
578 611
578 612
579 580
579 611
579 612
579 613
580 612
580 613
580 614
581 582
581 614
581 615
582 583
582 615
582 616
583 616
583 617
584 585
584 617
584 618
584 619
585 586
585 618
585 619
585 620
586 587
586 619
586 620
586 621
587 588
587 620
587 621
587 622
588 589
588 621
588 622
588 623
589 622
589 623
589 624
590 624
590 625
590 626
591 592
591 627
591 628
592 593
592 628
593 594
593 628
593 629
594 595
594 629
594 630
595 596
595 629
595 630
595 631
596 597
596 630
596 631
596 632
597 598
597 631
597 632
597 633
598 599
598 632
598 633
598 634
599 633
599 634
600 601
600 635
600 636
601 602
601 635
601 636
601 637
602 636
602 637
602 638
603 604
603 638
603 639
603 640
604 605
604 639
604 640
604 641
605 640
605 641
606 607
606 642
606 643
607 608
607 642
607 643
607 644
608 609
608 643
608 644
608 645
609 610
609 644
609 645
609 646
610 611
610 645
610 646
610 647
611 612
611 646
611 647
612 613
612 647
613 614
613 648
614 615
614 648
614 649
615 648
615 649
615 650
616 617
616 650
616 651
617 618
617 651
617 652
618 619
618 651
618 652
618 653
619 620
619 652
619 653
619 654
620 621
620 653
620 654
621 622
621 654
621 655
622 623
622 655
622 656
623 624
623 655
623 656
623 657
624 625
624 656
624 657
624 658
625 626
625 657
625 658
626 627
626 658
626 659
627 659
627 660
628 660
629 630
629 661
630 631
630 661
631 632
632 633
632 662
633 634
633 662
633 663
634 662
634 663
634 664
635 636
635 664
635 665
635 666
636 637
636 665
636 666
636 667
637 638
637 666
637 667
637 668
638 639
638 667
638 668
638 669
639 640
639 668
639 669
639 670
640 641
640 669
640 670
640 671
641 670
641 671
642 643
642 672
642 673
643 644
643 672
643 673
643 674
644 645
644 673
644 674
645 646
645 674
646 647
646 675
647 675
647 676
648 649
648 677
648 678
648 679
649 650
649 678
649 679
649 680
650 679
650 680
650 681
651 652
651 681
651 682
652 653
652 682
652 683
653 654
653 682
653 683
653 684
654 683
654 684
655 656
655 685
655 686
656 657
656 685
656 686
656 687
657 658
657 686
657 687
657 688
658 687
658 688
659 660
659 689
660 689
661 690
661 691
661 692
662 663
662 693
662 694
663 664
663 694
663 695
664 665
664 694
664 695
664 696
665 666
665 695
665 696
665 697
666 667
666 696
666 697
666 698
667 668
667 697
667 698
667 699
668 669
668 698
668 699
668 700
669 670
669 699
669 700
669 701
670 671
670 700
670 701
671 701
672 673
673 674
673 702
674 702
674 703
675 676
675 704
675 705
675 706
676 677
676 705
676 706
676 707
677 678
677 706
677 707
677 708
678 679
678 707
678 708
678 709
679 680
679 708
679 709
679 710
680 681
680 709
680 710
680 711
681 710
681 711
682 683
682 712
682 713
683 684
683 712
683 713
684 713
684 714
685 686
685 714
685 715
685 716
686 687
686 715
686 716
686 717
687 688
687 716
687 717
687 718
688 717
688 718
689 719
689 720
690 691
690 721
691 692
692 722
693 722
693 723
693 724
694 695
694 724
694 725
694 726
695 696
695 725
695 726
696 697
696 726
696 727
697 698
697 727
697 728
698 699
698 727
698 728
698 729
699 700
699 728
699 729
699 730
700 701
700 729
700 730
700 731
701 730
701 731
702 703
702 733
702 734
702 735
703 704
703 734
703 735
703 736
704 705
704 735
704 736
705 706
705 736
705 737
706 707
706 737
706 738
707 708
707 737
707 738
707 739
708 709
708 738
708 739
708 740
709 710
709 739
709 740
709 741
710 711
710 740
710 741
710 742
711 741
711 742
712 713
712 743
712 744
713 743
713 744
714 715
714 745
715 716
715 745
715 746
716 717
716 745
716 746
716 747
717 718
717 746
717 747
717 748
718 747
718 748
719 720
719 749
719 750
720 721
720 749
720 750
720 751
721 750
721 751
721 752
722 723
722 753
723 724
724 725
724 754
725 726
725 754
725 755
726 754
726 755
726 756
727 728
727 756
727 757
727 758
728 729
728 757
728 758
729 730
729 758
729 759
730 731
730 759
730 760
731 759
731 760
731 761
732 733
732 762
732 763
733 734
733 762
733 763
733 764
734 735
734 763
734 764
734 765
735 736
735 764
735 765
735 766
736 765
736 766
736 767
737 738
737 767
737 768
738 739
738 768
738 769
739 740
739 768
739 769
740 741
740 769
740 770
741 742
741 770
742 770
743 744
743 771
743 772
744 771
744 772
744 773
745 746
745 774
745 775
745 776
746 747
746 775
746 776
747 748
747 776
747 777
748 777
748 778
749 750
749 778
749 779
750 751
750 779
750 780
751 752
751 780
751 781
752 780
752 781
752 782
753 782
753 783
753 784
754 755
754 785
754 786
755 756
755 785
755 786
755 787
756 757
756 786
756 787
756 788
757 758
757 787
757 788
757 789
758 788
758 789
758 790
759 760
759 790
759 791
759 792
760 761
760 791
760 792
761 792
762 763
762 793
763 764
763 793
763 794
764 765
764 793
764 794
764 795
765 766
765 794
765 795
765 796
766 767
766 795
766 796
766 797
767 796
767 797
767 798
768 769
768 798
768 799
768 800
769 799
769 800
769 801
770 801
770 802
771 772
771 803
771 804
771 805
772 773
772 804
772 805
772 806
773 774
773 805
773 806
773 807
774 775
774 806
774 807
774 808
775 776
775 807
775 808
775 809
776 808
776 809
776 810
777 778
777 810
777 811
777 812
778 779
778 811
778 812
779 812
779 813
780 781
780 813
780 814
781 782
781 814
781 815
782 783
782 814
782 815
782 816
783 784
783 815
783 816
783 817
784 816
784 817
784 818
785 786
785 819
785 820
785 821
786 787
786 820
786 821
786 822
787 788
787 821
787 822
788 789
788 822
788 823
789 790
789 823
789 824
790 791
790 823
790 824
790 825
791 792
791 824
791 825
792 825
792 826
793 794
793 827
793 828
793 829
794 795
794 828
794 829
795 796
795 829
795 830
796 797
796 830
796 831
797 798
797 830
797 831
797 832
798 799
798 831
798 832
798 833
799 800
799 832
799 833
799 834
800 801
800 833
800 834
800 835
801 834
801 835
801 836
802 803
802 836
802 837
802 838
803 804
803 837
803 838
803 839
804 805
804 838
804 839
804 840
805 806
805 839
805 840
806 807
806 840
806 841
807 808
807 841
807 842
808 809
808 841
808 842
809 810
809 842
809 843
810 811
810 843
810 844
811 812
811 843
811 844
811 845
812 844
812 845
812 846
813 846
813 847
813 848
814 815
814 848
815 816
815 849
816 817
816 849
816 850
817 818
817 849
817 850
817 851
818 819
818 850
818 851
818 852
819 820
819 851
819 852
819 853
820 821
820 852
820 853
821 822
821 853
821 854
822 854
822 855
823 824
823 855
823 856
824 825
824 856
824 857
825 857
827 828
827 858
828 829
828 858
828 859
829 859
829 860
830 831
830 860
830 861
830 862
831 832
831 861
831 862
831 863
832 833
832 862
832 863
832 864
833 834
833 863
833 864
834 835
834 864
834 865
835 836
835 865
835 866
836 837
836 865
836 866
836 867
837 838
837 866
837 867
837 868
838 839
838 867
838 868
838 869
839 840
839 868
839 869
839 870
840 869
840 870
841 842
841 871
841 872
842 871
842 872
842 873
843 844
843 873
843 874
844 845
844 874
845 846
845 875
846 847
846 875
846 876
847 848
847 875
847 876
847 877
848 876
848 877
848 878
849 850
849 879
849 880
850 851
850 880
850 881
851 852
851 881
852 853
852 881
852 882
853 882
854 855
854 883
854 884
855 856
855 883
855 884
856 884
857 885
858 887
858 888
859 860
859 888
859 889
860 861
860 889
860 890
861 862
861 890
861 891
862 863
862 890
862 891
863 864
863 891
863 892
864 892
865 866
866 867
867 868
868 869
868 893
869 870
869 893
869 894
870 893
870 894
871 872
871 895
871 896
872 873
872 895
872 896
872 897
873 874
873 896
873 897
873 898
874 897
874 898
874 899
875 876
875 900
875 901
875 902
876 877
876 901
876 902
876 903
877 878
877 902
877 903
877 904
878 879
878 903
878 904
878 905
879 880
879 904
879 905
879 906
880 905
880 906
881 907
882 908
882 909
883 884
883 909
883 910
883 911
884 910
884 911
885 912
885 913
885 914
886 914
886 915
887 888
887 916
887 917
888 889
888 916
888 917
888 918
889 917
889 918
890 891
890 919
890 920
891 919
891 920
892 921
893 894
893 924
893 925
894 925
894 926
895 896
895 926
895 927
895 928
896 897
896 927
896 928
896 929
897 898
897 928
897 929
897 930
898 899
898 929
898 930
898 931
899 900
899 930
899 931
899 932
900 901
900 931
900 932
900 933
901 902
901 932
901 933
901 934
902 903
902 933
902 934
902 935
903 904
903 934
903 935
904 905
904 935
904 936
905 906
905 936
905 937
906 936
906 937
906 938
907 938
907 939
907 940
908 909
908 940
908 941
908 942
909 910
909 941
909 942
909 943
910 911
910 942
910 943
910 944
911 943
911 944
911 945
912 913
912 945
912 946
912 947
913 914
913 946
913 947
913 948
914 915
914 947
914 948
914 949
915 948
915 949
916 917
916 950
916 951
917 918
917 950
917 951
917 952
918 951
918 952
919 920
919 953
919 954
920 953
920 954
920 955
921 955
921 956
921 957
922 923
922 958
922 959
922 960
923 924
923 959
923 960
923 961
924 925
924 960
924 961
924 962
925 961
925 962
925 963
926 927
926 963
926 964
927 928
927 964
927 965
928 929
928 965
928 966
929 930
929 965
929 966
929 967
930 931
930 966
930 967
930 968
931 932
931 967
931 968
931 969
932 933
932 968
932 969
932 970
933 934
933 969
933 970
933 971
934 935
934 970
934 971
934 972
935 971
935 972
935 973
936 937
936 973
936 974
936 975
937 938
937 974
937 975
937 976
938 939
938 975
938 976
938 977
939 940
939 976
939 977
939 978
940 941
940 977
940 978
940 979
941 942
941 978
941 979
942 943
942 979
942 980
943 944
943 980
943 981
944 945
944 980
944 981
944 982
945 946
945 981
945 982
945 983
946 947
946 982
946 983
947 948
947 983
947 984
948 949
948 984
948 985
949 984
949 985
950 951
950 986
950 987
951 952
951 986
951 987
952 987
952 988
953 954
953 988
953 989
953 990
954 955
954 989
954 990
954 991
955 956
955 990
955 991
955 992
956 957
956 991
956 992
956 993
957 958
957 992
957 993
958 959
958 993
959 960
960 961
961 962
961 994
962 963
962 994
963 964
963 994
963 995
964 995
965 966
966 967
967 968
967 996
968 969
968 996
968 997
969 970
969 996
969 997
969 998
970 971
970 997
970 998
970 999
971 972
971 998
971 999
971 1000
972 973
972 999
972 1000
972 1001
973 974
973 1000
973 1001
973 1002
974 975
974 1001
974 1002
974 1003
975 976
975 1002
975 1003
975 1004
976 977
976 1003
976 1004
976 1005
977 978
977 1004
977 1005
977 1006
978 979
978 1005
978 1006
978 1007
979 1006
979 1007
979 1008
980 981
980 1008
980 1009
980 1010
981 982
981 1009
981 1010
981 1011
982 983
982 1010
982 1011
982 1012
983 1011
983 1012
983 1013
984 985
984 1013
984 1014
985 1014
986 987
986 1015
986 1016
987 1015
987 1016
987 1017
988 989
988 1017
988 1018
988 1019
989 990
989 1018
989 1019
990 991
990 1019
990 1020
991 992
991 1020
991 1021
992 993
992 1020
992 1021
992 1022
993 1021
993 1022
994 1025
995 1026
995 1027
996 997
996 1030
996 1031
997 998
997 1031
997 1032
998 999
998 1032
998 1033
999 1000
999 1032
999 1033
999 1034
1000 1001
1000 1033
1000 1034
1000 1035
1001 1002
1001 1034
1001 1035
1001 1036
1002 1003
1002 1035
1002 1036
1002 1037
1003 1004
1003 1036
1003 1037
1003 1038
1004 1005
1004 1037
1004 1038
1004 1039
1005 1006
1005 1038
1005 1039
1005 1040
1006 1007
1006 1039
1006 1040
1006 1041
1007 1008
1007 1040
1007 1041
1007 1042
1008 1009
1008 1041
1008 1042
1008 1043
1009 1010
1009 1042
1009 1043
1009 1044
1010 1011
1010 1043
1010 1044
1010 1045
1011 1012
1011 1044
1011 1045
1011 1046
1012 1013
1012 1045
1012 1046
1012 1047
1013 1046
1013 1047
1013 1048
1014 1048
1014 1049
1015 1016
1016 1017
1016 1050
1017 1018
1017 1050
1018 1019
1018 1050
1018 1051
1019 1051
1019 1052
1020 1021
1020 1052
1020 1053
1021 1022
1021 1053
1021 1054
1022 1054
1022 1055
1023 1024
1023 1055
1023 1056
1023 1057
1024 1025
1024 1056
1024 1057
1024 1058
1025 1057
1025 1058
1025 1059
1026 1027
1026 1060
1026 1061
1027 1028
1027 1061
1027 1062
1028 1029
1028 1061
1028 1062
1028 1063
1029 1030
1029 1062
1029 1063
1030 1031
1030 1063
1030 1064
1031 1064
1031 1065
1032 1033
1032 1065
1032 1066
1033 1034
1033 1066
1033 1067
1034 1035
1034 1067
1034 1068
1035 1036
1035 1067
1035 1068
1035 1069
1036 1037
1036 1068
1036 1069
1036 1070
1037 1038
1037 1069
1037 1070
1037 1071
1038 1039
1038 1070
1038 1071
1038 1072
1039 1040
1039 1071
1039 1072
1039 1073
1040 1041
1040 1072
1040 1073
1040 1074
1041 1042
1041 1073
1041 1074
1042 1043
1042 1074
1042 1075
1043 1044
1043 1075
1043 1076
1044 1045
1044 1075
1044 1076
1045 1046
1045 1076
1045 1077
1046 1047
1046 1077
1046 1078
1047 1048
1047 1077
1047 1078
1047 1079
1048 1049
1048 1078
1048 1079
1048 1080
1049 1079
1049 1080
1050 1082
1050 1083
1051 1052
1051 1083
1051 1084
1051 1085
1052 1053
1052 1084
1052 1085
1052 1086
1053 1085
1053 1086
1053 1087
1054 1055
1054 1087
1054 1088
1054 1089
1055 1056
1055 1088
1055 1089
1055 1090
1056 1057
1056 1089
1056 1090
1056 1091
1057 1058
1057 1090
1057 1091
1058 1059
1058 1091
1059 1060
1059 1092
1060 1092
1060 1093
1061 1062
1061 1093
1061 1094
1062 1063
1062 1094
1063 1094
1063 1095
1064 1065
1064 1095
1064 1096
1064 1097
1065 1066
1065 1096
1065 1097
1065 1098
1066 1097
1066 1098
1066 1099
1067 1068
1067 1099
1067 1100
1067 1101
1068 1069
1068 1100
1068 1101
1068 1102
1069 1070
1069 1101
1069 1102
1069 1103
1070 1071
1070 1102
1070 1103
1070 1104
1071 1072
1071 1103
1071 1104
1071 1105
1072 1073
1072 1104
1072 1105
1072 1106
1073 1074
1073 1105
1073 1106
1074 1106
1074 1107
1075 1076
1075 1107
1075 1108
1075 1109
1076 1108
1076 1109
1076 1110
1077 1078
1077 1110
1077 1111
1077 1112
1078 1079
1078 1111
1078 1112
1078 1113
1079 1080
1079 1112
1079 1113
1079 1114
1080 1113
1080 1114
1081 1115
1081 1116
1082 1083
1082 1116
1082 1117
1082 1118
1083 1084
1083 1117
1083 1118
1083 1119
1084 1085
1084 1118
1084 1119
1084 1120
1085 1086
1085 1119
1085 1120
1086 1087
1086 1120
1086 1121
1087 1088
1087 1121
1087 1122
1088 1089
1088 1121
1088 1122
1089 1090
1089 1122
1089 1123
1090 1091
1090 1123
1091 1123
1091 1124
1092 1093
1092 1125
1092 1126
1092 1127
1093 1126
1093 1127
1093 1128
1094 1128
1094 1129
1094 1130
1095 1096
1095 1130
1095 1131
1095 1132
1096 1097
1096 1131
1096 1132
1096 1133
1097 1098
1097 1132
1097 1133
1097 1134
1098 1099
1098 1133
1098 1134
1098 1135
1099 1100
1099 1134
1099 1135
1099 1136
1100 1101
1100 1135
1100 1136
1101 1102
1101 1136
1101 1137
1102 1103
1102 1137
1102 1138
1103 1104
1103 1137
1103 1138
1103 1139
1104 1105
1104 1138
1104 1139
1105 1106
1105 1139
1105 1140
1106 1140
1106 1141
1107 1108
1107 1141
1107 1142
1107 1143
1108 1109
1108 1142
1108 1143
1109 1110
1109 1143
1110 1111
1110 1144
1111 1112
1111 1144
1111 1145
1112 1113
1112 1144
1112 1145
1112 1146
1113 1114
1113 1145
1113 1146
1113 1147
1114 1146
1114 1147
1115 1116
1116 1117
1116 1148
1117 1118
1117 1148
1117 1149
1118 1119
1118 1148
1118 1149
1118 1150
1119 1120
1119 1149
1119 1150
1119 1151
1120 1150
1120 1151
1120 1152
1121 1122
1121 1152
1121 1153
1121 1154
1122 1153
1122 1154
1122 1155
1123 1155
1123 1156
1124 1125
1124 1157
1124 1158
1125 1126
1125 1157
1125 1158
1125 1159
1126 1127
1126 1158
1126 1159
1126 1160
1127 1128
1127 1159
1127 1160
1127 1161
1128 1129
1128 1160
1128 1161
1128 1162
1129 1130
1129 1161
1129 1162
1129 1163
1130 1131
1130 1162
1130 1163
1131 1132
1131 1163
1131 1164
1132 1133
1132 1164
1132 1165
1133 1134
1133 1164
1133 1165
1133 1166
1134 1135
1134 1165
1134 1166
1134 1167
1135 1136
1135 1166
1135 1167
1135 1168
1136 1167
1136 1168
1136 1169
1137 1138
1137 1169
1137 1170
1137 1171
1138 1139
1138 1170
1138 1171
1139 1171
1140 1141
1140 1172
1140 1173
1141 1142
1141 1172
1141 1173
1141 1174
1142 1143
1142 1173
1142 1174
1142 1175
1143 1174
1143 1175
1143 1176
1144 1145
1144 1177
1144 1178
1145 1146
1145 1178
1145 1179
1146 1147
1146 1179
1146 1180
1147 1179
1147 1180
1148 1149
1148 1182
1148 1183
1148 1184
1149 1150
1149 1183
1149 1184
1149 1185
1150 1151
1150 1184
1150 1185
1150 1186
1151 1152
1151 1185
1151 1186
1151 1187
1152 1153
1152 1186
1152 1187
1153 1154
1153 1187
1153 1188
1154 1155
1154 1188
1155 1156
1155 1188
1157 1158
1157 1189
1157 1190
1158 1159
1158 1189
1158 1190
1158 1191
1159 1160
1159 1190
1159 1191
1159 1192
1160 1161
1160 1191
1160 1192
1160 1193
1161 1162
1161 1192
1161 1193
1161 1194
1162 1163
1162 1193
1162 1194
1162 1195
1163 1194
1163 1195
1163 1196
1164 1165
1164 1196
1164 1197
1164 1198
1165 1166
1165 1197
1165 1198
1165 1199
1166 1167
1166 1198
1166 1199
1166 1200
1167 1168
1167 1199
1167 1200
1167 1201
1168 1169
1168 1200
1168 1201
1168 1202
1169 1170
1169 1201
1169 1202
1169 1203
1170 1171
1170 1202
1170 1203
1170 1204
1171 1203
1171 1204
1171 1205
1172 1173
1172 1206
1172 1207
1173 1174
1173 1207
1173 1208
1174 1175
1174 1208
1174 1209
1175 1176
1175 1208
1175 1209
1175 1210
1176 1177
1176 1209
1176 1210
1176 1211
1177 1178
1177 1210
1177 1211
1177 1212
1178 1211
1178 1212
1178 1213
1179 1180
1179 1213
1179 1214
1180 1214
1181 1182
1181 1215
1182 1183
1182 1215
1182 1216
1183 1184
1183 1215
1183 1216
1184 1185
1184 1216
1184 1217
1185 1186
1185 1217
1185 1218
1186 1187
1186 1217
1186 1218
1186 1219
1187 1218
1187 1219
1187 1220
1188 1220
1188 1221
1188 1222
1189 1190
1189 1223
1190 1191
1190 1223
1190 1224
1191 1192
1191 1224
1191 1225
1192 1193
1192 1224
1192 1225
1192 1226
1193 1194
1193 1225
1193 1226
1193 1227
1194 1195
1194 1226
1194 1227
1194 1228
1195 1196
1195 1227
1195 1228
1195 1229
1196 1197
1196 1228
1196 1229
1196 1230
1197 1198
1197 1229
1197 1230
1197 1231
1198 1199
1198 1230
1198 1231
1198 1232
1199 1200
1199 1231
1199 1232
1200 1201
1200 1232
1200 1233
1201 1202
1201 1233
1201 1234
1202 1203
1202 1233
1202 1234
1202 1235
1203 1204
1203 1234
1203 1235
1203 1236
1204 1205
1204 1235
1204 1236
1204 1237
1205 1206
1205 1236
1205 1237
1205 1238
1206 1207
1206 1237
1206 1238
1207 1238
1207 1239
1208 1209
1208 1239
1208 1240
1209 1210
1209 1240
1209 1241
1210 1211
1210 1240
1210 1241
1210 1242
1211 1212
1211 1241
1211 1242
1211 1243
1212 1213
1212 1242
1212 1243
1212 1244
1213 1214
1213 1243
1213 1244
1213 1245
1214 1244
1214 1245
1214 1246
1215 1216
1215 1247
1216 1248
1217 1218
1217 1248
1217 1249
1217 1250
1218 1219
1218 1249
1218 1250
1218 1251
1219 1220
1219 1250
1219 1251
1219 1252
1220 1221
1220 1251
1220 1252
1221 1222
1221 1252
1221 1253
1222 1253
1222 1254
1223 1255
1223 1256
1223 1257
1224 1225
1224 1257
1224 1258
1224 1259
1225 1226
1225 1258
1225 1259
1225 1260
1226 1227
1226 1259
1226 1260
1226 1261
1227 1228
1227 1260
1227 1261
1227 1262
1228 1229
1228 1261
1228 1262
1229 1230
1229 1262
1229 1263
1230 1231
1230 1263
1231 1232
1231 1263
1231 1264
1232 1264
1232 1265
1233 1234
1233 1265
1233 1266
1233 1267
1234 1235
1234 1266
1234 1267
1234 1268
1235 1236
1235 1267
1235 1268
1235 1269
1236 1237
1236 1268
1236 1269
1236 1270
1237 1238
1237 1269
1237 1270
1237 1271
1238 1270
1238 1271
1238 1272
1239 1272
1239 1273
1239 1274
1240 1241
1240 1274
1240 1275
1241 1242
1241 1275
1242 1243
1242 1275
1242 1276
1243 1244
1243 1276
1243 1277
1244 1245
1244 1276
1244 1277
1244 1278
1245 1246
1245 1277
1245 1278
1245 1279
1246 1278
1246 1279
1248 1249
1249 1250
1250 1251
1251 1252
1253 1254
1254 1255
1255 1256
1256 1257
1257 1258
1258 1259
1259 1260
1260 1261
1261 1262
1264 1265
1265 1266
1266 1267
1267 1268
1268 1269
1269 1270
1270 1271
1271 1272
1272 1273
1273 1274
1276 1277
1277 1278
1278 1279
