# FromNodeId	ToNodeId
0 25
1 2
1 25
1 26
1 27
2 3
2 26
2 27
2 28
3 27
3 28
3 29
4 5
4 30
4 31
5 31
5 32
6 7
6 32
6 33
6 34
7 8
7 33
7 34
8 9
8 34
8 35
9 10
9 35
10 11
10 35
11 12
11 36
12 13
12 36
12 37
13 14
13 36
13 37
13 38
14 15
14 37
14 38
14 39
15 16
15 38
15 39
16 39
16 40
17 18
17 40
17 41
17 42
18 41
18 42
18 43
19 20
19 44
19 45
19 46
20 45
20 46
20 47
21 47
21 48
22 49
22 50
23 24
23 50
23 51
23 52
24 51
24 52
25 26
25 53
25 54
26 27
26 53
26 54
26 55
27 28
27 54
27 55
27 56
28 29
28 55
28 56
28 57
29 30
29 56
29 57
30 57
31 32
31 58
31 59
32 33
32 58
32 59
32 60
33 34
33 59
33 60
33 61
34 60
34 61
34 62
35 62
35 63
35 64
36 37
36 65
36 66
36 67
37 38
37 66
37 67
37 68
38 39
38 67
38 68
38 69
39 68
39 69
39 70
40 41
40 70
40 71
41 42
41 71
41 72
42 43
42 71
42 72
42 73
43 44
43 72
43 73
43 74
44 45
44 73
44 74
45 46
45 74
45 75
46 47
46 75
46 76
47 48
47 75
47 76
47 77
48 76
48 77
48 78
49 50
49 78
49 79
49 80
50 51
50 79
50 80
50 81
51 52
51 80
51 81
51 82
52 81
52 82
53 54
53 83
53 84
53 85
54 55
54 84
54 85
54 86
55 56
55 85
55 86
55 87
56 57
56 86
56 87
56 88
57 87
57 88
57 89
58 59
58 90
58 91
58 92
59 60
59 91
59 92
59 93
60 61
60 92
60 93
60 94
61 62
61 93
61 94
61 95
62 63
62 94
62 95
62 96
63 64
63 95
63 96
63 97
64 65
64 96
64 97
64 98
65 66
65 97
65 98
65 99
66 67
66 98
66 99
66 100
67 68
67 99
67 100
68 69
68 100
68 101
69 70
69 101
69 102
70 101
70 102
70 103
71 72
71 103
71 104
71 105
72 73
72 104
72 105
73 74
73 105
73 106
74 106
74 107
75 76
75 107
75 108
75 109
76 77
76 108
76 109
76 110
77 78
77 109
77 110
78 79
78 110
78 111
79 80
79 111
79 112
80 81
80 111
80 112
81 82
81 112
81 113
82 113
83 84
83 114
83 115
84 85
84 114
84 115
84 116
85 86
85 115
85 116
85 117
86 87
86 116
86 117
86 118
87 88
87 117
87 118
87 119
88 89
88 118
88 119
88 120
89 90
89 119
89 120
89 121
90 91
90 120
90 121
90 122
91 92
91 121
91 122
91 123
92 93
92 122
92 123
92 124
93 94
93 123
93 124
94 95
94 124
95 96
95 125
96 97
96 125
96 126
97 98
97 125
97 126
97 127
98 99
98 126
98 127
98 128
99 100
99 127
99 128
99 129
100 128
100 129
100 130
101 102
101 130
101 131
101 132
102 103
102 131
102 132
103 104
103 132
103 133
104 105
104 133
105 133
105 134
106 107
106 134
106 135
106 136
107 108
107 135
107 136
107 137
108 109
108 136
108 137
108 138
109 110
109 137
109 138
110 138
110 139
111 112
111 139
111 140
112 140
112 141
113 141
113 142
114 115
114 143
115 116
115 143
115 144
116 117
116 144
116 145
117 118
117 144
117 145
117 146
118 119
118 145
118 146
119 120
119 146
120 121
120 147
121 122
121 147
121 148
122 123
122 147
122 148
123 124
123 148
123 149
124 149
124 150
125 126
125 151
125 152
125 153
126 127
126 152
126 153
126 154
127 128
127 153
127 154
127 155
128 129
128 154
128 155
128 156
129 130
129 155
129 156
129 157
130 131
130 156
130 157
130 158
131 132
131 157
131 158
132 158
132 159
133 159
133 160
133 161
134 135
134 161
135 136
136 137
136 162
137 138
137 162
137 163
138 162
138 163
138 164
139 140
139 164
139 165
139 166
140 165
140 166
140 167
141 142
141 167
141 168
141 169
142 168
142 169
143 170
143 171
144 145
144 171
144 172
144 173
145 146
145 172
145 173
145 174
146 173
146 174
146 175
147 148
147 176
147 177
148 177
149 150
149 178
149 179
150 151
150 178
150 179
150 180
151 152
151 179
151 180
151 181
152 153
152 180
152 181
152 182
153 154
153 181
153 182
154 155
154 182
155 156
155 183
156 157
156 183
156 184
157 158
157 183
157 184
158 184
158 185
159 160
159 185
159 186
159 187
160 161
160 186
160 187
161 187
162 163
162 189
162 190
163 164
163 190
163 191
164 165
164 191
164 192
165 166
165 191
165 192
165 193
166 167
166 192
166 193
166 194
167 168
167 193
167 194
167 195
168 169
168 194
168 195
168 196
169 195
169 196
170 171
170 197
170 198
171 172
171 197
171 198
171 199
172 173
172 198
172 199
172 200
173 174
173 199
173 200
173 201
174 175
174 200
174 201
174 202
175 176
175 201
175 202
175 203
176 177
176 202
176 203
177 203
177 204
178 179
178 205
178 206
178 207
179 180
179 206
179 207
179 208
180 181
180 207
180 208
180 209
181 182
181 208
181 209
181 210
182 209
182 210
183 184
183 211
183 212
184 211
184 212
184 213
185 186
185 213
185 214
186 187
186 214
186 215
187 214
187 215
187 216
188 189
188 217
188 218
188 219
189 190
189 218
189 219
189 220
190 219
190 220
190 221
191 192
191 221
191 222
191 223
192 193
192 222
192 223
192 224
193 194
193 223
193 224
193 225
194 195
194 224
194 225
195 196
195 225
195 226
196 226
197 198
197 227
197 228
198 199
198 227
198 228
198 229
199 200
199 228
199 229
199 230
200 201
200 229
200 230
200 231
201 202
201 230
201 231
201 232
202 203
202 231
202 232
202 233
203 232
203 233
204 205
204 234
204 235
205 206
205 234
205 235
206 207
206 235
206 236
207 208
207 236
207 237
208 209
208 236
208 237
208 238
209 210
209 237
209 238
209 239
210 238
210 239
210 240
211 212
211 241
211 242
211 243
212 213
212 242
212 243
212 244
213 243
213 244
213 245
214 215
214 245
214 246
214 247
215 216
215 246
215 247
216 217
216 247
216 248
217 218
217 248
217 249
218 219
218 248
218 249
218 250
219 220
219 249
219 250
220 221
220 250
220 251
221 222
221 251
221 252
222 223
222 251
222 252
222 253
223 224
223 252
223 253
223 254
224 225
224 253
224 254
225 254
225 255
226 255
227 228
227 256
227 257
228 229
228 256
228 257
228 258
229 230
229 257
229 258
229 259
230 231
230 258
230 259
230 260
231 232
231 259
231 260
231 261
232 233
232 260
232 261
232 262
233 261
233 262
233 263
234 235
234 263
234 264
234 265
235 264
235 265
235 266
236 237
236 266
236 267
236 268
237 238
237 267
237 268
237 269
238 239
238 268
238 269
238 270
239 240
239 269
239 270
239 271
240 241
240 270
240 271
241 242
241 271
241 272
242 243
242 272
242 273
243 244
243 272
243 273
243 274
244 245
244 273
244 274
244 275
245 246
245 274
245 275
245 276
246 247
246 275
246 276
246 277
247 276
247 277
248 249
248 278
249 250
249 278
249 279
250 279
251 252
251 280
251 281
252 253
252 280
252 281
252 282
253 254
253 281
253 282
253 283
254 282
254 283
255 284
255 285
256 257
256 286
257 258
257 286
257 287
258 259
258 286
258 287
258 288
259 260
259 287
259 288
259 289
260 261
260 288
260 289
260 290
261 262
261 289
261 290
262 263
262 290
263 264
263 291
264 265
264 291
264 292
265 266
265 291
265 292
266 267
266 292
266 293
267 268
267 293
267 294
268 269
268 293
268 294
268 295
269 270
269 294
269 295
270 271
270 295
270 296
271 296
271 297
272 273
272 297
272 298
272 299
273 274
273 298
273 299
273 300
274 275
274 299
274 300
274 301
275 276
275 300
275 301
276 277
276 301
276 302
277 302
277 303
278 303
278 304
279 304
279 305
279 306
280 281
280 306
280 307
281 282
281 307
281 308
282 283
282 307
282 308
282 309
283 308
283 309
283 310
284 285
284 310
284 311
285 311
286 287
286 312
286 313
287 288
287 313
287 314
288 289
288 313
288 314
288 315
289 290
289 314
289 315
289 316
290 315
290 316
290 317
291 292
291 318
291 319
292 319
292 320
293 294
293 320
293 321
293 322
294 295
294 321
294 322
294 323
295 322
295 323
295 324
296 297
296 324
296 325
297 298
297 325
297 326
298 299
298 325
298 326
298 327
299 300
299 326
299 327
299 328
300 301
300 327
300 328
300 329
301 328
301 329
302 303
302 330
303 330
303 331
304 305
304 331
304 332
305 306
305 332
306 332
306 333
307 308
307 333
307 334
307 335
308 309
308 334
308 335
308 336
309 310
309 335
309 336
309 337
310 311
310 336
310 337
311 337
311 338
312 339
312 340
313 314
313 340
313 341
313 342
314 315
314 341
314 342
314 343
315 316
315 342
315 343
315 344
316 317
316 343
316 344
317 318
317 344
317 345
318 345
318 346
319 320
319 346
319 347
319 348
320 321
320 347
320 348
320 349
321 322
321 348
321 349
322 323
322 349
322 350
323 324
323 350
324 350
324 351
325 326
325 351
325 352
325 353
326 327
326 352
326 353
326 354
327 328
327 353
327 354
327 355
328 329
328 354
328 355
328 356
329 355
329 356
330 357
331 358
331 359
332 359
332 360
332 361
333 334
333 361
333 362
333 363
334 335
334 362
334 363
335 336
335 363
335 364
336 337
336 364
336 365
337 364
337 365
337 366
338 366
338 367
339 340
339 368
339 369
340 341
340 368
340 369
340 370
341 342
341 369
341 370
341 371
342 343
342 370
342 371
342 372
343 344
343 371
343 372
343 373
344 372
344 373
344 374
345 346
345 374
345 375
345 376
346 347
346 375
346 376
346 377
347 348
347 376
347 377
347 378
348 349
348 377
348 378
348 379
349 378
349 379
349 380
350 380
350 381
351 352
351 382
351 383
352 353
352 382
352 383
352 384
353 354
353 383
353 384
353 385
354 355
354 384
354 385
354 386
355 356
355 385
355 386
355 387
356 386
356 387
356 388
357 388
357 389
357 390
358 359
358 390
358 391
358 392
359 360
359 391
359 392
359 393
360 361
360 392
360 393
360 394
361 362
361 393
361 394
361 395
362 363
362 394
362 395
362 396
363 395
363 396
363 397
364 365
364 397
364 398
365 366
365 398
366 367
366 398
366 399
367 399
368 369
368 400
369 370
369 400
369 401
370 371
370 401
370 402
371 372
371 401
371 402
371 403
372 373
372 402
372 403
372 404
373 374
373 403
373 404
374 375
374 404
374 405
375 376
375 405
375 406
376 377
376 405
376 406
377 378
377 406
377 407
378 379
378 407
379 380
379 407
379 408
380 381
380 408
381 408
381 409
382 383
382 409
382 410
383 384
383 410
383 411
384 385
384 410
384 411
384 412
385 386
385 411
385 412
385 413
386 387
386 412
386 413
386 414
387 388
387 413
387 414
387 415
388 389
388 414
388 415
388 416
389 390
389 415
389 416
389 417
390 391
390 416
390 417
391 392
391 417
392 393
392 418
393 394
393 418
393 419
394 395
394 418
394 419
394 420
395 396
395 419
395 420
395 421
396 397
396 420
396 421
396 422
397 421
397 422
397 423
398 423
398 424
399 424
400 425
400 426
401 402
401 426
401 427
401 428
402 403
402 427
402 428
402 429
403 404
403 428
403 429
403 430
404 429
404 430
405 406
405 431
405 432
406 431
406 432
406 433
407 433
407 434
407 435
408 435
408 436
408 437
409 437
409 438
410 411
410 439
411 412
411 439
411 440
412 413
412 440
412 441
413 414
413 440
413 441
414 415
414 441
414 442
415 416
415 442
415 443
416 417
416 442
416 443
416 444
417 443
417 444
418 419
418 445
418 446
419 420
419 446
420 421
420 447
421 422
421 447
421 448
422 423
422 447
422 448
422 449
423 448
423 449
423 450
424 450
424 451
425 426
426 427
426 452
427 428
427 452
427 453
428 429
428 452
428 453
428 454
429 430
429 453
429 454
430 454
430 455
431 432
431 455
431 456
432 433
432 456
432 457
433 434
433 456
433 457
433 458
434 435
434 457
434 458
434 459
435 436
435 458
435 459
435 460
436 437
436 459
436 460
436 461
437 438
437 460
437 461
437 462
438 461
438 462
438 463
439 463
439 464
439 465
440 441
440 465
440 466
440 467
441 466
441 467
441 468
442 443
442 468
442 469
443 444
443 469
443 470
444 469
444 470
444 471
445 446
445 471
445 472
445 473
446 472
446 473
446 474
447 448
447 475
447 476
447 477
448 449
448 476
448 477
448 478
449 450
449 477
449 478
449 479
450 478
450 479
450 480
451 480
451 481
452 453
452 482
452 483
453 454
453 482
453 483
453 484
454 483
454 484
454 485
455 485
455 486
455 487
456 457
456 487
456 488
457 458
457 488
457 489
458 459
458 489
458 490
459 460
459 489
459 490
459 491
460 461
460 490
460 491
461 462
461 491
461 492
462 463
462 492
462 493
463 464
463 492
463 493
463 494
464 465
464 493
464 494
464 495
465 466
465 494
465 495
465 496
466 467
466 495
466 496
466 497
467 468
467 496
467 497
467 498
468 497
468 498
469 470
470 471
471 472
471 499
472 473
472 499
473 474
473 499
473 500
474 475
474 500
474 501
475 476
475 500
475 501
475 502
476 477
476 501
476 502
476 503
477 478
477 502
477 503
477 504
478 479
478 503
478 504
478 505
479 480
479 504
479 505
479 506
480 481
480 505
480 506
480 507
481 506
481 507
482 483
482 509
482 510
482 511
483 484
483 510
483 511
483 512
484 485
484 511
484 512
484 513
485 486
485 512
485 513
485 514
486 487
486 513
486 514
487 488
487 514
487 515
488 515
489 490
489 516
490 491
490 516
490 517
491 516
491 517
491 518
492 493
492 518
492 519
493 494
493 519
493 520
494 495
494 519
494 520
494 521
495 496
495 520
495 521
495 522
496 497
496 521
496 522
496 523
497 498
497 522
497 523
498 523
499 526
499 527
500 501
500 527
500 528
500 529
501 502
501 528
501 529
501 530
502 503
502 529
502 530
503 504
503 530
504 505
504 531
505 506
505 531
505 532
506 507
506 531
506 532
506 533
507 532
507 533
508 509
508 534
508 535
509 510
509 534
509 535
509 536
510 511
510 535
510 536
511 512
511 536
511 537
512 513
512 537
513 514
513 537
513 538
514 538
514 539
515 539
515 540
516 517
516 541
516 542
517 518
517 542
517 543
518 543
519 520
520 521
520 544
521 522
521 544
521 545
522 523
522 544
522 545
522 546
523 545
523 546
523 547
524 525
524 548
524 549
525 526
525 548
525 549
525 550
526 549
526 550
526 551
527 528
527 551
527 552
527 553
528 529
528 552
528 553
529 530
529 553
530 554
531 532
531 555
531 556
531 557
532 533
532 556
532 557
532 558
533 557
533 558
534 535
534 559
535 536
535 559
535 560
536 560
536 561
537 561
537 562
538 539
538 562
538 563
538 564
539 563
539 564
539 565
540 541
540 565
540 566
541 542
541 566
541 567
542 566
542 567
542 568
543 568
543 569
544 545
544 571
544 572
545 546
545 572
546 547
546 572
546 573
547 573
547 574
548 549
548 574
548 575
548 576
549 550
549 575
549 576
549 577
550 551
550 576
550 577
551 552
551 577
551 578
552 553
552 578
552 579
553 578
553 579
554 555
554 580
554 581
554 582
555 556
555 581
555 582
556 557
556 582
556 583
557 558
557 583
558 583
559 584
560 561
560 584
560 585
560 586
561 585
561 586
561 587
562 563
562 587
562 588
563 564
563 588
563 589
564 565
564 589
564 590
565 589
565 590
566 567
566 591
567 568
567 591
567 592
568 592
568 593
569 570
569 593
569 594
570 571
570 594
570 595
571 595
571 596
572 596
572 597
573 574
573 598
573 599
574 575
574 598
574 599
574 600
575 576
575 599
575 600
575 601
576 577
576 600
576 601
576 602
577 601
577 602
577 603
578 579
578 603
579 604
580 581
580 604
580 605
580 606
581 582
581 605
581 606
581 607
582 606
582 607
584 585
584 608
584 609
584 610
585 586
585 609
585 610
585 611
586 587
586 610
586 611
586 612
587 588
587 611
587 612
588 612
589 590
589 613
589 614
590 613
590 614
590 615
591 615
591 616
591 617
592 593
592 617
592 618
592 619
593 594
593 618
593 619
593 620
594 619
594 620
594 621
595 596
595 621
596 597
597 622
598 599
598 622
598 623
598 624
599 600
599 623
599 624
599 625
600 601
600 624
600 625
600 626
601 602
601 625
601 626
602 603
602 626
602 627
603 627
604 605
604 628
604 629
604 630
605 606
605 629
605 630
605 631
606 607
606 630
606 631
606 632
607 631
607 632
607 633
608 609
608 636
609 610
609 636
609 637
610 611
610 637
611 612
611 637
612 638
613 614
613 639
613 640
613 641
614 615
614 640
614 641
614 642
615 616
615 641
615 642
615 643
616 617
616 642
616 643
616 644
617 618
617 643
617 644
617 645
618 619
618 644
618 645
618 646
619 620
619 645
619 646
619 647
620 621
620 646
620 647
620 648
621 647
621 648
621 649
622 623
622 651
622 652
622 653
623 624
623 652
623 653
623 654
624 625
624 653
624 654
624 655
625 626
625 654
625 655
625 656
626 655
626 656
627 657
628 629
628 658
628 659
629 630
629 658
629 659
629 660
630 631
630 659
630 660
630 661
631 632
631 660
631 661
632 633
632 661
633 634
633 662
634 635
634 662
634 663
635 662
635 663
636 664
636 665
637 665
637 666
637 667
638 639
638 668
638 669
638 670
639 640
639 669
639 670
639 671
640 641
640 670
640 671
641 642
641 671
641 672
642 643
642 672
642 673
643 644
643 672
643 673
643 674
644 645
644 673
644 674
644 675
645 646
645 674
645 675
645 676
646 647
646 675
646 676
646 677
647 648
647 676
647 677
648 649
648 677
648 678
649 650
649 678
649 679
650 651
650 678
650 679
650 680
651 652
651 679
651 680
651 681
652 653
652 680
652 681
652 682
653 654
653 681
653 682
653 683
654 655
654 682
654 683
654 684
655 656
655 683
655 684
655 685
656 684
656 685
656 686
657 686
657 687
658 659
658 687
658 688
659 660
659 688
659 689
660 661
660 689
660 690
661 689
661 690
661 691
662 663
662 692
662 693
663 693
664 665
664 694
665 666
665 694
665 695
666 667
666 695
666 696
667 668
667 695
667 696
667 697
668 669
668 696
668 697
668 698
669 670
669 697
669 698
669 699
670 671
670 698
670 699
670 700
671 699
671 700
671 701
672 673
672 701
672 702
673 674
673 702
673 703
674 675
674 702
674 703
674 704
675 676
675 703
675 704
675 705
676 677
676 704
676 705
676 706
677 705
677 706
677 707
678 679
678 707
678 708
679 680
679 708
679 709
680 681
680 708
680 709
681 682
681 709
681 710
682 683
682 710
682 711
683 684
683 710
683 711
683 712
684 685
684 711
684 712
684 713
685 686
685 712
685 713
685 714
686 713
686 714
686 715
687 688
687 715
687 716
687 717
688 716
688 717
689 690
689 718
689 719
690 691
690 718
690 719
691 692
691 719
691 720
692 720
692 721
693 721
693 722
694 723
694 724
695 696
695 724
695 725
696 697
696 725
697 698
697 725
697 726
698 699
698 726
698 727
699 700
699 726
699 727
699 728
700 701
700 727
700 728
700 729
701 728
701 729
701 730
702 703
702 730
702 731
703 704
703 731
704 705
704 731
704 732
705 706
705 732
705 733
706 707
706 732
706 733
706 734
707 733
707 734
707 735
708 709
708 735
708 736
708 737
709 736
709 737
709 738
710 711
710 738
710 739
711 712
711 739
712 713
713 714
713 740
714 715
714 740
714 741
715 716
715 740
715 741
715 742
716 717
716 741
716 742
716 743
717 742
717 743
717 744
718 719
718 744
718 745
718 746
719 745
719 746
720 721
720 747
720 748
721 722
721 747
721 748
721 749
722 748
722 749
723 724
723 750
724 750
724 751
725 751
725 752
726 727
726 753
726 754
727 728
727 753
727 754
727 755
728 729
728 754
728 755
728 756
729 730
729 755
729 756
729 757
730 756
730 757
731 758
731 759
732 733
732 759
732 760
732 761
733 734
733 760
733 761
733 762
734 735
734 761
734 762
734 763
735 736
735 762
735 763
735 764
736 737
736 763
736 764
736 765
737 738
737 764
737 765
737 766
738 739
738 765
738 766
738 767
739 766
739 767
739 768
740 741
740 769
740 770
740 771
741 742
741 770
741 771
741 772
742 743
742 771
742 772
742 773
743 744
743 772
743 773
743 774
744 745
744 773
744 774
744 775
745 746
745 774
745 775
745 776
746 775
746 776
746 777
747 748
747 777
747 778
747 779
748 749
748 778
748 779
748 780
749 779
749 780
750 751
750 781
750 782
751 752
751 782
751 783
752 782
752 783
752 784
753 754
753 784
753 785
753 786
754 755
754 785
754 786
754 787
755 756
755 786
755 787
755 788
756 757
756 787
756 788
756 789
757 788
757 789
757 790
758 759
758 790
758 791
758 792
759 760
759 791
759 792
759 793
760 761
760 792
760 793
761 762
761 793
762 763
762 794
763 764
763 794
763 795
764 765
764 794
764 795
764 796
765 766
765 795
765 796
765 797
766 767
766 796
766 797
767 768
767 797
767 798
768 798
768 799
769 770
769 799
769 800
769 801
770 771
770 800
770 801
770 802
771 772
771 801
771 802
771 803
772 773
772 802
772 803
772 804
773 774
773 803
773 804
773 805
774 775
774 804
774 805
774 806
775 776
775 805
775 806
775 807
776 777
776 806
776 807
776 808
777 778
777 807
777 808
777 809
778 779
778 808
778 809
778 810
779 780
779 809
779 810
779 811
780 810
780 811
781 812
782 783
782 813
783 784
783 813
784 785
784 813
784 814
785 786
785 814
785 815
786 787
786 814
786 815
786 816
787 788
787 815
787 816
787 817
788 789
788 816
788 817
789 790
789 817
790 791
791 792
792 793
793 818
794 795
794 819
794 820
794 821
795 796
795 820
795 821
795 822
796 797
796 821
796 822
796 823
797 822
797 823
797 824
798 799
798 824
798 825
799 800
799 825
799 826
800 801
800 825
800 826
801 802
801 826
802 803
802 827
803 804
803 827
803 828
804 805
804 827
804 828
804 829
805 806
805 828
805 829
805 830
806 807
806 829
806 830
806 831
807 808
807 830
807 831
808 809
808 831
808 832
809 810
809 832
809 833
810 811
810 832
810 833
810 834
811 833
811 834
812 835
812 836
813 837
814 815
814 838
814 839
815 816
815 838
815 839
816 817
816 839
816 840
817 840
817 841
818 819
818 845
818 846
818 847
819 820
819 846
819 847
819 848
820 821
820 847
820 848
820 849
821 822
821 848
821 849
821 850
822 823
822 849
822 850
822 851
823 824
823 850
823 851
824 851
824 852
825 826
825 852
825 853
825 854
826 853
826 854
826 855
827 828
827 856
827 857
828 829
828 857
829 830
829 858
830 831
830 858
831 858
831 859
832 833
832 859
832 860
833 834
833 860
833 861
834 861
835 836
835 862
835 863
836 837
836 862
836 863
836 864
837 863
837 864
837 865
838 839
838 866
838 867
838 868
839 867
839 868
839 869
840 841
840 869
840 870
840 871
841 842
841 870
841 871
841 872
842 843
842 871
842 872
842 873
843 844
843 872
843 873
843 874
844 845
844 873
844 874
845 846
845 874
845 875
846 847
846 875
846 876
847 848
847 875
847 876
847 877
848 849
848 876
848 877
848 878
849 850
849 877
849 878
849 879
850 851
850 878
850 879
851 879
851 880
852 853
852 880
852 881
852 882
853 854
853 881
853 882
853 883
854 855
854 882
854 883
854 884
855 856
855 883
855 884
855 885
856 857
856 884
856 885
857 885
857 886
858 887
858 888
858 889
859 860
859 889
859 890
859 891
860 890
860 891
860 892
861 892
861 893
862 863
862 894
862 895
863 864
863 894
863 895
863 896
864 865
864 895
864 896
864 897
865 866
865 896
865 897
865 898
866 867
866 897
866 898
866 899
867 868
867 898
867 899
868 869
868 899
868 900
869 870
869 900
869 901
870 871
870 900
870 901
871 872
871 901
871 902
872 873
872 902
872 903
873 874
873 902
873 903
873 904
874 903
874 904
874 905
875 876
875 905
875 906
875 907
876 877
876 906
876 907
876 908
877 878
877 907
877 908
877 909
878 879
878 908
878 909
878 910
879 909
879 910
879 911
880 881
880 911
881 882
881 912
882 883
882 912
882 913
883 884
883 912
883 913
883 914
884 885
884 913
884 914
884 915
885 914
885 915
885 916
886 887
886 916
886 917
886 918
887 888
887 917
887 918
888 889
888 918
888 919
889 890
889 919
889 920
890 891
890 919
890 920
891 892
891 920
892 893
892 921
893 921
894 895
894 922
894 923
895 896
895 922
895 923
895 924
896 897
896 923
896 924
897 898
897 924
897 925
898 899
898 925
898 926
899 925
899 926
899 927
900 901
900 927
900 928
900 929
901 928
901 929
901 930
902 903
902 930
903 904
903 931
904 905
904 931
904 932
905 906
905 931
905 932
905 933
906 907
906 932
906 933
906 934
907 908
907 933
907 934
907 935
908 909
908 934
908 935
908 936
909 910
909 935
909 936
909 937
910 911
910 936
910 937
910 938
911 937
911 938
912 913
912 939
912 940
912 941
913 914
913 940
913 941
913 942
914 915
914 941
914 942
914 943
915 916
915 942
915 943
915 944
916 917
916 943
916 944
916 945
917 918
917 944
917 945
918 945
918 946
919 920
919 946
919 947
919 948
920 947
920 948
921 949
921 950
922 923
923 924
923 951
924 951
924 952
925 926
925 952
925 953
926 927
926 953
926 954
927 928
927 953
927 954
927 955
928 929
928 954
928 955
928 956
929 930
929 955
929 956
929 957
930 956
930 957
930 958
931 932
931 959
931 960
931 961
932 933
932 960
932 961
932 962
933 934
933 961
933 962
933 963
934 935
934 962
934 963
934 964
935 936
935 963
935 964
935 965
936 937
936 964
936 965
936 966
937 938
937 965
937 966
937 967
938 966
938 967
939 940
939 968
940 941
940 968
940 969
941 942
941 968
941 969
941 970
942 943
942 969
942 970
942 971
943 944
943 970
943 971
944 945
944 971
944 972
945 972
945 973
946 947
946 973
946 974
946 975
947 948
947 974
947 975
947 976
948 975
948 976
948 977
949 950
949 977
949 978
949 979
950 978
950 979
951 952
953 954
954 955
955 956
956 957
957 958
958 959
959 960
960 961
961 962
962 963
963 964
964 965
965 966
966 967
968 969
969 970
970 971
972 973
973 974
974 975
975 976
976 977
977 978
978 979
