# FromNodeId	ToNodeId
0 1
0 50
0 51
1 2
1 50
1 51
1 52
2 3
2 51
2 52
2 53
3 4
3 52
3 53
3 54
4 5
4 53
4 54
5 6
5 54
5 55
6 7
6 55
6 56
7 8
7 55
7 56
7 57
8 9
8 56
8 57
9 10
9 57
9 58
10 11
10 58
10 59
11 12
11 58
11 59
11 60
12 59
12 60
12 61
13 61
13 62
14 15
14 63
14 64
15 16
15 63
15 64
16 64
16 65
17 18
17 65
17 66
17 67
18 19
18 66
18 67
18 68
19 20
19 67
19 68
19 69
20 21
20 68
20 69
20 70
21 22
21 69
21 70
21 71
22 23
22 70
22 71
22 72
23 24
23 71
23 72
23 73
24 25
24 72
24 73
25 26
25 73
25 74
26 27
26 74
26 75
27 28
27 74
27 75
27 76
28 75
28 76
28 77
29 77
29 78
30 31
30 78
30 79
30 80
31 32
31 79
31 80
31 81
32 33
32 80
32 81
33 34
33 81
33 82
34 35
34 82
34 83
35 36
35 82
35 83
35 84
36 37
36 83
36 84
36 85
37 38
37 84
37 85
37 86
38 85
38 86
38 87
39 40
39 88
39 89
40 41
40 89
41 42
41 89
41 90
42 90
42 91
43 44
43 91
43 92
43 93
44 45
44 92
44 93
44 94
45 46
45 93
45 94
46 47
46 94
46 95
47 48
47 95
47 96
48 95
48 96
48 97
49 97
49 98
50 51
50 99
51 52
51 99
51 100
52 53
52 100
52 101
53 54
53 100
53 101
54 101
54 102
55 56
55 102
55 103
55 104
56 57
56 103
56 104
56 105
57 104
57 105
57 106
58 59
58 106
58 107
58 108
59 60
59 107
59 108
59 109
60 61
60 108
60 109
60 110
61 62
61 109
61 110
61 111
62 110
62 111
62 112
63 64
63 112
63 113
64 113
65 66
65 114
65 115
66 67
66 114
66 115
66 116
67 68
67 115
67 116
67 117
68 69
68 116
68 117
68 118
69 70
69 117
69 118
69 119
70 71
70 118
70 119
70 120
71 72
71 119
71 120
71 121
72 73
72 120
72 121
72 122
73 121
73 122
74 75
74 123
74 124
75 76
75 123
75 124
76 77
76 124
77 125
78 79
78 125
78 126
79 80
79 126
79 127
80 81
80 126
80 127
80 128
81 127
81 128
81 129
82 83
82 129
83 84
83 130
84 85
84 130
84 131
85 86
85 130
85 131
85 132
86 87
86 131
86 132
86 133
87 132
87 133
87 134
88 134
88 135
88 136
89 136
89 137
89 138
90 91
90 138
90 139
90 140
91 92
91 139
91 140
91 141
92 93
92 140
92 141
93 94
93 141
93 142
94 142
94 143
95 96
95 143
95 144
95 145
96 97
96 144
96 145
96 146
97 98
97 145
97 146
97 147
98 146
98 147
99 148
99 149
100 101
100 149
100 150
100 151
101 150
101 151
101 152
102 103
102 152
102 153
102 154
103 104
103 153
103 154
103 155
104 105
104 154
104 155
104 156
105 106
105 155
105 156
105 157
106 107
106 156
106 157
106 158
107 108
107 157
107 158
107 159
108 109
108 158
108 159
108 160
109 110
109 159
109 160
110 111
110 160
110 161
111 112
111 161
111 162
112 161
112 162
112 163
113 163
113 164
113 165
114 115
114 165
114 166
115 116
115 166
115 167
116 117
116 166
116 167
116 168
117 118
117 167
117 168
117 169
118 119
118 168
118 169
119 120
119 169
119 170
120 121
120 170
120 171
121 122
121 170
121 171
121 172
122 171
122 172
123 124
123 173
123 174
124 173
124 174
124 175
125 176
125 177
126 127
126 178
127 128
127 178
127 179
128 129
128 179
128 180
129 179
129 180
129 181
130 131
130 182
130 183
131 132
131 183
131 184
132 133
132 183
132 184
132 185
133 134
133 184
133 185
133 186
134 135
134 185
134 186
134 187
135 136
135 186
135 187
135 188
136 137
136 187
136 188
137 138
137 188
137 189
138 139
138 189
138 190
139 140
139 189
139 190
139 191
140 141
140 190
140 191
140 192
141 191
141 192
141 193
142 143
142 193
142 194
143 144
143 194
144 145
144 194
144 195
145 146
145 195
145 196
146 147
146 195
146 196
147 196
148 149
148 197
149 150
149 197
149 198
150 151
150 198
151 152
151 198
151 199
152 153
152 199
153 154
153 199
153 200
154 155
154 200
154 201
155 156
155 200
155 201
155 202
156 157
156 201
156 202
157 158
157 202
157 203
158 159
158 203
158 204
159 160
159 203
159 204
159 205
160 204
160 205
160 206
161 162
161 206
161 207
162 163
162 207
163 164
163 207
164 165
164 208
165 208
165 209
166 167
166 209
166 210
166 211
167 168
167 210
167 211
167 212
168 169
168 211
168 212
168 213
169 212
169 213
169 214
170 171
170 214
170 215
170 216
171 172
171 215
171 216
172 216
172 217
173 174
173 217
173 218
173 219
174 175
174 218
174 219
174 220
175 176
175 219
175 220
175 221
176 177
176 220
176 221
176 222
177 221
177 222
177 223
178 223
178 224
178 225
179 180
179 225
179 226
179 227
180 181
180 226
180 227
180 228
181 182
181 227
181 228
181 229
182 228
182 229
182 230
183 184
183 230
183 231
183 232
184 185
184 231
184 232
185 186
185 232
185 233
186 187
186 233
186 234
187 188
187 233
187 234
187 235
188 234
188 235
188 236
189 190
189 236
189 237
189 238
190 191
190 237
190 238
190 239
191 192
191 238
191 239
192 193
192 239
192 240
193 240
194 241
194 242
195 196
195 242
195 243
195 244
196 243
196 244
196 245
197 246
198 247
198 248
199 248
199 249
199 250
200 201
200 250
200 251
201 202
201 251
201 252
202 251
202 252
202 253
203 204
203 253
203 254
203 255
204 205
204 254
204 255
205 206
205 255
206 256
207 256
207 257
207 258
208 209
208 259
209 210
210 211
211 212
211 260
212 213
212 260
212 261
213 214
213 260
213 261
213 262
214 215
214 261
214 262
214 263
215 216
215 262
215 263
215 264
216 263
216 264
216 265
217 218
217 265
217 266
217 267
218 219
218 266
218 267
219 220
219 267
219 268
220 221
220 268
220 269
221 222
221 268
221 269
222 223
222 269
222 270
223 224
223 270
223 271
224 225
224 270
224 271
224 272
225 226
225 271
225 272
226 227
226 272
226 273
227 228
227 273
227 274
228 229
228 273
228 274
228 275
229 230
229 274
229 275
229 276
230 231
230 275
230 276
230 277
231 232
231 276
231 277
231 278
232 277
232 278
233 234
233 279
234 235
234 279
234 280
235 236
235 279
235 280
235 281
236 237
236 280
236 281
236 282
237 238
237 281
237 282
237 283
238 239
238 282
238 283
239 283
239 284
240 284
240 285
240 286
241 242
241 286
241 287
241 288
242 243
242 287
242 288
243 244
243 288
243 289
244 245
244 289
245 289
246 290
247 248
247 291
247 292
248 249
248 291
248 292
248 293
249 250
249 292
249 293
249 294
250 293
250 294
251 252
251 295
252 253
252 295
252 296
253 254
253 296
254 255
254 296
254 297
255 297
255 298
256 257
256 299
256 300
256 301
257 258
257 300
257 301
257 302
258 259
258 301
258 302
258 303
259 302
259 303
260 261
260 306
260 307
261 262
261 306
261 307
261 308
262 263
262 307
262 308
262 309
263 264
263 308
263 309
263 310
264 265
264 309
264 310
264 311
265 266
265 310
265 311
265 312
266 267
266 311
266 312
266 313
267 312
267 313
267 314
268 269
268 314
268 315
268 316
269 315
269 316
269 317
270 271
270 317
270 318
270 319
271 272
271 318
271 319
271 320
272 319
272 320
272 321
273 274
273 321
273 322
273 323
274 275
274 322
274 323
274 324
275 276
275 323
275 324
276 277
276 324
276 325
277 278
277 325
278 325
278 326
279 280
279 327
279 328
279 329
280 281
280 328
280 329
280 330
281 282
281 329
281 330
281 331
282 283
282 330
282 331
282 332
283 331
283 332
283 333
284 285
284 333
284 334
284 335
285 286
285 334
285 335
285 336
286 287
286 335
286 336
286 337
287 288
287 336
287 337
288 337
288 338
289 338
289 339
289 340
290 341
290 342
291 292
291 342
291 343
292 293
292 343
293 294
293 343
295 344
295 345
296 345
296 346
297 298
297 347
297 348
298 299
298 347
298 348
298 349
299 300
299 348
299 349
300 301
300 349
301 302
301 350
302 303
302 350
303 350
303 351
304 305
304 351
305 352
306 307
306 352
306 353
307 308
307 353
307 354
308 309
308 354
308 355
309 310
309 354
309 355
309 356
310 311
310 355
310 356
310 357
311 312
311 356
311 357
312 313
312 357
312 358
313 314
313 358
313 359
314 315
314 358
314 359
314 360
315 316
315 359
315 360
315 361
316 317
316 360
316 361
316 362
317 318
317 361
317 362
317 363
318 319
318 362
318 363
318 364
319 320
319 363
319 364
320 321
320 364
320 365
321 322
321 365
321 366
322 323
322 365
322 366
322 367
323 324
323 366
323 367
323 368
324 367
324 368
324 369
325 369
325 370
325 371
326 327
326 371
326 372
326 373
327 328
327 372
327 373
327 374
328 329
328 373
328 374
328 375
329 330
329 374
329 375
329 376
330 331
330 375
330 376
330 377
331 332
331 376
331 377
331 378
332 333
332 377
332 378
332 379
333 334
333 378
333 379
334 335
334 379
335 336
335 380
336 337
336 380
336 381
337 380
337 381
337 382
338 339
338 382
338 383
339 340
339 383
339 384
340 383
340 384
341 342
341 385
341 386
342 385
342 386
342 387
343 387
343 388
343 389
344 345
344 390
344 391
344 392
345 346
345 391
345 392
345 393
346 392
346 393
347 348
347 394
348 349
348 394
348 395
349 394
349 395
349 396
350 397
351 398
351 399
352 353
352 400
352 401
352 402
353 401
353 402
354 355
354 403
355 356
355 403
355 404
356 357
356 403
356 404
356 405
357 404
357 405
357 406
358 359
358 406
358 407
358 408
359 360
359 407
359 408
359 409
360 361
360 408
360 409
360 410
361 362
361 409
361 410
362 363
362 410
362 411
363 364
363 411
363 412
364 411
364 412
364 413
365 366
365 413
365 414
365 415
366 367
366 414
366 415
366 416
367 368
367 415
367 416
367 417
368 369
368 416
368 417
368 418
369 370
369 417
369 418
369 419
370 371
370 418
370 419
370 420
371 372
371 419
371 420
371 421
372 373
372 420
372 421
372 422
373 374
373 421
373 422
374 375
374 422
374 423
375 376
375 423
375 424
376 377
376 423
376 424
376 425
377 378
377 424
377 425
377 426
378 379
378 425
378 426
378 427
379 426
379 427
379 428
380 381
380 429
381 382
381 429
381 430
382 429
382 430
382 431
383 384
383 431
383 432
384 432
385 386
385 433
385 434
386 387
386 433
386 434
386 435
387 388
387 434
387 435
387 436
388 389
388 435
388 436
388 437
389 436
389 437
389 438
390 391
390 438
390 439
390 440
391 392
391 439
391 440
391 441
392 393
392 440
392 441
392 442
393 441
393 442
394 395
394 443
394 444
395 396
395 444
396 397
396 445
397 445
397 446
398 399
398 447
398 448
399 400
399 448
399 449
400 401
400 448
400 449
400 450
401 402
401 449
401 450
401 451
402 450
402 451
402 452
403 404
403 453
403 454
404 405
404 453
404 454
405 406
405 454
405 455
406 407
406 455
406 456
407 408
407 455
407 456
408 409
408 456
408 457
409 410
409 457
409 458
410 457
410 458
411 412
411 459
411 460
412 413
412 459
412 460
412 461
413 414
413 460
413 461
413 462
414 415
414 461
414 462
414 463
415 416
415 462
415 463
415 464
416 417
416 463
416 464
416 465
417 418
417 464
417 465
417 466
418 419
418 465
418 466
418 467
419 420
419 466
419 467
419 468
420 421
420 467
420 468
420 469
421 422
421 468
421 469
421 470
422 469
422 470
422 471
423 424
423 471
423 472
424 425
424 472
425 426
425 472
426 427
426 473
427 428
427 473
427 474
428 473
428 474
429 430
429 475
430 431
430 476
431 476
433 434
433 477
434 435
434 477
434 478
435 436
435 478
435 479
436 437
436 478
436 479
436 480
437 438
437 479
437 480
438 439
438 480
438 481
439 440
439 481
439 482
440 441
440 481
440 482
440 483
441 442
441 482
441 483
441 484
442 483
442 484
442 485
443 444
443 485
443 486
443 487
444 486
444 487
444 488
445 446
445 489
445 490
446 447
446 490
446 491
447 491
447 492
448 449
448 492
448 493
449 450
449 493
450 451
450 494
451 452
451 494
451 495
452 494
452 495
453 454
453 496
453 497
454 496
454 497
454 498
455 456
455 498
455 499
455 500
456 499
456 500
456 501
457 458
457 501
457 502
457 503
458 502
458 503
459 460
459 504
460 461
460 504
460 505
461 462
461 505
461 506
462 463
462 505
462 506
462 507
463 464
463 506
463 507
464 465
464 507
464 508
465 466
465 508
465 509
466 467
466 508
466 509
466 510
467 468
467 509
467 510
468 469
468 510
468 511
469 470
469 511
469 512
470 471
470 511
470 512
470 513
471 512
471 513
471 514
472 514
472 515
473 474
473 516
474 516
474 517
475 517
475 518
475 519
476 520
476 521
476 522
477 524
477 525
478 479
478 525
478 526
478 527
479 480
479 526
479 527
479 528
480 527
480 528
481 482
482 483
482 529
483 484
483 529
483 530
484 485
484 529
484 530
485 486
485 530
485 531
486 487
486 531
486 532
487 488
487 531
487 532
487 533
488 489
488 532
488 533
488 534
489 490
489 533
489 534
489 535
490 534
490 535
490 536
491 492
491 536
491 537
492 493
492 537
492 538
493 538
493 539
494 495
494 540
494 541
494 542
495 541
495 542
495 543
496 497
496 543
496 544
496 545
497 498
497 544
497 545
497 546
498 499
498 545
498 546
498 547
499 500
499 546
499 547
499 548
500 501
500 547
500 548
500 549
501 502
501 548
501 549
502 503
502 549
502 550
503 550
504 551
505 506
505 551
505 552
505 553
506 507
506 552
506 553
506 554
507 553
507 554
508 509
508 555
508 556
509 510
509 555
509 556
509 557
510 556
510 557
510 558
511 512
511 558
511 559
511 560
512 513
512 559
512 560
512 561
513 514
513 560
513 561
513 562
514 515
514 561
514 562
514 563
515 562
515 563
515 564
516 517
516 566
516 567
516 568
517 518
517 567
517 568
517 569
518 519
518 568
518 569
518 570
519 520
519 569
519 570
519 571
520 521
520 570
520 571
520 572
521 522
521 571
521 572
521 573
522 523
522 572
522 573
523 573
524 525
524 574
524 575
525 526
525 574
525 575
525 576
526 527
526 575
526 576
526 577
527 528
527 576
527 577
527 578
528 577
528 578
528 579
529 530
529 581
529 582
529 583
530 582
530 583
530 584
531 532
531 584
531 585
532 533
532 585
532 586
533 534
533 585
533 586
533 587
534 535
534 586
534 587
534 588
535 536
535 587
535 588
535 589
536 537
536 588
536 589
536 590
537 589
537 590
538 539
538 591
538 592
539 540
539 591
539 592
539 593
540 541
540 592
540 593
540 594
541 542
541 593
541 594
541 595
542 543
542 594
542 595
542 596
543 544
543 595
543 596
543 597
544 545
544 596
544 597
544 598
545 546
545 597
545 598
545 599
546 547
546 598
546 599
546 600
547 548
547 599
547 600
547 601
548 549
548 600
548 601
549 601
549 602
550 602
550 603
550 604
551 552
551 605
551 606
551 607
552 553
552 606
552 607
552 608
553 554
553 607
553 608
553 609
554 608
554 609
554 610
555 556
555 610
555 611
555 612
556 557
556 611
556 612
556 613
557 558
557 612
557 613
557 614
558 559
558 613
558 614
558 615
559 560
559 614
559 615
559 616
560 561
560 615
560 616
560 617
561 562
561 616
561 617
561 618
562 563
562 617
562 618
562 619
563 564
563 618
563 619
564 565
564 619
565 566
566 567
566 620
567 568
567 620
567 621
568 569
568 620
568 621
568 622
569 570
569 621
569 622
569 623
570 571
570 622
570 623
570 624
571 572
571 623
571 624
571 625
572 573
572 624
572 625
572 626
573 625
573 626
573 627
574 575
574 628
575 576
575 628
575 629
576 577
576 629
576 630
577 578
577 629
577 630
577 631
578 579
578 630
578 631
579 580
579 631
580 581
581 582
581 632
582 583
582 632
582 633
583 584
583 632
583 633
584 633
584 634
585 586
585 634
585 635
585 636
586 587
586 635
586 636
586 637
587 588
587 636
587 637
587 638
588 589
588 637
588 638
588 639
589 590
589 638
589 639
590 639
590 640
591 592
591 640
591 641
591 642
592 593
592 641
592 642
592 643
593 594
593 642
593 643
594 595
594 643
594 644
595 596
595 644
595 645
596 597
596 644
596 645
596 646
597 598
597 645
597 646
598 599
598 646
598 647
599 600
599 647
599 648
600 601
600 647
600 648
600 649
601 648
601 649
601 650
602 603
602 650
602 651
602 652
603 604
603 651
603 652
603 653
604 605
604 652
604 653
604 654
605 606
605 653
605 654
605 655
606 607
606 654
606 655
606 656
607 608
607 655
607 656
607 657
608 609
608 656
608 657
609 610
609 657
609 658
610 611
610 658
610 659
611 612
611 658
611 659
612 613
612 659
612 660
613 614
613 660
614 615
614 660
614 661
615 616
615 661
616 617
616 661
616 662
617 618
617 662
617 663
618 619
618 662
618 663
618 664
619 663
619 664
619 665
620 621
620 667
620 668
620 669
621 622
621 668
621 669
621 670
622 623
622 669
622 670
623 624
623 670
623 671
624 625
624 671
624 672
625 626
625 671
625 672
625 673
626 627
626 672
626 673
626 674
627 673
627 674
628 675
628 676
629 630
629 676
629 677
630 631
630 677
630 678
631 677
631 678
631 679
632 633
632 681
633 682
634 635
634 682
634 683
634 684
635 636
635 683
635 684
635 685
636 637
636 684
636 685
636 686
637 638
637 685
637 686
637 687
638 639
638 686
638 687
638 688
639 687
639 688
639 689
640 641
640 689
640 690
640 691
641 642
641 690
641 691
641 692
642 643
642 691
642 692
642 693
643 692
643 693
644 645
644 694
645 646
645 694
645 695
646 695
646 696
647 648
647 696
647 697
648 649
648 697
648 698
649 650
649 697
649 698
649 699
650 651
650 698
650 699
650 700
651 652
651 699
651 700
651 701
652 653
652 700
652 701
652 702
653 654
653 701
653 702
653 703
654 655
654 702
654 703
654 704
655 656
655 703
655 704
655 705
656 657
656 704
656 705
656 706
657 705
657 706
657 707
658 659
658 707
658 708
658 709
659 708
659 709
660 710
661 711
661 712
662 663
662 712
662 713
663 664
663 713
663 714
664 665
664 713
664 714
664 715
665 666
665 714
665 715
666 667
666 715
666 716
667 668
667 716
667 717
668 669
668 716
668 717
669 670
669 717
669 718
670 718
670 719
671 672
671 719
671 720
672 673
672 720
672 721
673 674
673 721
673 722
674 721
674 722
675 676
675 723
675 724
676 723
676 724
676 725
677 678
677 725
677 726
677 727
678 679
678 726
678 727
678 728
679 680
679 727
679 728
679 729
680 681
680 728
680 729
681 729
681 730
682 683
682 731
682 732
683 684
683 732
684 685
684 733
685 686
685 733
685 734
686 687
686 733
686 734
686 735
687 688
687 734
687 735
688 689
688 735
688 736
689 690
689 736
689 737
690 691
690 736
690 737
690 738
691 692
691 737
691 738
691 739
692 693
692 738
692 739
692 740
693 739
693 740
693 741
694 741
694 742
694 743
695 696
695 743
695 744
695 745
696 744
696 745
696 746
697 698
697 746
697 747
698 699
698 747
699 700
699 748
700 701
700 748
700 749
701 702
701 748
701 749
701 750
702 703
702 749
702 750
702 751
703 704
703 750
703 751
703 752
704 705
704 751
704 752
705 706
705 752
705 753
706 707
706 753
707 708
707 753
708 709
709 754
710 754
710 755
711 712
711 755
711 756
711 757
712 756
712 757
712 758
713 714
713 758
713 759
713 760
714 715
714 759
714 760
714 761
715 760
715 761
715 762
716 717
716 762
716 763
716 764
717 763
717 764
718 719
718 765
719 720
719 765
720 766
721 722
721 766
721 767
721 768
722 767
722 768
723 724
723 769
723 770
724 725
724 769
724 770
724 771
725 726
725 770
725 771
725 772
726 727
726 771
726 772
726 773
727 728
727 772
727 773
728 729
728 773
728 774
729 774
730 731
730 775
731 732
731 775
731 776
732 775
732 776
733 734
733 777
733 778
734 735
734 778
735 779
736 737
736 779
736 780
736 781
737 738
737 780
737 781
737 782
738 739
738 781
738 782
738 783
739 740
739 782
739 783
739 784
740 741
740 783
740 784
740 785
741 742
741 784
741 785
741 786
742 743
742 785
742 786
742 787
743 744
743 786
743 787
743 788
744 745
744 787
744 788
744 789
745 746
745 788
745 789
745 790
746 747
746 789
746 790
746 791
747 790
747 791
747 792
748 749
748 793
748 794
748 795
749 750
749 794
749 795
749 796
750 751
750 795
750 796
750 797
751 752
751 796
751 797
752 797
752 798
753 798
753 799
754 801
754 802
755 756
755 802
755 803
755 804
756 757
756 803
756 804
756 805
757 758
757 804
757 805
757 806
758 759
758 805
758 806
758 807
759 760
759 806
759 807
759 808
760 761
760 807
760 808
761 762
761 808
761 809
762 763
762 809
762 810
763 764
763 809
763 810
763 811
764 810
764 811
764 812
765 812
765 813
765 814
766 767
766 815
766 816
766 817
767 768
767 816
767 817
767 818
768 817
768 818
769 770
769 819
769 820
770 771
770 819
770 820
770 821
771 772
771 820
771 821
771 822
772 773
772 821
772 822
772 823
773 822
773 823
774 824
775 776
775 825
775 826
775 827
776 826
776 827
776 828
777 778
777 828
777 829
777 830
778 829
778 830
778 831
779 780
779 832
779 833
779 834
780 781
780 833
780 834
781 782
781 834
781 835
782 783
782 835
782 836
783 784
783 835
783 836
783 837
784 785
784 836
784 837
785 786
785 837
785 838
786 787
786 838
786 839
787 788
787 838
787 839
787 840
788 789
788 839
788 840
788 841
789 790
789 840
789 841
789 842
790 791
790 841
790 842
790 843
791 792
791 842
791 843
792 793
792 843
793 794
793 844
794 795
794 844
794 845
795 796
795 844
795 845
796 797
796 845
797 846
798 799
798 846
798 847
798 848
799 847
799 848
799 849
800 849
800 850
801 802
801 851
802 803
802 851
803 804
803 851
803 852
804 805
804 852
805 806
805 852
805 853
806 807
806 853
806 854
807 808
807 853
807 854
807 855
808 854
808 855
808 856
809 810
809 856
809 857
809 858
810 811
810 857
810 858
810 859
811 812
811 858
811 859
811 860
812 813
812 859
812 860
812 861
813 814
813 860
813 861
813 862
814 815
814 861
814 862
815 816
815 862
815 863
816 817
816 863
816 864
817 818
817 863
817 864
817 865
818 864
818 865
819 820
819 866
819 867
820 821
820 866
820 867
820 868
821 822
821 867
821 868
821 869
822 823
822 868
822 869
822 870
823 869
823 870
823 871
824 825
824 872
824 873
824 874
825 826
825 873
825 874
825 875
826 827
826 874
826 875
826 876
827 828
827 875
827 876
827 877
828 829
828 876
828 877
828 878
829 830
829 877
829 878
829 879
830 831
830 878
830 879
831 832
831 879
831 880
832 833
832 880
832 881
833 834
833 880
833 881
833 882
834 881
834 882
835 836
835 883
836 837
836 883
836 884
837 884
838 839
838 885
838 886
839 840
839 885
839 886
839 887
840 841
840 886
840 887
840 888
841 842
841 887
841 888
841 889
842 843
842 888
842 889
842 890
843 889
843 890
843 891
844 845
844 892
844 893
844 894
845 893
845 894
845 895
846 847
846 896
846 897
847 848
847 896
847 897
848 849
848 897
848 898
849 850
849 898
849 899
850 898
850 899
850 900
851 901
851 902
851 903
852 903
852 904
852 905
853 854
853 905
853 906
853 907
854 855
854 906
854 907
854 908
855 856
855 907
855 908
855 909
856 857
856 908
856 909
856 910
857 858
857 909
857 910
857 911
858 859
858 910
858 911
858 912
859 860
859 911
859 912
859 913
860 861
860 912
860 913
860 914
861 862
861 913
861 914
861 915
862 914
862 915
862 916
863 864
863 916
863 917
864 865
864 917
864 918
865 918
866 867
867 868
867 919
868 869
868 919
869 870
869 919
869 920
870 871
870 920
870 921
871 872
871 920
871 921
872 873
872 921
872 922
873 874
873 922
873 923
874 875
874 922
874 923
874 924
875 876
875 923
875 924
876 877
876 924
876 925
877 878
877 925
877 926
878 879
878 925
878 926
878 927
879 926
879 927
879 928
880 881
880 928
880 929
880 930
881 882
881 929
881 930
881 931
882 930
882 931
883 932
884 932
884 933
884 934
885 886
885 934
885 935
885 936
886 887
886 935
886 936
886 937
887 888
887 936
887 937
888 889
888 937
888 938
889 890
889 938
889 939
890 891
890 938
890 939
890 940
891 892
891 939
891 940
891 941
892 893
892 940
892 941
893 894
893 941
893 942
894 895
894 942
894 943
895 942
895 943
895 944
896 897
896 944
896 945
897 945
897 946
898 899
898 946
898 947
898 948
899 900
899 947
899 948
899 949
900 901
900 948
900 949
901 902
901 949
901 950
902 903
902 950
902 951
903 904
903 950
903 951
903 952
904 905
904 951
904 952
904 953
905 906
905 952
905 953
905 954
906 907
906 953
906 954
906 955
907 908
907 954
907 955
907 956
908 909
908 955
908 956
908 957
909 910
909 956
909 957
909 958
910 911
910 957
910 958
910 959
911 912
911 958
911 959
911 960
912 913
912 959
912 960
912 961
913 914
913 960
913 961
913 962
914 915
914 961
914 962
914 963
915 916
915 962
915 963
915 964
916 917
916 963
916 964
916 965
917 964
917 965
917 966
918 966
918 967
919 969
919 970
919 971
920 921
920 971
920 972
920 973
921 972
921 973
922 923
922 974
923 924
923 974
923 975
924 974
924 975
924 976
925 926
925 976
925 977
925 978
926 927
926 977
926 978
926 979
927 928
927 978
927 979
927 980
928 929
928 979
928 980
928 981
929 930
929 980
929 981
930 931
930 981
930 982
931 982
931 983
932 933
932 984
932 985
932 986
933 934
933 985
933 986
933 987
934 935
934 986
934 987
934 988
935 936
935 987
935 988
935 989
936 937
936 988
936 989
936 990
937 989
937 990
937 991
938 939
938 991
938 992
938 993
939 940
939 992
939 993
939 994
940 941
940 993
940 994
940 995
941 994
941 995
941 996
942 943
942 996
942 997
942 998
943 944
943 997
943 998
943 999
944 945
944 998
944 999
944 1000
945 999
945 1000
945 1001
946 947
946 1001
946 1002
946 1003
947 948
947 1002
947 1003
947 1004
948 949
948 1003
948 1004
948 1005
949 1004
949 1005
949 1006
950 951
950 1006
950 1007
950 1008
951 952
951 1007
951 1008
952 953
952 1008
952 1009
953 954
953 1009
953 1010
954 955
954 1009
954 1010
955 956
955 1010
956 957
957 958
957 1011
958 959
958 1011
959 960
959 1011
959 1012
960 961
960 1012
960 1013
961 962
961 1012
961 1013
962 963
962 1013
962 1014
963 964
963 1014
963 1015
964 965
964 1014
964 1015
965 966
965 1015
965 1016
966 967
966 1016
967 1016
968 969
968 1017
968 1018
969 970
969 1017
969 1018
970 971
970 1018
970 1019
971 972
971 1019
971 1020
972 973
972 1019
972 1020
972 1021
973 1020
973 1021
973 1022
974 975
974 1023
974 1024
975 976
975 1023
975 1024
976 977
976 1024
977 978
978 979
978 1025
979 980
979 1025
979 1026
980 981
980 1025
980 1026
980 1027
981 1026
981 1027
981 1028
982 983
982 1028
982 1029
983 984
983 1029
983 1030
984 985
984 1029
984 1030
984 1031
985 986
985 1030
985 1031
985 1032
986 987
986 1031
986 1032
987 988
987 1032
987 1033
988 989
988 1033
988 1034
989 990
989 1033
989 1034
989 1035
990 991
990 1034
990 1035
991 992
991 1035
991 1036
992 993
992 1036
992 1037
993 994
993 1036
993 1037
993 1038
994 995
994 1037
994 1038
995 996
995 1038
995 1039
996 997
996 1039
997 998
997 1039
997 1040
998 999
998 1040
998 1041
999 1000
999 1040
999 1041
999 1042
1000 1001
1000 1041
1000 1042
1001 1002
1001 1042
1001 1043
1002 1003
1002 1043
1002 1044
1003 1004
1003 1043
1003 1044
1003 1045
1004 1005
1004 1044
1004 1045
1004 1046
1005 1006
1005 1045
1005 1046
1005 1047
1006 1007
1006 1046
1006 1047
1007 1008
1007 1047
1008 1048
1009 1010
1009 1048
1009 1049
1010 1049
1010 1050
1011 1052
1011 1053
1011 1054
1012 1013
1012 1054
1012 1055
1013 1055
1013 1056
1014 1015
1014 1056
1014 1057
1015 1057
1015 1058
1016 1058
1016 1059
1016 1060
1017 1018
1017 1061
1017 1062
1018 1061
1018 1062
1018 1063
1019 1020
1019 1063
1019 1064
1020 1021
1020 1064
1020 1065
1021 1022
1021 1064
1021 1065
1022 1065
1022 1066
1023 1024
1023 1066
1023 1067
1023 1068
1024 1067
1024 1068
1025 1026
1025 1070
1025 1071
1026 1027
1026 1071
1026 1072
1027 1028
1027 1072
1028 1072
1028 1073
1029 1030
1029 1073
1029 1074
1030 1031
1030 1074
1031 1032
1031 1075
1032 1075
1032 1076
1033 1034
1033 1076
1033 1077
1034 1035
1034 1077
1034 1078
1035 1078
1035 1079
1036 1037
1036 1079
1036 1080
1036 1081
1037 1038
1037 1080
1037 1081
1037 1082
1038 1081
1038 1082
1038 1083
1039 1083
1039 1084
1039 1085
1040 1041
1040 1085
1040 1086
1041 1042
1041 1086
1041 1087
1042 1086
1042 1087
1042 1088
1043 1044
1043 1088
1044 1045
1045 1046
1045 1089
1046 1047
1046 1089
1046 1090
1047 1089
1047 1090
1047 1091
1048 1049
1048 1092
1048 1093
1048 1094
1049 1093
1049 1094
1049 1095
1050 1051
1050 1095
1051 1052
1051 1096
1052 1053
1052 1096
1052 1097
1053 1054
1053 1096
1053 1097
1053 1098
1054 1097
1054 1098
1054 1099
1055 1056
1055 1099
1055 1100
1055 1101
1056 1057
1056 1100
1056 1101
1056 1102
1057 1101
1057 1102
1057 1103
1058 1059
1058 1103
1058 1104
1058 1105
1059 1060
1059 1104
1059 1105
1059 1106
1060 1105
1060 1106
1061 1062
1061 1107
1062 1063
1062 1107
1062 1108
1063 1107
1063 1108
1063 1109
1064 1065
1064 1109
1064 1110
1064 1111
1065 1110
1065 1111
1065 1112
1066 1067
1066 1112
1066 1113
1066 1114
1067 1068
1067 1113
1067 1114
1067 1115
1068 1114
1068 1115
1068 1116
1069 1070
1069 1116
1069 1117
1069 1118
1070 1071
1070 1117
1070 1118
1070 1119
1071 1118
1071 1119
1071 1120
1072 1120
1072 1121
1073 1074
1073 1121
1073 1122
1073 1123
1074 1122
1074 1123
1074 1124
1075 1076
1075 1125
1075 1126
1076 1077
1076 1126
1076 1127
1077 1126
1077 1127
1077 1128
1078 1079
1078 1128
1078 1129
1078 1130
1079 1080
1079 1129
1079 1130
1080 1081
1080 1130
1080 1131
1081 1082
1081 1131
1081 1132
1082 1083
1082 1131
1082 1132
1082 1133
1083 1084
1083 1132
1083 1133
1083 1134
1084 1085
1084 1133
1084 1134
1084 1135
1085 1134
1085 1135
1086 1087
1086 1136
1086 1137
1087 1088
1087 1136
1087 1137
1087 1138
1088 1137
1088 1138
1088 1139
1089 1090
1089 1141
1089 1142
1089 1143
1090 1091
1090 1142
1090 1143
1090 1144
1091 1092
1091 1143
1091 1144
1092 1093
1092 1144
1092 1145
1093 1094
1093 1145
1093 1146
1094 1095
1094 1145
1094 1146
1094 1147
1095 1146
1095 1147
1095 1148
1096 1097
1096 1149
1096 1150
1096 1151
1097 1098
1097 1150
1097 1151
1097 1152
1098 1099
1098 1151
1098 1152
1098 1153
1099 1100
1099 1152
1099 1153
1100 1101
1100 1153
1100 1154
1101 1102
1101 1154
1101 1155
1102 1103
1102 1154
1102 1155
1103 1104
1103 1155
1103 1156
1104 1105
1104 1156
1104 1157
1105 1106
1105 1156
1105 1157
1105 1158
1106 1157
1106 1158
1107 1108
1107 1159
1107 1160
1107 1161
1108 1109
1108 1160
1108 1161
1108 1162
1109 1110
1109 1161
1109 1162
1109 1163
1110 1111
1110 1162
1110 1163
1110 1164
1111 1112
1111 1163
1111 1164
1112 1113
1112 1164
1113 1114
1113 1165
1114 1115
1114 1165
1114 1166
1115 1116
1115 1165
1115 1166
1115 1167
1116 1117
1116 1166
1116 1167
1116 1168
1117 1118
1117 1167
1117 1168
1117 1169
1118 1119
1118 1168
1118 1169
1119 1120
1119 1169
1119 1170
1120 1170
1120 1171
1121 1122
1121 1171
1121 1172
1121 1173
1122 1123
1122 1172
1122 1173
1122 1174
1123 1124
1123 1173
1123 1174
1124 1125
1124 1174
1124 1175
1125 1175
1125 1176
1126 1127
1126 1176
1126 1177
1126 1178
1127 1128
1127 1177
1127 1178
1127 1179
1128 1129
1128 1178
1128 1179
1128 1180
1129 1130
1129 1179
1129 1180
1129 1181
1130 1180
1130 1181
1130 1182
1131 1132
1131 1182
1131 1183
1132 1133
1132 1183
1132 1184
1133 1134
1133 1184
1133 1185
1134 1135
1134 1184
1134 1185
1135 1185
1135 1186
1136 1137
1136 1186
1136 1187
1136 1188
1137 1138
1137 1187
1137 1188
1137 1189
1138 1139
1138 1188
1138 1189
1138 1190
1139 1140
1139 1189
1139 1190
1139 1191
1140 1141
1140 1190
1140 1191
1140 1192
1141 1142
1141 1191
1141 1192
1141 1193
1142 1143
1142 1192
1142 1193
1143 1144
1143 1193
1143 1194
1144 1194
1145 1146
1145 1195
1145 1196
1146 1147
1146 1195
1146 1196
1146 1197
1147 1148
1147 1196
1147 1197
1147 1198
1148 1149
1148 1197
1148 1198
1149 1150
1149 1198
1150 1151
1150 1199
1151 1152
1151 1199
1151 1200
1152 1153
1152 1199
1152 1200
1152 1201
1153 1200
1153 1201
1153 1202
1154 1155
1154 1202
1154 1203
1154 1204
1155 1203
1155 1204
1156 1157
1156 1205
1156 1206
1157 1158
1157 1205
1157 1206
1157 1207
1158 1206
1158 1207
1159 1160
1160 1161
1160 1208
1161 1162
1161 1208
1161 1209
1162 1163
1162 1208
1162 1209
1162 1210
1163 1164
1163 1209
1163 1210
1163 1211
1164 1210
1164 1211
1164 1212
1165 1166
1165 1213
1165 1214
1166 1167
1166 1214
1166 1215
1167 1168
1167 1214
1167 1215
1168 1169
1168 1215
1168 1216
1169 1216
1169 1217
1170 1171
1170 1217
1170 1218
1171 1172
1171 1218
1171 1219
1172 1173
1172 1218
1172 1219
1172 1220
1173 1174
1173 1219
1173 1220
1173 1221
1174 1220
1174 1221
1174 1222
1175 1176
1175 1222
1175 1223
1175 1224
1176 1177
1176 1223
1176 1224
1176 1225
1177 1178
1177 1224
1177 1225
1177 1226
1178 1179
1178 1225
1178 1226
1178 1227
1179 1180
1179 1226
1179 1227
1179 1228
1180 1181
1180 1227
1180 1228
1180 1229
1181 1182
1181 1228
1181 1229
1182 1183
1182 1229
1182 1230
1183 1230
1183 1231
1184 1185
1184 1231
1184 1232
1184 1233
1185 1232
1185 1233
1185 1234
1186 1187
1186 1234
1186 1235
1187 1188
1187 1235
1187 1236
1188 1189
1188 1235
1188 1236
1188 1237
1189 1190
1189 1236
1189 1237
1189 1238
1190 1191
1190 1237
1190 1238
1190 1239
1191 1192
1191 1238
1191 1239
1191 1240
1192 1193
1192 1239
1192 1240
1192 1241
1193 1240
1193 1241
1193 1242
1194 1242
1194 1243
1194 1244
1195 1196
1195 1244
1195 1245
1195 1246
1196 1197
1196 1245
1196 1246
1196 1247
1197 1198
1197 1246
1197 1247
1197 1248
1198 1247
1198 1248
1199 1200
1199 1249
1199 1250
1200 1201
1200 1250
1200 1251
1201 1202
1201 1250
1201 1251
1201 1252
1202 1203
1202 1251
1202 1252
1202 1253
1203 1204
1203 1252
1203 1253
1203 1254
1204 1253
1204 1254
1205 1206
1205 1255
1206 1207
1206 1255
1206 1256
1207 1255
1207 1256
1208 1209
1208 1257
1208 1258
1209 1210
1209 1257
1209 1258
1209 1259
1210 1211
1210 1258
1210 1259
1211 1212
1211 1259
1211 1260
1212 1213
1212 1260
1212 1261
1213 1260
1213 1261
1213 1262
1214 1215
1214 1262
1214 1263
1215 1263
1215 1264
1216 1217
1216 1264
1216 1265
1216 1266
1217 1265
1217 1266
1217 1267
1218 1219
1218 1267
1218 1268
1219 1220
1219 1268
1219 1269
1220 1221
1220 1269
1220 1270
1221 1222
1221 1269
1221 1270
1221 1271
1222 1223
1222 1270
1222 1271
1222 1272
1223 1224
1223 1271
1223 1272
1223 1273
1224 1225
1224 1272
1224 1273
1225 1226
1225 1273
1225 1274
1226 1227
1226 1274
1226 1275
1227 1228
1227 1274
1227 1275
1227 1276
1228 1229
1228 1275
1228 1276
1228 1277
1229 1276
1229 1277
1229 1278
1230 1231
1230 1278
1230 1279
1230 1280
1231 1232
1231 1279
1231 1280
1231 1281
1232 1233
1232 1280
1232 1281
1233 1234
1233 1281
1233 1282
1234 1282
1234 1283
1235 1236
1235 1283
1235 1284
1235 1285
1236 1237
1236 1284
1236 1285
1236 1286
1237 1238
1237 1285
1237 1286
1237 1287
1238 1239
1238 1286
1238 1287
1238 1288
1239 1240
1239 1287
1239 1288
1239 1289
1240 1241
1240 1288
1240 1289
1240 1290
1241 1242
1241 1289
1241 1290
1241 1291
1242 1243
1242 1290
1242 1291
1242 1292
1243 1244
1243 1291
1243 1292
1243 1293
1244 1245
1244 1292
1244 1293
1245 1246
1245 1293
1245 1294
1246 1247
1246 1294
1246 1295
1247 1248
1247 1294
1247 1295
1248 1295
1248 1296
1249 1296
1249 1297
1249 1298
1250 1251
1250 1298
1250 1299
1250 1300
1251 1252
1251 1299
1251 1300
1251 1301
1252 1253
1252 1300
1252 1301
1252 1302
1253 1254
1253 1301
1253 1302
1253 1303
1254 1302
1254 1303
1254 1304
1255 1256
1255 1305
1255 1306
1256 1306
1257 1258
1257 1308
1257 1309
1258 1259
1258 1309
1258 1310
1259 1309
1259 1310
1259 1311
1260 1261
1260 1311
1260 1312
1260 1313
1261 1262
1261 1312
1261 1313
1261 1314
1262 1313
1262 1314
1262 1315
1263 1264
1263 1315
1263 1316
1264 1265
1264 1316
1264 1317
1265 1266
1265 1317
1265 1318
1266 1267
1266 1317
1266 1318
1266 1319
1267 1268
1267 1318
1267 1319
1267 1320
1268 1319
1268 1320
1268 1321
1269 1270
1269 1321
1269 1322
1270 1271
1270 1322
1270 1323
1271 1272
1271 1322
1271 1323
1271 1324
1272 1273
1272 1323
1272 1324
1272 1325
1273 1324
1273 1325
1273 1326
1274 1275
1274 1326
1274 1327
1275 1276
1275 1327
1275 1328
1276 1277
1276 1327
1276 1328
1276 1329
1277 1278
1277 1328
1277 1329
1277 1330
1278 1279
1278 1329
1278 1330
1278 1331
1279 1280
1279 1330
1279 1331
1279 1332
1280 1281
1280 1331
1280 1332
1280 1333
1281 1332
1281 1333
1282 1283
1282 1334
1283 1284
1283 1334
1284 1285
1284 1335
1285 1286
1285 1335
1286 1287
1286 1335
1286 1336
1287 1288
1287 1336
1287 1337
1288 1289
1288 1336
1288 1337
1288 1338
1289 1290
1289 1337
1289 1338
1289 1339
1290 1291
1290 1338
1290 1339
1291 1292
1291 1339
1291 1340
1292 1293
1292 1340
1292 1341
1293 1340
1293 1341
1293 1342
1294 1295
1294 1342
1294 1343
1294 1344
1295 1343
1295 1344
1296 1297
1296 1345
1296 1346
1297 1298
1297 1345
1297 1346
1297 1347
1298 1299
1298 1346
1298 1347
1298 1348
1299 1300
1299 1347
1299 1348
1299 1349
1300 1301
1300 1348
1300 1349
1300 1350
1301 1302
1301 1349
1301 1350
1301 1351
1302 1303
1302 1350
1302 1351
1302 1352
1303 1304
1303 1351
1303 1352
1303 1353
1304 1305
1304 1352
1304 1353
1304 1354
1305 1353
1305 1354
1306 1355
1307 1308
1307 1356
1307 1357
1308 1356
1308 1357
1309 1310
1309 1358
1309 1359
1310 1311
1310 1358
1310 1359
1310 1360
1311 1312
1311 1359
1311 1360
1311 1361
1312 1313
1312 1360
1312 1361
1313 1314
1313 1361
1314 1315
1315 1316
1315 1362
1316 1362
1316 1363
1317 1318
1317 1363
1317 1364
1317 1365
1318 1319
1318 1364
1318 1365
1319 1320
1319 1365
1319 1366
1320 1321
1320 1366
1320 1367
1321 1366
1321 1367
1321 1368
1322 1323
1322 1368
1322 1369
1322 1370
1323 1324
1323 1369
1323 1370
1323 1371
1324 1325
1324 1370
1324 1371
1325 1326
1325 1371
1325 1372
1326 1372
1327 1328
1327 1373
1327 1374
1328 1329
1328 1373
1328 1374
1328 1375
1329 1330
1329 1374
1329 1375
1329 1376
1330 1331
1330 1375
1330 1376
1330 1377
1331 1332
1331 1376
1331 1377
1332 1333
1332 1377
1332 1378
1333 1378
1334 1379
1335 1380
1335 1381
1336 1337
1336 1382
1337 1338
1337 1382
1337 1383
1338 1339
1338 1382
1338 1383
1338 1384
1339 1383
1339 1384
1339 1385
1340 1341
1340 1385
1340 1386
1341 1342
1341 1386
1342 1343
1343 1344
1343 1387
1344 1387
1344 1388
1345 1346
1345 1388
1345 1389
1346 1347
1346 1389
1346 1390
1347 1348
1347 1390
1347 1391
1348 1349
1348 1390
1348 1391
1348 1392
1349 1350
1349 1391
1349 1392
1350 1351
1350 1392
1350 1393
1351 1352
1351 1393
1351 1394
1352 1353
1352 1393
1352 1394
1353 1354
1353 1394
1353 1395
1354 1395
1354 1396
1355 1396
1355 1397
1356 1357
1356 1398
1356 1399
1357 1398
1357 1399
1358 1359
1358 1400
1359 1360
1359 1400
1360 1361
1360 1401
1361 1401
1361 1402
1362 1363
1362 1403
1362 1404
1362 1405
1363 1364
1363 1404
1363 1405
1363 1406
1364 1365
1364 1405
1364 1406
1365 1406
1365 1407
1366 1367
1366 1407
1366 1408
1366 1409
1367 1368
1367 1408
1367 1409
1367 1410
1368 1369
1368 1409
1368 1410
1368 1411
1369 1370
1369 1410
1369 1411
1369 1412
1370 1371
1370 1411
1370 1412
1370 1413
1371 1412
1371 1413
1371 1414
1372 1414
1372 1415
1372 1416
1373 1374
1373 1416
1373 1417
1373 1418
1374 1375
1374 1417
1374 1418
1374 1419
1375 1376
1375 1418
1375 1419
1375 1420
1376 1377
1376 1419
1376 1420
1376 1421
1377 1420
1377 1421
1378 1422
1378 1423
1379 1423
1379 1424
1379 1425
1380 1381
1380 1425
1381 1426
1382 1383
1382 1427
1382 1428
1382 1429
1383 1384
1383 1428
1383 1429
1384 1385
1384 1429
1384 1430
1385 1386
1385 1430
1385 1431
1386 1430
1386 1431
1386 1432
1387 1388
1387 1434
1387 1435
1388 1389
1388 1434
1388 1435
1388 1436
1389 1435
1389 1436
1389 1437
1390 1391
1390 1437
1390 1438
1390 1439
1391 1392
1391 1438
1391 1439
1392 1439
1392 1440
1393 1394
1393 1440
1395 1396
1395 1441
1396 1397
1396 1441
1397 1441
1398 1399
1398 1442
1399 1442
1399 1443
1400 1443
1400 1444
1401 1402
1401 1445
1401 1446
1402 1445
1402 1446
1402 1447
1403 1404
1403 1447
1403 1448
1403 1449
1404 1405
1404 1448
1404 1449
1404 1450
1405 1406
1405 1449
1405 1450
1405 1451
1406 1450
1406 1451
1406 1452
1407 1408
1407 1452
1407 1453
1407 1454
1408 1409
1408 1453
1408 1454
1408 1455
1409 1410
1409 1454
1409 1455
1409 1456
1410 1411
1410 1455
1410 1456
1410 1457
1411 1412
1411 1456
1411 1457
1411 1458
1412 1413
1412 1457
1412 1458
1412 1459
1413 1414
1413 1458
1413 1459
1413 1460
1414 1415
1414 1459
1414 1460
1414 1461
1415 1416
1415 1460
1415 1461
1416 1417
1416 1461
1416 1462
1417 1418
1417 1462
1417 1463
1418 1419
1418 1462
1418 1463
1418 1464
1419 1420
1419 1463
1419 1464
1419 1465
1420 1421
1420 1464
1420 1465
1420 1466
1421 1465
1421 1466
1421 1467
1422 1423
1422 1467
1422 1468
1422 1469
1423 1424
1423 1468
1423 1469
1423 1470
1424 1425
1424 1469
1424 1470
1424 1471
1425 1470
1425 1471
1426 1427
1426 1472
1426 1473
1426 1474
1427 1428
1427 1473
1427 1474
1427 1475
1428 1429
1428 1474
1428 1475
1428 1476
1429 1475
1429 1476
1429 1477
1430 1431
1430 1477
1430 1478
1431 1432
1431 1478
1431 1479
1432 1433
1432 1478
1432 1479
1433 1479
1434 1435
1434 1480
1434 1481
1435 1436
1435 1480
1435 1481
1435 1482
1436 1437
1436 1481
1436 1482
1436 1483
1437 1438
1437 1482
1437 1483
1437 1484
1438 1439
1438 1483
1438 1484
1438 1485
1439 1484
1439 1485
1439 1486
1440 1486
1440 1487
1441 1490
1441 1491
1442 1492
1442 1493
1443 1493
1443 1494
1444 1494
1444 1495
1445 1446
1445 1496
1446 1447
1446 1496
1446 1497
1447 1448
1447 1497
1447 1498
1448 1449
1448 1497
1448 1498
1448 1499
1449 1450
1449 1498
1449 1499
1450 1451
1450 1499
1450 1500
1451 1452
1451 1500
1451 1501
1452 1453
1452 1500
1452 1501
1452 1502
1453 1454
1453 1501
1453 1502
1453 1503
1454 1455
1454 1502
1454 1503
1454 1504
1455 1456
1455 1503
1455 1504
1455 1505
1456 1457
1456 1504
1456 1505
1457 1458
1457 1505
1458 1459
1458 1506
1459 1460
1459 1506
1459 1507
1460 1461
1460 1506
1460 1507
1460 1508
1461 1507
1461 1508
1462 1463
1462 1509
1463 1464
1463 1509
1464 1465
1464 1509
1464 1510
1465 1466
1465 1510
1465 1511
1466 1467
1466 1510
1466 1511
1467 1468
1467 1511
1467 1512
1468 1469
1468 1512
1468 1513
1469 1470
1469 1512
1469 1513
1470 1471
1470 1513
1470 1514
1471 1514
1471 1515
1472 1473
1472 1515
1472 1516
1472 1517
1473 1474
1473 1516
1473 1517
1473 1518
1474 1475
1474 1517
1474 1518
1474 1519
1475 1476
1475 1518
1475 1519
1475 1520
1476 1477
1476 1519
1476 1520
1476 1521
1477 1520
1477 1521
1477 1522
1478 1479
1478 1522
1478 1523
1478 1524
1479 1523
1479 1524
1480 1481
1480 1525
1480 1526
1481 1482
1481 1526
1481 1527
1482 1483
1482 1526
1482 1527
1482 1528
1483 1484
1483 1527
1483 1528
1483 1529
1484 1485
1484 1528
1484 1529
1484 1530
1485 1486
1485 1529
1485 1530
1485 1531
1486 1487
1486 1530
1486 1531
1486 1532
1487 1531
1487 1532
1487 1533
1488 1489
1488 1533
1488 1534
1488 1535
1489 1490
1489 1534
1489 1535
1489 1536
1490 1491
1490 1535
1490 1536
1490 1537
1491 1536
1491 1537
1491 1538
1492 1493
1492 1539
1492 1540
1493 1539
1493 1540
1493 1541
1494 1495
1494 1541
1494 1542
1494 1543
1495 1542
1495 1543
1495 1544
1496 1544
1496 1545
1496 1546
1497 1498
1497 1546
1497 1547
1497 1548
1498 1499
1498 1547
1498 1548
1499 1548
1500 1501
1500 1549
1500 1550
1501 1502
1501 1549
1501 1550
1501 1551
1502 1503
1502 1550
1502 1551
1503 1504
1503 1551
1503 1552
1504 1505
1504 1552
1504 1553
1505 1552
1505 1553
1505 1554
1506 1507
1506 1555
1506 1556
1506 1557
1507 1508
1507 1556
1507 1557
1507 1558
1508 1557
1508 1558
1508 1559
1509 1560
1509 1561
1510 1511
1510 1561
1510 1562
1510 1563
1511 1562
1511 1563
1511 1564
1512 1513
1512 1564
1514 1515
1514 1565
1515 1516
1515 1565
1515 1566
1516 1517
1516 1565
1516 1566
1516 1567
1517 1518
1517 1566
1517 1567
1517 1568
1518 1519
1518 1567
1518 1568
1518 1569
1519 1520
1519 1568
1519 1569
1519 1570
1520 1521
1520 1569
1520 1570
1521 1522
1521 1570
1521 1571
1522 1523
1522 1571
1522 1572
1523 1524
1523 1571
1523 1572
1523 1573
1524 1572
1524 1573
1524 1574
1525 1574
1525 1575
1525 1576
1526 1527
1526 1576
1526 1577
1526 1578
1527 1528
1527 1577
1527 1578
1527 1579
1528 1529
1528 1578
1528 1579
1528 1580
1529 1530
1529 1579
1529 1580
1529 1581
1530 1531
1530 1580
1530 1581
1530 1582
1531 1532
1531 1581
1531 1582
1532 1533
1532 1582
1533 1534
1533 1583
1534 1535
1534 1583
1534 1584
1535 1536
1535 1583
1535 1584
1535 1585
1536 1537
1536 1584
1536 1585
1536 1586
1537 1538
1537 1585
1537 1586
1537 1587
1538 1586
1538 1587
1539 1540
1539 1588
1540 1541
1540 1588
1540 1589
1541 1542
1541 1588
1541 1589
1541 1590
1542 1543
1542 1589
1542 1590
1543 1544
1543 1590
1543 1591
1544 1545
1544 1591
1544 1592
1545 1546
1545 1591
1545 1592
1545 1593
1546 1547
1546 1592
1546 1593
1546 1594
1547 1548
1547 1593
1547 1594
1547 1595
1548 1594
1548 1595
1548 1596
1549 1550
1549 1597
1549 1598
1549 1599
1550 1551
1550 1598
1550 1599
1550 1600
1551 1599
1551 1600
1551 1601
1552 1553
1552 1601
1552 1602
1552 1603
1553 1554
1553 1602
1553 1603
1554 1555
1554 1603
1554 1604
1555 1556
1555 1604
1555 1605
1556 1557
1556 1604
1556 1605
1557 1558
1557 1605
1557 1606
1558 1559
1558 1606
1558 1607
1559 1560
1559 1606
1559 1607
1559 1608
1560 1607
1560 1608
1560 1609
1561 1562
1561 1609
1561 1610
1562 1563
1562 1610
1562 1611
1563 1564
1563 1610
1563 1611
1563 1612
1564 1611
1564 1612
1564 1613
1565 1566
1565 1616
1565 1617
1565 1618
1566 1567
1566 1617
1566 1618
1566 1619
1567 1568
1567 1618
1567 1619
1568 1569
1568 1619
1568 1620
1569 1570
1569 1620
1569 1621
1570 1620
1570 1621
1570 1622
1571 1572
1571 1622
1571 1623
1572 1573
1572 1623
1572 1624
1573 1574
1573 1624
1573 1625
1574 1575
1574 1624
1574 1625
1574 1626
1575 1576
1575 1625
1575 1626
1576 1577
1576 1626
1576 1627
1577 1578
1577 1627
1578 1579
1578 1627
1578 1628
1579 1580
1579 1628
1579 1629
1580 1581
1580 1628
1580 1629
1580 1630
1581 1582
1581 1629
1581 1630
1581 1631
1582 1630
1582 1631
1582 1632
1583 1584
1583 1633
1583 1634
1583 1635
1584 1585
1584 1634
1584 1635
1584 1636
1585 1586
1585 1635
1585 1636
1585 1637
1586 1587
1586 1636
1586 1637
1586 1638
1587 1637
1587 1638
1588 1589
1588 1639
1588 1640
1588 1641
1589 1590
1589 1640
1589 1641
1589 1642
1590 1641
1590 1642
1590 1643
1591 1592
1591 1643
1591 1644
1592 1593
1592 1644
1592 1645
1593 1594
1593 1645
1593 1646
1594 1595
1594 1645
1594 1646
1594 1647
1595 1596
1595 1646
1595 1647
1596 1597
1596 1647
1596 1648
1597 1598
1597 1648
1597 1649
1598 1599
1598 1648
1598 1649
1598 1650
1599 1600
1599 1649
1599 1650
1600 1601
1600 1650
1600 1651
1601 1602
1601 1651
1601 1652
1602 1603
1602 1651
1602 1652
1603 1652
1603 1653
1604 1605
1604 1653
1604 1654
1605 1654
1606 1607
1606 1655
1606 1656
1607 1608
1607 1655
1607 1656
1607 1657
1608 1609
1608 1656
1608 1657
1608 1658
1609 1657
1609 1658
1609 1659
1610 1611
1610 1659
1610 1660
1610 1661
1611 1612
1611 1660
1611 1661
1611 1662
1612 1613
1612 1661
1612 1662
1612 1663
1613 1614
1613 1662
1613 1663
1613 1664
1614 1615
1614 1663
1614 1664
1614 1665
1615 1616
1615 1664
1615 1665
1615 1666
1616 1617
1616 1665
1616 1666
1617 1618
1617 1666
1618 1619
1618 1667
1619 1667
1619 1668
1620 1621
1620 1668
1620 1669
1620 1670
1621 1622
1621 1669
1621 1670
1621 1671
1622 1623
1622 1670
1622 1671
1623 1671
1623 1672
1624 1625
1624 1672
1624 1673
1625 1626
1625 1673
1625 1674
1626 1673
1626 1674
1627 1675
1627 1676
1628 1629
1628 1676
1628 1677
1629 1630
1629 1677
1629 1678
1630 1631
1630 1678
1630 1679
1631 1632
1631 1678
1631 1679
1632 1633
1632 1679
1632 1680
1633 1634
1633 1680
1633 1681
1634 1635
1634 1680
1634 1681
1634 1682
1635 1636
1635 1681
1635 1682
1635 1683
1636 1637
1636 1682
1636 1683
1636 1684
1637 1638
1637 1683
1637 1684
1637 1685
1638 1684
1638 1685
1639 1640
1639 1686
1639 1687
1640 1641
1640 1686
1640 1687
1640 1688
1641 1642
1641 1687
1641 1688
1641 1689
1642 1643
1642 1688
1642 1689
1642 1690
1643 1644
1643 1689
1643 1690
1643 1691
1644 1690
1644 1691
1644 1692
1645 1646
1645 1692
1645 1693
1645 1694
1646 1647
1646 1693
1646 1694
1646 1695
1647 1694
1647 1695
1647 1696
1648 1649
1648 1696
1649 1650
1649 1697
1650 1697
1651 1652
1651 1698
1651 1699
1652 1698
1652 1699
1652 1700
1653 1700
1653 1701
1654 1701
1654 1702
1654 1703
1655 1656
1655 1703
1655 1704
1655 1705
1656 1657
1656 1704
1656 1705
1656 1706
1657 1658
1657 1705
1657 1706
1657 1707
1658 1659
1658 1706
1658 1707
1658 1708
1659 1660
1659 1707
1659 1708
1660 1661
1660 1708
1661 1662
1661 1709
1662 1663
1662 1709
1663 1664
1663 1709
1663 1710
1664 1665
1664 1710
1664 1711
1665 1666
1665 1710
1665 1711
1665 1712
1666 1711
1666 1712
1666 1713
1667 1668
1667 1714
1667 1715
1668 1669
1668 1714
1668 1715
1668 1716
1669 1670
1669 1715
1669 1716
1669 1717
1670 1671
1670 1716
1670 1717
1670 1718
1671 1717
1671 1718
1671 1719
1672 1719
1672 1720
1672 1721
1673 1674
1673 1721
1673 1722
1674 1722
1675 1676
1676 1677
1676 1723
1677 1723
1677 1724
1678 1679
1678 1724
1678 1725
1678 1726
1679 1725
1679 1726
1679 1727
1680 1681
1680 1727
1680 1728
1680 1729
1681 1682
1681 1728
1681 1729
1681 1730
1682 1683
1682 1729
1682 1730
1682 1731
1683 1684
1683 1730
1683 1731
1683 1732
1684 1685
1684 1731
1684 1732
1685 1732
1686 1687
1686 1733
1686 1734
1687 1688
1687 1733
1687 1734
1687 1735
1688 1689
1688 1734
1688 1735
1688 1736
1689 1690
1689 1735
1689 1736
1689 1737
1690 1691
1690 1736
1690 1737
1690 1738
1691 1692
1691 1737
1691 1738
1691 1739
1692 1693
1692 1738
1692 1739
1692 1740
1693 1694
1693 1739
1693 1740
1693 1741
1694 1695
1694 1740
1694 1741
1694 1742
1695 1696
1695 1741
1695 1742
1695 1743
1696 1742
1696 1743
1696 1744
1697 1745
1697 1746
1698 1699
1698 1747
1698 1748
1699 1700
1699 1747
1699 1748
1700 1748
1700 1749
1701 1702
1701 1749
1701 1750
1701 1751
1702 1703
1702 1750
1702 1751
1702 1752
1703 1704
1703 1751
1703 1752
1703 1753
1704 1705
1704 1752
1704 1753
1704 1754
1705 1706
1705 1753
1705 1754
1705 1755
1706 1707
1706 1754
1706 1755
1706 1756
1707 1708
1707 1755
1707 1756
1707 1757
1708 1756
1708 1757
1708 1758
1709 1759
1709 1760
1709 1761
1710 1711
1710 1761
1710 1762
1710 1763
1711 1712
1711 1762
1711 1763
1712 1713
1712 1763
1712 1764
1713 1764
1713 1765
1714 1715
1714 1765
1715 1716
1715 1766
1716 1717
1716 1766
1716 1767
1717 1718
1717 1766
1717 1767
1717 1768
1718 1719
1718 1767
1718 1768
1718 1769
1719 1720
1719 1768
1719 1769
1720 1721
1720 1769
1720 1770
1721 1770
1721 1771
1722 1771
1722 1772
1723 1724
1723 1773
1724 1725
1724 1774
1725 1726
1725 1774
1725 1775
1726 1727
1726 1774
1726 1775
1726 1776
1727 1728
1727 1775
1727 1776
1727 1777
1728 1729
1728 1776
1728 1777
1728 1778
1729 1730
1729 1777
1729 1778
1729 1779
1730 1731
1730 1778
1730 1779
1731 1732
1731 1779
1731 1780
1732 1780
1732 1781
1733 1734
1733 1782
1733 1783
1734 1735
1734 1782
1734 1783
1735 1736
1735 1783
1736 1737
1736 1784
1737 1738
1737 1784
1737 1785
1738 1739
1738 1784
1738 1785
1738 1786
1739 1740
1739 1785
1739 1786
1739 1787
1740 1741
1740 1786
1740 1787
1740 1788
1741 1742
1741 1787
1741 1788
1741 1789
1742 1743
1742 1788
1742 1789
1743 1744
1743 1789
1743 1790
1744 1745
1744 1790
1745 1746
1745 1790
1745 1791
1746 1791
1747 1748
1747 1792
1748 1792
1748 1793
1749 1750
1749 1793
1749 1794
1749 1795
1750 1751
1750 1794
1750 1795
1751 1752
1751 1795
1751 1796
1752 1753
1752 1796
1752 1797
1753 1754
1753 1796
1753 1797
1753 1798
1754 1755
1754 1797
1754 1798
1754 1799
1755 1756
1755 1798
1755 1799
1755 1800
1756 1757
1756 1799
1756 1800
1756 1801
1757 1758
1757 1800
1757 1801
1757 1802
1758 1759
1758 1801
1758 1802
1758 1803
1759 1760
1759 1802
1759 1803
1760 1761
1760 1803
1760 1804
1761 1762
1761 1804
1761 1805
1762 1763
1762 1804
1762 1805
1763 1805
1763 1806
1764 1765
1764 1806
1764 1807
1765 1807
1765 1808
1766 1767
1766 1809
1766 1810
1766 1811
1767 1768
1767 1810
1767 1811
1767 1812
1768 1769
1768 1811
1768 1812
1768 1813
1769 1812
1769 1813
1770 1771
1770 1814
1770 1815
1771 1814
1771 1815
1771 1816
1772 1816
1772 1817
1773 1818
1773 1819
1774 1775
1774 1820
1774 1821
1774 1822
1775 1776
1775 1821
1775 1822
1776 1777
1776 1822
1776 1823
1777 1778
1777 1823
1777 1824
1778 1779
1778 1823
1778 1824
1779 1824
1780 1781
1780 1825
1781 1825
1782 1783
1782 1826
1782 1827
1783 1826
1783 1827
1784 1785
1784 1828
1784 1829
1784 1830
1785 1786
1785 1829
1785 1830
1785 1831
1786 1787
1786 1830
1786 1831
1786 1832
1787 1788
1787 1831
1787 1832
1788 1789
1788 1832
1788 1833
1789 1833
1789 1834
1790 1834
1790 1835
1790 1836
1791 1836
1791 1837
1791 1838
1792 1793
1792 1839
1792 1840
1792 1841
1793 1794
1793 1840
1793 1841
1793 1842
1794 1795
1794 1841
1794 1842
1795 1842
1796 1797
1797 1798
1797 1843
1798 1799
1798 1843
1799 1800
1799 1843
1799 1844
1800 1801
1800 1844
1800 1845
1801 1802
1801 1844
1801 1845
1801 1846
1802 1803
1802 1845
1802 1846
1802 1847
1803 1846
1803 1847
1803 1848
1804 1805
1804 1848
1804 1849
1804 1850
1805 1849
1805 1850
1805 1851
1806 1851
1806 1852
1806 1853
1807 1808
1807 1853
1807 1854
1807 1855
1808 1809
1808 1854
1808 1855
1808 1856
1809 1810
1809 1855
1809 1856
1809 1857
1810 1811
1810 1856
1810 1857
1810 1858
1811 1812
1811 1857
1811 1858
1812 1813
1812 1858
1813 1859
1814 1815
1814 1859
1814 1860
1815 1816
1815 1860
1815 1861
1816 1817
1816 1860
1816 1861
1816 1862
1817 1861
1817 1862
1817 1863
1818 1819
1818 1863
1818 1864
1818 1865
1819 1820
1819 1864
1819 1865
1820 1821
1820 1865
1820 1866
1821 1822
1821 1866
1821 1867
1822 1866
1822 1867
1822 1868
1823 1824
1823 1868
1823 1869
1823 1870
1824 1869
1824 1870
1824 1871
1825 1872
1826 1827
1826 1873
1827 1873
1827 1874
1828 1829
1828 1874
1828 1875
1828 1876
1829 1830
1829 1875
1829 1876
1830 1831
1830 1876
1830 1877
1831 1832
1831 1877
1831 1878
1832 1877
1832 1878
1832 1879
1833 1834
1833 1879
1833 1880
1833 1881
1834 1835
1834 1880
1834 1881
1834 1882
1835 1836
1835 1881
1835 1882
1835 1883
1836 1837
1836 1882
1836 1883
1837 1838
1837 1883
1838 1839
1839 1840
1839 1884
1840 1841
1840 1884
1840 1885
1841 1842
1841 1884
1841 1885
1841 1886
1842 1885
1842 1886
1842 1887
1843 1890
1843 1891
1843 1892
1844 1845
1844 1892
1844 1893
1845 1846
1845 1893
1845 1894
1846 1847
1846 1894
1846 1895
1847 1848
1847 1894
1847 1895
1847 1896
1848 1849
1848 1895
1848 1896
1849 1850
1849 1896
1849 1897
1850 1851
1850 1897
1850 1898
1851 1852
1851 1897
1851 1898
1851 1899
1852 1853
1852 1898
1852 1899
1852 1900
1853 1854
1853 1899
1853 1900
1853 1901
1854 1855
1854 1900
1854 1901
1854 1902
1855 1856
1855 1901
1855 1902
1855 1903
1856 1857
1856 1902
1856 1903
1856 1904
1857 1858
1857 1903
1857 1904
1857 1905
1858 1904
1858 1905
1858 1906
1859 1907
1859 1908
1859 1909
1860 1861
1860 1909
1860 1910
1860 1911
1861 1862
1861 1910
1861 1911
1861 1912
1862 1863
1862 1911
1862 1912
1862 1913
1863 1864
1863 1912
1863 1913
1863 1914
1864 1865
1864 1913
1864 1914
1864 1915
1865 1914
1865 1915
1866 1867
1866 1916
1867 1868
1867 1916
1867 1917
1868 1869
1868 1916
1868 1917
1869 1870
1869 1917
1869 1918
1870 1871
1870 1918
1871 1918
1871 1919
1872 1919
1872 1920
1872 1921
1873 1922
1873 1923
1874 1875
1874 1923
1874 1924
1875 1876
1875 1924
1875 1925
1876 1925
1876 1926
1877 1878
1877 1926
1878 1879
1878 1927
1879 1880
1879 1927
1879 1928
1880 1881
1880 1927
1880 1928
1881 1882
1881 1928
1881 1929
1882 1883
1882 1929
1882 1930
1883 1929
1883 1930
1883 1931
1884 1885
1884 1932
1885 1886
1885 1932
1885 1933
1886 1887
1886 1932
1886 1933
1886 1934
1887 1888
1887 1933
1887 1934
1887 1935
1888 1889
1888 1934
1888 1935
1889 1890
1889 1935
1889 1936
1890 1891
1890 1936
1891 1892
1891 1936
1892 1893
1892 1937
1893 1937
1894 1895
1894 1938
1894 1939
1895 1896
1895 1938
1895 1939
1895 1940
1896 1939
1896 1940
1896 1941
1897 1898
1897 1941
1897 1942
1898 1899
1898 1942
1898 1943
1899 1900
1899 1942
1899 1943
1900 1901
1900 1943
1900 1944
1901 1902
1901 1944
1901 1945
1902 1903
1902 1944
1902 1945
1902 1946
1903 1904
1903 1945
1903 1946
1903 1947
1904 1905
1904 1946
1904 1947
1904 1948
1905 1906
1905 1947
1905 1948
1905 1949
1906 1907
1906 1948
1906 1949
1906 1950
1907 1908
1907 1949
1907 1950
1907 1951
1908 1909
1908 1950
1908 1951
1908 1952
1909 1910
1909 1951
1909 1952
1910 1911
1910 1952
1910 1953
1911 1912
1911 1953
1911 1954
1912 1913
1912 1953
1912 1954
1913 1914
1913 1954
1913 1955
1914 1915
1914 1955
1914 1956
1915 1955
1915 1956
1915 1957
1916 1917
1916 1958
1916 1959
1916 1960
1917 1959
1917 1960
1918 1961
1919 1920
1919 1961
1919 1962
1920 1921
1920 1962
1920 1963
1921 1963
1922 1923
1922 1964
1922 1965
1923 1924
1923 1964
1923 1965
1923 1966
1924 1965
1924 1966
1924 1967
1925 1926
1925 1967
1925 1968
1926 1968
1927 1928
1927 1969
1927 1970
1927 1971
1928 1970
1928 1971
1928 1972
1929 1930
1929 1972
1930 1931
1930 1973
1931 1973
1931 1974
1932 1933
1932 1976
1932 1977
1932 1978
1933 1934
1933 1977
1933 1978
1934 1935
1934 1978
1935 1979
1936 1979
1936 1980
1937 1981
1937 1982
1938 1939
1938 1983
1938 1984
1939 1940
1939 1983
1939 1984
1939 1985
1940 1941
1940 1984
1940 1985
1940 1986
1941 1985
1941 1986
1941 1987
1942 1943
1942 1987
1942 1988
1942 1989
1943 1988
1943 1989
1943 1990
1944 1945
1944 1990
1944 1991
1944 1992
1945 1946
1945 1991
1945 1992
1945 1993
1946 1947
1946 1992
1946 1993
1947 1948
1947 1993
1947 1994
1948 1949
1948 1994
1948 1995
1949 1950
1949 1994
1949 1995
1949 1996
1950 1951
1950 1995
1950 1996
1950 1997
1951 1952
1951 1996
1951 1997
1951 1998
1952 1997
1952 1998
1952 1999
1953 1954
1953 1999
1953 2000
1954 2000
1954 2001
1955 1956
1955 2001
1955 2002
1955 2003
1956 1957
1956 2002
1956 2003
1956 2004
1957 1958
1957 2003
1957 2004
1957 2005
1958 1959
1958 2004
1958 2005
1958 2006
1959 1960
1959 2005
1959 2006
1960 2006
1961 1962
1961 2007
1961 2008
1961 2009
1962 2008
1962 2009
1962 2010
1963 2010
1963 2011
1964 1965
1964 2012
1965 1966
1965 2012
1965 2013
1966 1967
1966 2012
1966 2013
1966 2014
1967 2013
1967 2014
1967 2015
1968 2015
1968 2016
1969 1970
1970 1971
1970 2017
1971 1972
1971 2017
1971 2018
1972 2017
1972 2018
1972 2019
1973 1974
1973 2020
1974 1975
1974 2021
1975 1976
1975 2021
1975 2022
1976 1977
1976 2021
1976 2022
1976 2023
1977 1978
1977 2022
1977 2023
1977 2024
1978 2023
1978 2024
1978 2025
1979 1980
1979 2026
1979 2027
1979 2028
1980 2027
1980 2028
1980 2029
1981 1982
1981 2029
1981 2030
1982 2030
1982 2031
1983 1984
1983 2031
1983 2032
1983 2033
1984 1985
1984 2032
1984 2033
1985 1986
1985 2033
1985 2034
1986 1987
1986 2034
1987 1988
1987 2034
1988 1989
1989 1990
1989 2035
1990 1991
1990 2035
1990 2036
1991 1992
1991 2035
1991 2036
1992 1993
1992 2036
1993 2037
1994 1995
1994 2037
1994 2038
1995 1996
1995 2038
1996 1997
1996 2038
1996 2039
1997 1998
1997 2039
1997 2040
1998 1999
1998 2039
1998 2040
1998 2041
1999 2040
1999 2041
1999 2042
2000 2001
2000 2042
2000 2043
2001 2002
2001 2043
2001 2044
2002 2003
2002 2043
2002 2044
2003 2004
2003 2044
2003 2045
2004 2005
2004 2045
2004 2046
2005 2006
2005 2045
2005 2046
2005 2047
2006 2046
2006 2047
2006 2048
2007 2008
2007 2049
2007 2050
2007 2051
2008 2009
2008 2050
2008 2051
2008 2052
2009 2010
2009 2051
2009 2052
2009 2053
2010 2011
2010 2052
2010 2053
2010 2054
2011 2053
2011 2054
2012 2013
2012 2055
2012 2056
2012 2057
2013 2014
2013 2056
2013 2057
2013 2058
2014 2015
2014 2057
2014 2058
2014 2059
2015 2016
2015 2058
2015 2059
2015 2060
2016 2059
2016 2060
2017 2018
2017 2061
2017 2062
2017 2063
2018 2019
2018 2062
2018 2063
2018 2064
2019 2020
2019 2063
2019 2064
2019 2065
2020 2064
2020 2065
2021 2022
2021 2066
2021 2067
2021 2068
2022 2023
2022 2067
2022 2068
2022 2069
2023 2024
2023 2068
2023 2069
2023 2070
2024 2025
2024 2069
2024 2070
2024 2071
2025 2026
2025 2070
2025 2071
2025 2072
2026 2027
2026 2071
2026 2072
2026 2073
2027 2028
2027 2072
2027 2073
2027 2074
2028 2029
2028 2073
2028 2074
2028 2075
2029 2030
2029 2074
2029 2075
2030 2075
2030 2076
2031 2032
2031 2076
2031 2077
2031 2078
2032 2033
2032 2077
2032 2078
2032 2079
2033 2078
2033 2079
2033 2080
2034 2080
2034 2081
2034 2082
2035 2036
2035 2084
2035 2085
2035 2086
2036 2085
2036 2086
2036 2087
2037 2088
2038 2089
2038 2090
2039 2040
2039 2090
2039 2091
2039 2092
2040 2041
2040 2091
2040 2092
2040 2093
2041 2042
2041 2092
2041 2093
2041 2094
2042 2093
2042 2094
2042 2095
2043 2044
2043 2095
2043 2096
2044 2096
2044 2097
2045 2046
2045 2097
2045 2098
2045 2099
2046 2047
2046 2098
2046 2099
2046 2100
2047 2048
2047 2099
2047 2100
2047 2101
2048 2049
2048 2100
2048 2101
2048 2102
2049 2050
2049 2101
2049 2102
2049 2103
2050 2051
2050 2102
2050 2103
2050 2104
2051 2052
2051 2103
2051 2104
2051 2105
2052 2053
2052 2104
2052 2105
2052 2106
2053 2054
2053 2105
2053 2106
2053 2107
2054 2106
2054 2107
2055 2056
2055 2108
2055 2109
2056 2057
2056 2108
2056 2109
2056 2110
2057 2058
2057 2109
2057 2110
2057 2111
2058 2059
2058 2110
2058 2111
2058 2112
2059 2060
2059 2111
2059 2112
2059 2113
2060 2112
2060 2113
2060 2114
2061 2062
2061 2115
2061 2116
2062 2063
2062 2116
2063 2064
2063 2116
2063 2117
2064 2065
2064 2117
2064 2118
2065 2117
2065 2118
2065 2119
2066 2067
2066 2119
2066 2120
2066 2121
2067 2068
2067 2120
2067 2121
2067 2122
2068 2069
2068 2121
2068 2122
2069 2070
2069 2122
2070 2071
2070 2123
2071 2072
2071 2123
2072 2073
2072 2123
2072 2124
2073 2074
2073 2124
2073 2125
2074 2075
2074 2124
2074 2125
2074 2126
2075 2125
2075 2126
2075 2127
2076 2077
2076 2127
2076 2128
2076 2129
2077 2078
2077 2128
2077 2129
2077 2130
2078 2079
2078 2129
2078 2130
2078 2131
2079 2080
2079 2130
2079 2131
2079 2132
2080 2081
2080 2131
2080 2132
2080 2133
2081 2082
2081 2132
2081 2133
2082 2083
2082 2133
2083 2084
2083 2134
2084 2085
2084 2134
2084 2135
2085 2086
2085 2134
2085 2135
2086 2087
2086 2135
2087 2088
2087 2136
2088 2136
2088 2137
2089 2090
2089 2138
2090 2091
2090 2138
2090 2139
2091 2092
2091 2138
2091 2139
2092 2093
2092 2139
2092 2140
2093 2094
2093 2140
2093 2141
2094 2095
2094 2140
2094 2141
2094 2142
2095 2096
2095 2141
2095 2142
2096 2142
2096 2143
2097 2098
2097 2143
2097 2144
2097 2145
2098 2099
2098 2144
2098 2145
2098 2146
2099 2100
2099 2145
2099 2146
2099 2147
2100 2101
2100 2146
2100 2147
2100 2148
2101 2102
2101 2147
2101 2148
2101 2149
2102 2103
2102 2148
2102 2149
2102 2150
2103 2104
2103 2149
2103 2150
2103 2151
2104 2105
2104 2150
2104 2151
2105 2106
2105 2151
2105 2152
2106 2107
2106 2152
2106 2153
2107 2152
2107 2153
2108 2109
2108 2154
2108 2155
2109 2110
2109 2154
2109 2155
2110 2111
2110 2155
2110 2156
2111 2112
2111 2156
2112 2113
2112 2156
2112 2157
2113 2114
2113 2157
2113 2158
2114 2115
2114 2157
2114 2158
2114 2159
2115 2158
2115 2159
2116 2160
2116 2161
2117 2118
2117 2161
2117 2162
2117 2163
2118 2119
2118 2162
2118 2163
2119 2120
2119 2163
2119 2164
2120 2121
2120 2164
2120 2165
2121 2122
2121 2164
2121 2165
2121 2166
2122 2165
2122 2166
2122 2167
2123 2168
2123 2169
2123 2170
2124 2125
2124 2170
2124 2171
2124 2172
2125 2126
2125 2171
2125 2172
2125 2173
2126 2127
2126 2172
2126 2173
2126 2174
2127 2128
2127 2173
2127 2174
2127 2175
2128 2129
2128 2174
2128 2175
2128 2176
2129 2130
2129 2175
2129 2176
2130 2131
2130 2176
2130 2177
2131 2132
2131 2177
2131 2178
2132 2133
2132 2177
2132 2178
2132 2179
2133 2178
2133 2179
2133 2180
2134 2135
2134 2181
2134 2182
2134 2183
2135 2182
2135 2183
2136 2137
2136 2184
2136 2185
2136 2186
2137 2185
2137 2186
2137 2187
2138 2139
2138 2188
2138 2189
2138 2190
2139 2189
2139 2190
2139 2191
2140 2141
2140 2191
2140 2192
2140 2193
2141 2142
2141 2192
2141 2193
2141 2194
2142 2193
2142 2194
2142 2195
2143 2144
2143 2195
2144 2145
2144 2196
2145 2146
2145 2196
2145 2197
2146 2147
2146 2196
2146 2197
2146 2198
2147 2148
2147 2197
2147 2198
2147 2199
2148 2149
2148 2198
2148 2199
2148 2200
2149 2150
2149 2199
2149 2200
2149 2201
2150 2151
2150 2200
2150 2201
2150 2202
2151 2201
2151 2202
2151 2203
2152 2153
2152 2203
2152 2204
2152 2205
2153 2204
2153 2205
2154 2155
2154 2206
2155 2206
2156 2207
2156 2208
2157 2158
2157 2208
2157 2209
2158 2159
2158 2209
2158 2210
2159 2210
2160 2161
2160 2211
2160 2212
2161 2162
2161 2211
2161 2212
2161 2213
2162 2163
2162 2212
2162 2213
2162 2214
2163 2213
2163 2214
2163 2215
2164 2165
2164 2215
2164 2216
2164 2217
2165 2166
2165 2216
2165 2217
2165 2218
2166 2167
2166 2217
2166 2218
2166 2219
2167 2168
2167 2218
2167 2219
2167 2220
2168 2169
2168 2219
2168 2220
2168 2221
2169 2170
2169 2220
2169 2221
2169 2222
2170 2171
2170 2221
2170 2222
2170 2223
2171 2172
2171 2222
2171 2223
2171 2224
2172 2173
2172 2223
2172 2224
2172 2225
2173 2174
2173 2224
2173 2225
2174 2175
2174 2225
2174 2226
2175 2176
2175 2226
2175 2227
2176 2226
2176 2227
2177 2178
2177 2228
2177 2229
2178 2179
2178 2228
2178 2229
2178 2230
2179 2180
2179 2229
2179 2230
2180 2181
2180 2230
2180 2231
2181 2182
2181 2231
2181 2232
2182 2183
2182 2231
2182 2232
2182 2233
2183 2232
2183 2233
2183 2234
2184 2185
2184 2234
2184 2235
2184 2236
2185 2186
2185 2235
2185 2236
2185 2237
2186 2187
2186 2236
2186 2237
2186 2238
2187 2188
2187 2237
2187 2238
2188 2189
2188 2238
2188 2239
2189 2190
2189 2239
2189 2240
2190 2191
2190 2239
2190 2240
2190 2241
2191 2192
2191 2240
2191 2241
2191 2242
2192 2193
2192 2241
2192 2242
2193 2194
2193 2242
2193 2243
2194 2195
2194 2243
2194 2244
2195 2243
2195 2244
2195 2245
2196 2197
2196 2246
2196 2247
2196 2248
2197 2198
2197 2247
2197 2248
2197 2249
2198 2199
2198 2248
2198 2249
2198 2250
2199 2200
2199 2249
2199 2250
2199 2251
2200 2201
2200 2250
2200 2251
2200 2252
2201 2202
2201 2251
2201 2252
2201 2253
2202 2203
2202 2252
2202 2253
2202 2254
2203 2204
2203 2253
2203 2254
2203 2255
2204 2205
2204 2254
2204 2255
2204 2256
2205 2255
2205 2256
2206 2257
2207 2208
2207 2258
2207 2259
2208 2209
2208 2259
2208 2260
2209 2259
2209 2260
2209 2261
2210 2261
2210 2262
2210 2263
2211 2212
2211 2263
2211 2264
2211 2265
2212 2213
2212 2264
2212 2265
2212 2266
2213 2214
2213 2265
2213 2266
2213 2267
2214 2215
2214 2266
2214 2267
2214 2268
2215 2216
2215 2267
2215 2268
2215 2269
2216 2217
2216 2268
2216 2269
2216 2270
2217 2218
2217 2269
2217 2270
2217 2271
2218 2219
2218 2270
2218 2271
2218 2272
2219 2220
2219 2271
2219 2272
2219 2273
2220 2221
2220 2272
2220 2273
2220 2274
2221 2222
2221 2273
2221 2274
2221 2275
2222 2223
2222 2274
2222 2275
2223 2224
2223 2275
2223 2276
2224 2225
2224 2276
2224 2277
2225 2276
2225 2277
2225 2278
2226 2227
2226 2278
2226 2279
2226 2280
2227 2279
2227 2280
2228 2229
2228 2281
2229 2230
2229 2281
2230 2281
2230 2282
2231 2232
2231 2282
2231 2283
2231 2284
2232 2233
2232 2283
2232 2284
2232 2285
2233 2234
2233 2284
2233 2285
2233 2286
2234 2235
2234 2285
2234 2286
2234 2287
2235 2236
2235 2286
2235 2287
2235 2288
2236 2237
2236 2287
2236 2288
2236 2289
2237 2238
2237 2288
2237 2289
2237 2290
2238 2289
2238 2290
2238 2291
2239 2240
2239 2291
2239 2292
2239 2293
2240 2241
2240 2292
2240 2293
2241 2242
2241 2293
2241 2294
2242 2294
2242 2295
2243 2244
2243 2295
2243 2296
2243 2297
2244 2245
2244 2296
2244 2297
2244 2298
2245 2246
2245 2297
2245 2298
2245 2299
2246 2247
2246 2298
2246 2299
2247 2248
2247 2299
2247 2300
2248 2249
2248 2300
2248 2301
2249 2250
2249 2300
2249 2301
2249 2302
2250 2251
2250 2301
2250 2302
2250 2303
2251 2252
2251 2302
2251 2303
2251 2304
2252 2253
2252 2303
2252 2304
2252 2305
2253 2254
2253 2304
2253 2305
2253 2306
2254 2255
2254 2305
2254 2306
2254 2307
2255 2256
2255 2306
2255 2307
2255 2308
2256 2307
2256 2308
2257 2258
2257 2309
2257 2310
2257 2311
2258 2310
2258 2311
2258 2312
2259 2260
2259 2312
2259 2313
2259 2314
2260 2261
2260 2313
2260 2314
2260 2315
2261 2262
2261 2314
2261 2315
2262 2263
2262 2315
2262 2316
2263 2264
2263 2316
2263 2317
2264 2265
2264 2316
2264 2317
2264 2318
2265 2266
2265 2317
2265 2318
2265 2319
2266 2267
2266 2318
2266 2319
2266 2320
2267 2268
2267 2319
2267 2320
2267 2321
2268 2269
2268 2320
2268 2321
2269 2270
2269 2321
2269 2322
2270 2271
2270 2322
2270 2323
2271 2272
2271 2322
2271 2323
2272 2273
2272 2323
2272 2324
2273 2274
2273 2324
2273 2325
2274 2275
2274 2324
2274 2325
2274 2326
2275 2325
2275 2326
2275 2327
2276 2277
2276 2327
2276 2328
2276 2329
2277 2278
2277 2328
2277 2329
2277 2330
2278 2279
2278 2329
2278 2330
2278 2331
2279 2280
2279 2330
2279 2331
2279 2332
2280 2331
2280 2332
2281 2333
2281 2334
2281 2335
2282 2283
2282 2335
2282 2336
2282 2337
2283 2284
2283 2336
2283 2337
2283 2338
2284 2285
2284 2337
2284 2338
2284 2339
2285 2286
2285 2338
2285 2339
2285 2340
2286 2287
2286 2339
2286 2340
2286 2341
2287 2288
2287 2340
2287 2341
2287 2342
2288 2289
2288 2341
2288 2342
2288 2343
2289 2290
2289 2342
2289 2343
2289 2344
2290 2291
2290 2343
2290 2344
2290 2345
2291 2292
2291 2344
2291 2345
2291 2346
2292 2293
2292 2345
2292 2346
2293 2346
2293 2347
2294 2295
2294 2347
2294 2348
2294 2349
2295 2296
2295 2348
2295 2349
2295 2350
2296 2297
2296 2349
2296 2350
2296 2351
2297 2298
2297 2350
2297 2351
2297 2352
2298 2299
2298 2351
2298 2352
2299 2352
2300 2301
2300 2353
2301 2302
2301 2353
2301 2354
2302 2303
2302 2354
2302 2355
2303 2304
2303 2354
2303 2355
2303 2356
2304 2305
2304 2355
2304 2356
2305 2306
2305 2356
2305 2357
2306 2307
2306 2357
2306 2358
2307 2308
2307 2357
2307 2358
2307 2359
2308 2358
2308 2359
2309 2310
2309 2360
2309 2361
2310 2311
2310 2360
2310 2361
2310 2362
2311 2312
2311 2361
2311 2362
2311 2363
2312 2313
2312 2362
2312 2363
2312 2364
2313 2314
2313 2363
2313 2364
2313 2365
2314 2315
2314 2364
2314 2365
2315 2365
2315 2366
2316 2317
2316 2366
2316 2367
2316 2368
2317 2318
2317 2367
2317 2368
2317 2369
2318 2319
2318 2368
2318 2369
2318 2370
2319 2320
2319 2369
2319 2370
2319 2371
2320 2321
2320 2370
2320 2371
2320 2372
2321 2371
2321 2372
2321 2373
2322 2323
2322 2373
2322 2374
2323 2374
2323 2375
2324 2325
2324 2375
2325 2326
2325 2376
2326 2327
2326 2376
2326 2377
2327 2328
2327 2376
2327 2377
2328 2329
2328 2377
2328 2378
2329 2330
2329 2378
2329 2379
2330 2331
2330 2378
2330 2379
2331 2332
2331 2379
2331 2380
2332 2380
2332 2381
2333 2334
2333 2381
2333 2382
2334 2335
2334 2382
2334 2383
2335 2336
2335 2383
2335 2384
2336 2337
2336 2383
2336 2384
2337 2338
2337 2384
2337 2385
2338 2339
2338 2385
2338 2386
2339 2340
2339 2385
2339 2386
2339 2387
2340 2341
2340 2386
2340 2387
2340 2388
2341 2342
2341 2387
2341 2388
2341 2389
2342 2343
2342 2388
2342 2389
2342 2390
2343 2344
2343 2389
2343 2390
2343 2391
2344 2345
2344 2390
2344 2391
2344 2392
2345 2346
2345 2391
2345 2392
2345 2393
2346 2392
2346 2393
2346 2394
2347 2348
2347 2394
2347 2395
2347 2396
2348 2349
2348 2395
2348 2396
2348 2397
2349 2350
2349 2396
2349 2397
2349 2398
2350 2351
2350 2397
2350 2398
2350 2399
2351 2352
2351 2398
2351 2399
2351 2400
2352 2399
2352 2400
2353 2401
2353 2402
2353 2403
2354 2355
2354 2403
2354 2404
2354 2405
2355 2356
2355 2404
2355 2405
2355 2406
2356 2405
2356 2406
2356 2407
2357 2358
2357 2407
2357 2408
2358 2359
2358 2408
2358 2409
2359 2409
2360 2361
2360 2410
2360 2411
2361 2362
2361 2410
2361 2411
2361 2412
2362 2363
2362 2411
2362 2412
2362 2413
2363 2364
2363 2412
2363 2413
2363 2414
2364 2365
2364 2413
2364 2414
2364 2415
2365 2414
2365 2415
2365 2416
2366 2367
2366 2416
2366 2417
2366 2418
2367 2368
2367 2417
2367 2418
2367 2419
2368 2369
2368 2418
2368 2419
2368 2420
2369 2370
2369 2419
2369 2420
2369 2421
2370 2371
2370 2420
2370 2421
2371 2372
2371 2421
2371 2422
2372 2373
2372 2422
2372 2423
2373 2374
2373 2422
2373 2423
2373 2424
2374 2423
2374 2424
2374 2425
2375 2425
2375 2426
2376 2377
2376 2427
2376 2428
2377 2428
2377 2429
2378 2379
2378 2429
2378 2430
2378 2431
2379 2430
2379 2431
2379 2432
2380 2381
2380 2432
2380 2433
2380 2434
2381 2382
2381 2433
2381 2434
2381 2435
2382 2434
2382 2435
2382 2436
2383 2384
2383 2436
2383 2437
2383 2438
2384 2437
2384 2438
2384 2439
2385 2386
2385 2439
2385 2440
2386 2387
2386 2440
2387 2388
2387 2441
2388 2389
2388 2441
2388 2442
2389 2390
2389 2441
2389 2442
2390 2391
2390 2442
2390 2443
2391 2392
2391 2443
2391 2444
2392 2393
2392 2443
2392 2444
2392 2445
2393 2394
2393 2444
2393 2445
2393 2446
2394 2395
2394 2445
2394 2446
2394 2447
2395 2396
2395 2446
2395 2447
2395 2448
2396 2397
2396 2447
2396 2448
2396 2449
2397 2398
2397 2448
2397 2449
2397 2450
2398 2399
2398 2449
2398 2450
2399 2400
2399 2450
2399 2451
2400 2451
2400 2452
2401 2402
2401 2452
2401 2453
2402 2403
2402 2453
2403 2404
2403 2454
2404 2405
2404 2454
2404 2455
2405 2406
2405 2454
2405 2455
2405 2456
2406 2407
2406 2455
2406 2456
2406 2457
2407 2408
2407 2456
2407 2457
2407 2458
2408 2457
2408 2458
2408 2459
2409 2459
2409 2460
2410 2411
2411 2412
2411 2461
2412 2413
2412 2461
2412 2462
2413 2414
2413 2461
2413 2462
2413 2463
2414 2415
2414 2462
2414 2463
2414 2464
2415 2416
2415 2463
2415 2464
2415 2465
2416 2417
2416 2464
2416 2465
2416 2466
2417 2418
2417 2465
2417 2466
2417 2467
2418 2419
2418 2466
2418 2467
2419 2420
2419 2467
2420 2421
2422 2423
2422 2468
2422 2469
2423 2424
2423 2468
2423 2469
2424 2425
2424 2469
2424 2470
2425 2470
2425 2471
2426 2427
2426 2471
2426 2472
2427 2472
2428 2429
2428 2473
2428 2474
2429 2430
2429 2473
2429 2474
2429 2475
2430 2431
2430 2474
2430 2475
2430 2476
2431 2432
2431 2475
2431 2476
2431 2477
2432 2433
2432 2476
2432 2477
2432 2478
2433 2434
2433 2477
2433 2478
2434 2435
2434 2478
2434 2479
2435 2436
2435 2479
2435 2480
2436 2437
2436 2479
2436 2480
2436 2481
2437 2438
2437 2480
2437 2481
2437 2482
2438 2439
2438 2481
2438 2482
2439 2440
2439 2482
2440 2483
2441 2442
2441 2484
2441 2485
2442 2485
2442 2486
2443 2444
2443 2486
2443 2487
2443 2488
2444 2445
2444 2487
2444 2488
2444 2489
2445 2446
2445 2488
2445 2489
2446 2447
2446 2489
2446 2490
2447 2448
2447 2490
2447 2491
2448 2449
2448 2490
2448 2491
2448 2492
2449 2450
2449 2491
2449 2492
2449 2493
2450 2492
2450 2493
2451 2452
2451 2494
2452 2453
2452 2494
2452 2495
2453 2494
2453 2495
2453 2496
2454 2455
2454 2497
2454 2498
2454 2499
2455 2456
2455 2498
2455 2499
2455 2500
2456 2457
2456 2499
2456 2500
2456 2501
2457 2458
2457 2500
2457 2501
2457 2502
2458 2459
2458 2501
2458 2502
2458 2503
2459 2460
2459 2502
2459 2503
2459 2504
2460 2503
2460 2504
2461 2462
2461 2505
2461 2506
2462 2463
2462 2505
2462 2506
2463 2464
2463 2506
2463 2507
2464 2465
2464 2507
2464 2508
2465 2466
2465 2507
2465 2508
2466 2467
2466 2508
2466 2509
2467 2509
2468 2469
2468 2510
2468 2511
2469 2510
2469 2511
2469 2512
2470 2471
2470 2512
2470 2513
2471 2513
2472 2514
2472 2515
2473 2474
2473 2515
2473 2516
2473 2517
2474 2475
2474 2516
2474 2517
2475 2476
2475 2517
2475 2518
2476 2477
2476 2518
2476 2519
2477 2478
2477 2518
2477 2519
2477 2520
2478 2519
2478 2520
2478 2521
2479 2480
2479 2521
2479 2522
2479 2523
2480 2481
2480 2522
2480 2523
2480 2524
2481 2482
2481 2523
2481 2524
2482 2524
2482 2525
2483 2484
2483 2526
2483 2527
2483 2528
2484 2485
2484 2527
2484 2528
2484 2529
2485 2528
2485 2529
2485 2530
2486 2487
2486 2530
2486 2531
2486 2532
2487 2488
2487 2531
2487 2532
2487 2533
2488 2489
2488 2532
2488 2533
2488 2534
2489 2533
2489 2534
2489 2535
2490 2491
2490 2535
2490 2536
2490 2537
2491 2492
2491 2536
2491 2537
2491 2538
2492 2493
2492 2537
2492 2538
2492 2539
2493 2538
2493 2539
2494 2495
2494 2540
2494 2541
2494 2542
2495 2496
2495 2541
2495 2542
2496 2497
2496 2542
2496 2543
2497 2498
2497 2543
2497 2544
2498 2499
2498 2543
2498 2544
2499 2500
2499 2544
2500 2501
2500 2545
2501 2502
2501 2545
2501 2546
2502 2503
2502 2545
2502 2546
2502 2547
2503 2504
2503 2546
2503 2547
2503 2548
2504 2547
2504 2548
2505 2506
2505 2550
2505 2551
2506 2551
2506 2552
2507 2508
2507 2552
2507 2553
2508 2553
2508 2554
2509 2554
2509 2555
2509 2556
2510 2511
2510 2559
2510 2560
2511 2512
2511 2560
2511 2561
2512 2560
2512 2561
2512 2562
2513 2562
2513 2563
2514 2515
2514 2563
2514 2564
2515 2516
2515 2564
2515 2565
2516 2517
2516 2565
2516 2566
2517 2565
2517 2566
2517 2567
2518 2519
2518 2567
2518 2568
2518 2569
2519 2520
2519 2568
2519 2569
2519 2570
2520 2521
2520 2569
2520 2570
2520 2571
2521 2522
2521 2570
2521 2571
2522 2523
2522 2571
2522 2572
2523 2524
2523 2572
2524 2572
2524 2573
2525 2526
2525 2573
2525 2574
2526 2527
2526 2574
2526 2575
2527 2528
2527 2574
2527 2575
2527 2576
2528 2529
2528 2575
2528 2576
2528 2577
2529 2530
2529 2576
2529 2577
2530 2531
2530 2577
2531 2532
2532 2533
2532 2578
2533 2534
2533 2578
2533 2579
2534 2535
2534 2578
2534 2579
2534 2580
2535 2536
2535 2579
2535 2580
2536 2537
2536 2580
2536 2581
2537 2538
2537 2581
2537 2582
2538 2539
2538 2581
2538 2582
2538 2583
2539 2582
2539 2583
2539 2584
2540 2541
2540 2584
2540 2585
2540 2586
2541 2542
2541 2585
2541 2586
2541 2587
2542 2586
2542 2587
2543 2544
2543 2588
2543 2589
2544 2588
2544 2589
2544 2590
2545 2546
2545 2591
2545 2592
2546 2547
2546 2592
2546 2593
2547 2548
2547 2593
2547 2594
2548 2593
2548 2594
2549 2550
2549 2595
2549 2596
2550 2595
2550 2596
2550 2597
2551 2552
2551 2597
2551 2598
2551 2599
2552 2553
2552 2598
2552 2599
2553 2599
2554 2555
2554 2600
2554 2601
2555 2556
2555 2600
2555 2601
2555 2602
2556 2557
2556 2601
2556 2602
2556 2603
2557 2558
2557 2602
2557 2603
2557 2604
2558 2559
2558 2603
2558 2604
2559 2604
2559 2605
2560 2561
2560 2605
2560 2606
2560 2607
2561 2562
2561 2606
2561 2607
2562 2607
2563 2564
2563 2608
2563 2609
2564 2608
2564 2609
2564 2610
2565 2566
2565 2610
2565 2611
2565 2612
2566 2567
2566 2611
2566 2612
2566 2613
2567 2568
2567 2612
2567 2613
2568 2569
2568 2613
2568 2614
2569 2570
2569 2614
2569 2615
2570 2571
2570 2614
2570 2615
2571 2615
2571 2616
2572 2616
2572 2617
2572 2618
2573 2618
2573 2619
2573 2620
2574 2575
2574 2620
2574 2621
2575 2576
2575 2621
2575 2622
2576 2577
2576 2621
2576 2622
2576 2623
2577 2622
2577 2623
2578 2579
2578 2625
2578 2626
2579 2580
2579 2626
2580 2626
2580 2627
2581 2582
2581 2627
2581 2628
2582 2583
2582 2628
2582 2629
2583 2584
2583 2629
2583 2630
2584 2585
2584 2629
2584 2630
2584 2631
2585 2586
2585 2630
2585 2631
2586 2587
2586 2631
2586 2632
2587 2632
2587 2633
2588 2589
2588 2633
2588 2634
2588 2635
2589 2590
2589 2634
2589 2635
2590 2591
2590 2635
2590 2636
2591 2592
2591 2636
2592 2636
2592 2637
2593 2594
2593 2637
2593 2638
2594 2638
2595 2596
2596 2597
2596 2639
2597 2598
2597 2639
2598 2599
2598 2639
2598 2640
2599 2640
2599 2641
2600 2601
2600 2642
2600 2643
2600 2644
2601 2602
2601 2643
2601 2644
2601 2645
2602 2603
2602 2644
2602 2645
2603 2604
2603 2645
2603 2646
2604 2646
2604 2647
2605 2606
2605 2647
2605 2648
2605 2649
2606 2607
2606 2648
2606 2649
2606 2650
2607 2649
2607 2650
2607 2651
2608 2609
2608 2652
2608 2653
2608 2654
2609 2610
2609 2653
2609 2654
2609 2655
2610 2611
2610 2654
2610 2655
2611 2612
2611 2655
2612 2613
2612 2656
2613 2656
2613 2657
2614 2615
2614 2657
2614 2658
2615 2658
2615 2659
2616 2617
2616 2659
2616 2660
2616 2661
2617 2618
2617 2660
2617 2661
2617 2662
2618 2619
2618 2661
2618 2662
2618 2663
2619 2620
2619 2662
2619 2663
2620 2663
2620 2664
2621 2622
2621 2664
2621 2665
2622 2623
2622 2665
2622 2666
2623 2666
2624 2625
2624 2667
2625 2667
2625 2668
2626 2668
2626 2669
2626 2670
2627 2628
2627 2670
2627 2671
2628 2671
2628 2672
2629 2630
2629 2672
2629 2673
2630 2631
2630 2673
2630 2674
2631 2674
2632 2633
2632 2675
2632 2676
2633 2634
2633 2675
2633 2676
2633 2677
2634 2635
2634 2676
2634 2677
2635 2677
2636 2678
2636 2679
2637 2638
2637 2679
2637 2680
2637 2681
2638 2680
2638 2681
2638 2682
2639 2684
2639 2685
2639 2686
2640 2641
2640 2686
2640 2687
2640 2688
2641 2642
2641 2687
2641 2688
2641 2689
2642 2643
2642 2688
2642 2689
2642 2690
2643 2644
2643 2689
2643 2690
2643 2691
2644 2645
2644 2690
2644 2691
2644 2692
2645 2691
2645 2692
2645 2693
2646 2647
2646 2693
2646 2694
2647 2648
2647 2694
2647 2695
2648 2649
2648 2694
2648 2695
2648 2696
2649 2650
2649 2695
2649 2696
2649 2697
2650 2651
2650 2696
2650 2697
2650 2698
2651 2652
2651 2697
2651 2698
2652 2653
2652 2698
2652 2699
2653 2654
2653 2699
2653 2700
2654 2655
2654 2699
2654 2700
2654 2701
2655 2700
2655 2701
2655 2702
2656 2657
2656 2703
2656 2704
2657 2703
2657 2704
2657 2705
2658 2659
2658 2705
2658 2706
2659 2660
2659 2706
2660 2661
2660 2707
2661 2662
2661 2707
2661 2708
2662 2663
2662 2707
2662 2708
2663 2708
2663 2709
2664 2665
2664 2709
2664 2710
2664 2711
2665 2710
2665 2711
2665 2712
2666 2712
2666 2713
2666 2714
2667 2668
2667 2715
2667 2716
2668 2669
2668 2715
2668 2716
2668 2717
2669 2670
2669 2716
2669 2717
2670 2717
2670 2718
2671 2672
2671 2718
2671 2719
2672 2673
2672 2719
2673 2720
2674 2720
2674 2721
2675 2676
2675 2721
2675 2722
2675 2723
2676 2677
2676 2722
2676 2723
2676 2724
2677 2723
2677 2724
2677 2725
2678 2679
2678 2726
2678 2727
2679 2680
2679 2727
2679 2728
2680 2681
2680 2727
2680 2728
2681 2682
2681 2728
2681 2729
2682 2729
2683 2684
2683 2730
2683 2731
2684 2685
2684 2730
2684 2731
2684 2732
2685 2686
2685 2731
2685 2732
2685 2733
2686 2687
2686 2732
2686 2733
2686 2734
2687 2688
2687 2733
2687 2734
2687 2735
2688 2689
2688 2734
2688 2735
2688 2736
2689 2690
2689 2735
2689 2736
2689 2737
2690 2691
2690 2736
2690 2737
2690 2738
2691 2692
2691 2737
2691 2738
2691 2739
2692 2693
2692 2738
2692 2739
2692 2740
2693 2739
2693 2740
2694 2695
2694 2741
2694 2742
2695 2696
2695 2741
2695 2742
2695 2743
2696 2697
2696 2742
2696 2743
2696 2744
2697 2698
2697 2743
2697 2744
2697 2745
2698 2744
2698 2745
2698 2746
2699 2700
2699 2746
2699 2747
2700 2701
2700 2747
2701 2702
2701 2747
2701 2748
2702 2748
2702 2749
2703 2704
2703 2749
2703 2750
2704 2705
2704 2750
2704 2751
2705 2706
2705 2751
2705 2752
2706 2751
2706 2752
2706 2753
2707 2708
2707 2754
2707 2755
2708 2754
2708 2755
2708 2756
2709 2710
2709 2756
2709 2757
2709 2758
2710 2711
2710 2757
2710 2758
2710 2759
2711 2712
2711 2758
2711 2759
2711 2760
2712 2713
2712 2759
2712 2760
2712 2761
2713 2714
2713 2760
2713 2761
2713 2762
2714 2761
2714 2762
2714 2763
2715 2716
2715 2763
2715 2764
2716 2717
2716 2764
2717 2764
2717 2765
2718 2719
2718 2765
2718 2766
2719 2766
2720 2767
2720 2768
2720 2769
2721 2722
2721 2769
2721 2770
2721 2771
2722 2723
2722 2770
2722 2771
2722 2772
2723 2724
2723 2771
2723 2772
2723 2773
2724 2725
2724 2772
2724 2773
2725 2726
2725 2773
2725 2774
2726 2774
2726 2775
2727 2728
2727 2775
2727 2776
2727 2777
2728 2776
2728 2777
2728 2778
2729 2778
2729 2779
2730 2731
2730 2780
2730 2781
2731 2732
2731 2780
2731 2781
2731 2782
2732 2733
2732 2781
2732 2782
2732 2783
2733 2734
2733 2782
2733 2783
2734 2735
2734 2783
2735 2736
2735 2784
2736 2737
2736 2784
2736 2785
2737 2738
2737 2784
2737 2785
2738 2739
2738 2785
2738 2786
2739 2740
2739 2786
2739 2787
2740 2786
2740 2787
2741 2742
2741 2788
2742 2743
2742 2788
2742 2789
2743 2744
2743 2789
2743 2790
2744 2745
2744 2789
2744 2790
2744 2791
2745 2746
2745 2790
2745 2791
2746 2791
2746 2792
2747 2792
2747 2793
2747 2794
2748 2749
2748 2794
2748 2795
2748 2796
2749 2750
2749 2795
2749 2796
2749 2797
2750 2796
2750 2797
2750 2798
2751 2752
2751 2798
2751 2799
2751 2800
2752 2753
2752 2799
2752 2800
2752 2801
2753 2800
2753 2801
2753 2802
2754 2755
2754 2802
2754 2803
2754 2804
2755 2756
2755 2803
2755 2804
2755 2805
2756 2757
2756 2804
2756 2805
2756 2806
2757 2758
2757 2805
2757 2806
2757 2807
2758 2759
2758 2806
2758 2807
2759 2760
2759 2807
2759 2808
2760 2761
2760 2808
2760 2809
2761 2762
2761 2808
2761 2809
2761 2810
2762 2763
2762 2809
2762 2810
2762 2811
2763 2810
2763 2811
2763 2812
2764 2812
2764 2813
2764 2814
2765 2814
2765 2815
2765 2816
2766 2816
2766 2817
2766 2818
2767 2768
2767 2818
2767 2819
2767 2820
2768 2769
2768 2819
2768 2820
2768 2821
2769 2770
2769 2820
2769 2821
2769 2822
2770 2771
2770 2821
2770 2822
2770 2823
2771 2772
2771 2822
2771 2823
2772 2773
2772 2823
2772 2824
2773 2824
2773 2825
2774 2775
2774 2825
2774 2826
2774 2827
2775 2776
2775 2826
2775 2827
2775 2828
2776 2777
2776 2827
2776 2828
2776 2829
2777 2778
2777 2828
2777 2829
2777 2830
2778 2779
2778 2829
2778 2830
2778 2831
2779 2830
2779 2831
2780 2781
2780 2832
2780 2833
2781 2782
2781 2832
2781 2833
2781 2834
2782 2783
2782 2833
2782 2834
2782 2835
2783 2834
2783 2835
2783 2836
2784 2785
2784 2837
2784 2838
2785 2838
2785 2839
2786 2787
2786 2839
2786 2840
2786 2841
2787 2840
2787 2841
2787 2842
2788 2842
2789 2790
2789 2843
2789 2844
2790 2791
2790 2843
2790 2844
2790 2845
2791 2844
2791 2845
2791 2846
2792 2793
2792 2846
2792 2847
2793 2794
2793 2847
2793 2848
2794 2795
2794 2847
2794 2848
2794 2849
2795 2796
2795 2848
2795 2849
2795 2850
2796 2797
2796 2849
2796 2850
2797 2798
2797 2850
2797 2851
2798 2799
2798 2851
2798 2852
2799 2800
2799 2851
2799 2852
2799 2853
2800 2801
2800 2852
2800 2853
2800 2854
2801 2802
2801 2853
2801 2854
2802 2803
2802 2854
2802 2855
2803 2804
2803 2855
2803 2856
2804 2805
2804 2855
2804 2856
2804 2857
2805 2806
2805 2856
2805 2857
2805 2858
2806 2807
2806 2857
2806 2858
2806 2859
2807 2858
2807 2859
2808 2809
2808 2860
2809 2810
2809 2860
2809 2861
2810 2811
2810 2861
2811 2812
2811 2861
2811 2862
2812 2813
2812 2862
2812 2863
2813 2814
2813 2862
2813 2863
2813 2864
2814 2815
2814 2863
2814 2864
2814 2865
2815 2816
2815 2864
2815 2865
2815 2866
2816 2817
2816 2865
2816 2866
2816 2867
2817 2818
2817 2866
2817 2867
2817 2868
2818 2819
2818 2867
2818 2868
2819 2820
2819 2868
2820 2821
2820 2869
2821 2822
2821 2869
2821 2870
2822 2823
2822 2869
2822 2870
2822 2871
2823 2870
2823 2871
2823 2872
2824 2825
2824 2872
2824 2873
2825 2826
2825 2873
2825 2874
2826 2827
2826 2873
2826 2874
2826 2875
2827 2828
2827 2874
2827 2875
2827 2876
2828 2829
2828 2875
2828 2876
2828 2877
2829 2830
2829 2876
2829 2877
2829 2878
2830 2831
2830 2877
2830 2878
2830 2879
2831 2878
2831 2879
2832 2833
2833 2834
2834 2835
2835 2836
2836 2837
2837 2838
2839 2840
2840 2841
2841 2842
2843 2844
2844 2845
2845 2846
2847 2848
2848 2849
2849 2850
2851 2852
2852 2853
2853 2854
2855 2856
2856 2857
2857 2858
2858 2859
2862 2863
2863 2864
2864 2865
2865 2866
2866 2867
2867 2868
2869 2870
2870 2871
2871 2872
2873 2874
2874 2875
2875 2876
2876 2877
2877 2878
2878 2879
