# FromNodeId	ToNodeId
0 1
0 52
0 53
0 54
1 2
1 53
1 54
1 55
2 3
2 54
2 55
2 56
3 4
3 55
3 56
3 57
4 5
4 56
4 57
4 58
5 6
5 57
5 58
5 59
6 7
6 58
6 59
6 60
7 8
7 59
7 60
7 61
8 9
8 60
8 61
8 62
9 10
9 61
9 62
9 63
10 11
10 62
10 63
10 64
11 12
11 63
11 64
11 65
12 13
12 64
12 65
12 66
13 14
13 65
13 66
13 67
14 15
14 66
14 67
15 16
15 67
16 17
16 68
17 18
17 68
17 69
18 19
18 68
18 69
18 70
19 20
19 69
19 70
19 71
20 21
20 70
20 71
20 72
21 22
21 71
21 72
21 73
22 23
22 72
22 73
23 73
23 74
24 25
24 74
24 75
24 76
25 26
25 75
25 76
25 77
26 27
26 76
26 77
27 77
27 78
28 29
28 78
28 79
28 80
29 30
29 79
29 80
29 81
30 80
30 81
30 82
31 32
31 83
31 84
31 85
32 33
32 84
32 85
33 34
33 85
33 86
34 35
34 86
35 36
35 86
35 87
36 37
36 87
37 38
37 87
38 39
39 88
40 41
40 88
40 89
40 90
41 42
41 89
41 90
42 43
42 90
42 91
43 44
43 91
43 92
44 45
44 91
44 92
44 93
45 46
45 92
45 93
45 94
46 47
46 93
46 94
46 95
47 94
47 95
48 49
48 96
48 97
49 50
49 96
49 97
49 98
50 51
50 97
50 98
51 98
52 53
52 99
52 100
53 54
53 99
53 100
53 101
54 55
54 100
54 101
55 56
55 101
56 57
57 58
58 59
58 102
59 60
59 102
59 103
60 61
60 102
60 103
61 62
61 103
61 104
62 63
62 104
62 105
63 64
63 104
63 105
63 106
64 65
64 105
64 106
64 107
65 66
65 106
65 107
65 108
66 67
66 107
66 108
66 109
67 108
67 109
68 69
68 110
68 111
68 112
69 70
69 111
69 112
69 113
70 71
70 112
70 113
71 72
71 113
71 114
72 73
72 114
73 114
73 115
74 75
74 115
74 116
75 76
75 116
75 117
76 77
76 117
76 118
77 117
77 118
77 119
78 79
78 119
78 120
78 121
79 80
79 120
79 121
79 122
80 81
80 121
80 122
80 123
81 82
81 122
81 123
81 124
82 123
82 124
83 84
83 125
84 85
84 125
84 126
85 125
85 126
85 127
86 127
86 128
87 129
88 89
88 131
89 90
89 131
89 132
90 131
90 132
90 133
91 92
91 133
91 134
91 135
92 93
92 134
92 135
92 136
93 94
93 135
93 136
93 137
94 95
94 136
94 137
94 138
95 137
95 138
96 97
96 139
96 140
97 98
97 139
97 140
97 141
98 140
98 141
98 142
99 100
99 143
99 144
100 101
100 143
100 144
101 144
102 103
102 147
102 148
103 147
103 148
103 149
104 105
104 149
104 150
104 151
105 106
105 150
105 151
105 152
106 107
106 151
106 152
106 153
107 108
107 152
107 153
108 109
108 153
108 154
109 154
110 111
111 112
111 155
112 113
112 155
112 156
113 155
113 156
113 157
114 157
114 158
115 116
115 159
116 159
116 160
117 118
117 160
117 161
117 162
118 119
118 161
118 162
119 120
119 162
120 121
120 163
121 122
121 163
121 164
122 123
122 163
122 164
122 165
123 124
123 164
123 165
123 166
124 165
124 166
124 167
125 126
125 168
125 169
125 170
126 127
126 169
126 170
126 171
127 128
127 170
127 171
128 171
128 172
129 172
129 173
129 174
130 174
130 175
130 176
131 132
131 177
131 178
131 179
132 133
132 178
132 179
132 180
133 134
133 179
133 180
133 181
134 135
134 180
134 181
135 136
135 181
135 182
136 137
136 182
136 183
137 138
137 182
137 183
137 184
138 183
138 184
138 185
139 140
139 185
139 186
139 187
140 141
140 186
140 187
141 142
141 187
141 188
142 188
143 144
143 189
143 190
144 189
144 190
144 191
145 146
145 192
145 193
146 193
146 194
147 148
147 194
147 195
147 196
148 149
148 195
148 196
148 197
149 150
149 196
149 197
149 198
150 151
150 197
150 198
150 199
151 152
151 198
151 199
151 200
152 153
152 199
152 200
152 201
153 200
153 201
153 202
154 202
154 203
154 204
155 156
155 206
155 207
156 157
156 206
156 207
156 208
157 158
157 207
157 208
157 209
158 208
158 209
159 160
159 210
160 161
160 210
161 162
161 211
162 211
162 212
163 164
163 213
164 165
164 213
164 214
165 166
165 213
165 214
166 167
166 214
167 168
167 215
168 169
168 215
168 216
169 170
169 215
169 216
169 217
170 171
170 216
170 217
170 218
171 217
171 218
171 219
172 173
172 219
172 220
172 221
173 174
173 220
173 221
173 222
174 175
174 221
174 222
174 223
175 176
175 222
175 223
175 224
176 177
176 223
176 224
176 225
177 178
177 224
177 225
177 226
178 179
178 225
178 226
178 227
179 180
179 226
179 227
179 228
180 181
180 227
180 228
180 229
181 228
181 229
182 183
182 230
182 231
183 184
183 230
183 231
183 232
184 185
184 231
184 232
184 233
185 186
185 232
185 233
185 234
186 187
186 233
186 234
186 235
187 234
187 235
189 190
189 236
189 237
190 191
190 236
190 237
190 238
191 192
191 237
191 238
191 239
192 238
192 239
192 240
193 194
193 240
193 241
193 242
194 195
194 241
194 242
195 196
195 242
196 197
197 198
197 243
198 199
198 243
198 244
199 200
199 243
199 244
199 245
200 201
200 244
200 245
200 246
201 202
201 245
201 246
201 247
202 203
202 246
202 247
202 248
203 204
203 247
203 248
203 249
204 205
204 248
204 249
204 250
205 249
205 250
205 251
206 207
206 251
206 252
207 208
207 252
207 253
208 209
208 253
208 254
209 253
209 254
209 255
210 256
210 257
211 212
211 258
212 258
212 259
213 214
213 260
213 261
214 261
214 262
215 216
215 263
215 264
215 265
216 217
216 264
216 265
217 218
217 265
217 266
218 219
218 266
218 267
219 220
219 266
219 267
219 268
220 221
220 267
220 268
220 269
221 222
221 268
221 269
221 270
222 223
222 269
222 270
222 271
223 224
223 270
223 271
223 272
224 225
224 271
224 272
224 273
225 226
225 272
225 273
225 274
226 227
226 273
226 274
227 228
227 274
227 275
228 229
228 275
228 276
229 275
229 276
230 231
230 277
231 232
231 277
231 278
232 233
232 277
232 278
232 279
233 234
233 278
233 279
233 280
234 235
234 279
234 280
234 281
235 280
235 281
235 282
236 237
236 284
236 285
237 238
237 284
237 285
237 286
238 239
238 285
238 286
239 240
239 286
239 287
240 241
240 287
240 288
241 242
241 287
241 288
242 288
243 244
243 290
243 291
243 292
244 245
244 291
244 292
244 293
245 246
245 292
245 293
245 294
246 247
246 293
246 294
246 295
247 248
247 294
247 295
247 296
248 249
248 295
248 296
249 250
249 296
249 297
250 251
250 297
250 298
251 252
251 297
251 298
251 299
252 298
252 299
252 300
253 254
253 300
253 301
253 302
254 255
254 301
254 302
254 303
255 256
255 302
255 303
255 304
256 303
256 304
256 305
257 305
257 306
258 259
258 307
258 308
258 309
259 260
259 308
259 309
259 310
260 309
260 310
260 311
261 262
261 311
261 312
261 313
262 263
262 312
262 313
262 314
263 264
263 313
263 314
264 265
264 314
264 315
265 315
265 316
266 267
266 316
266 317
266 318
267 268
267 317
267 318
268 269
268 318
268 319
269 270
269 319
269 320
270 271
270 319
270 320
270 321
271 272
271 320
271 321
272 273
272 321
272 322
273 274
273 322
273 323
274 322
274 323
274 324
275 276
275 324
275 325
276 325
276 326
277 278
277 327
277 328
277 329
278 279
278 328
278 329
278 330
279 280
279 329
279 330
280 281
280 330
281 282
282 283
282 331
283 331
284 285
284 332
285 286
285 332
285 333
286 333
286 334
287 288
287 334
287 335
288 335
288 336
289 290
289 337
289 338
289 339
290 291
290 338
290 339
290 340
291 292
291 339
291 340
291 341
292 293
292 340
292 341
292 342
293 294
293 341
293 342
293 343
294 295
294 342
294 343
294 344
295 296
295 343
295 344
295 345
296 344
296 345
296 346
297 298
297 346
297 347
297 348
298 299
298 347
298 348
298 349
299 300
299 348
299 349
299 350
300 301
300 349
300 350
300 351
301 302
301 350
301 351
302 303
302 351
302 352
303 304
303 352
304 305
304 352
304 353
305 353
305 354
306 307
306 354
306 355
307 308
307 355
307 356
308 309
308 355
308 356
308 357
309 310
309 356
309 357
309 358
310 311
310 357
310 358
310 359
311 312
311 358
311 359
311 360
312 313
312 359
312 360
312 361
313 314
313 360
313 361
314 361
314 362
315 316
315 362
315 363
316 317
316 363
316 364
317 318
317 363
317 364
317 365
318 364
318 365
318 366
319 320
319 366
319 367
319 368
320 321
320 367
320 368
320 369
321 368
321 369
321 370
322 323
322 370
322 371
322 372
323 324
323 371
323 372
323 373
324 325
324 372
324 373
324 374
325 373
325 374
326 327
326 375
326 376
327 328
327 375
327 376
327 377
328 329
328 376
328 377
328 378
329 330
329 377
329 378
329 379
330 378
330 379
331 381
331 382
332 383
332 384
333 334
333 384
335 336
335 385
335 386
336 337
336 385
336 386
336 387
337 338
337 386
337 387
337 388
338 339
338 387
338 388
338 389
339 340
339 388
339 389
339 390
340 341
340 389
340 390
340 391
341 342
341 390
341 391
341 392
342 343
342 391
342 392
343 344
343 392
343 393
344 345
344 393
344 394
345 346
345 393
345 394
345 395
346 347
346 394
346 395
346 396
347 348
347 395
347 396
347 397
348 349
348 396
348 397
348 398
349 350
349 397
349 398
349 399
350 351
350 398
350 399
350 400
351 399
351 400
351 401
352 401
352 402
352 403
353 354
353 403
353 404
353 405
354 404
354 405
354 406
355 356
355 406
355 407
355 408
356 357
356 407
356 408
356 409
357 358
357 408
357 409
357 410
358 359
358 409
358 410
358 411
359 360
359 410
359 411
359 412
360 361
360 411
360 412
360 413
361 412
361 413
361 414
362 414
362 415
363 364
363 415
363 416
364 365
364 416
364 417
365 366
365 417
365 418
366 367
366 417
366 418
367 368
367 418
368 369
368 419
369 370
369 419
369 420
370 371
370 419
370 420
370 421
371 372
371 420
371 421
371 422
372 373
372 421
372 422
372 423
373 374
373 422
373 423
373 424
374 423
374 424
374 425
375 376
375 425
375 426
375 427
376 377
376 426
376 427
376 428
377 378
377 427
377 428
378 379
378 428
378 429
379 429
379 430
380 381
380 430
380 431
380 432
381 382
381 431
381 432
381 433
382 432
382 433
383 384
383 434
383 435
384 434
384 435
384 436
385 386
385 438
385 439
385 440
386 387
386 439
386 440
386 441
387 388
387 440
387 441
388 389
388 441
388 442
389 390
389 442
390 391
390 442
391 392
391 443
392 443
392 444
393 394
393 444
393 445
393 446
394 395
394 445
394 446
394 447
395 396
395 446
395 447
395 448
396 397
396 447
396 448
396 449
397 398
397 448
397 449
397 450
398 399
398 449
398 450
398 451
399 400
399 450
399 451
399 452
400 401
400 451
400 452
400 453
401 402
401 452
401 453
401 454
402 403
402 453
402 454
403 404
403 454
404 405
404 455
405 406
405 455
405 456
406 407
406 455
406 456
407 408
407 456
407 457
408 409
408 457
408 458
409 410
409 457
409 458
409 459
410 411
410 458
410 459
410 460
411 412
411 459
411 460
411 461
412 413
412 460
412 461
413 414
413 461
413 462
414 462
414 463
415 416
415 463
415 464
416 464
416 465
417 418
417 465
417 466
417 467
418 466
418 467
419 420
419 468
419 469
419 470
420 421
420 469
420 470
420 471
421 422
421 470
421 471
421 472
422 423
422 471
422 472
422 473
423 424
423 472
423 473
423 474
424 425
424 473
424 474
424 475
425 426
425 474
425 475
426 427
426 475
426 476
427 428
427 476
427 477
428 476
428 477
429 430
429 478
430 431
430 478
430 479
431 432
431 479
431 480
432 433
432 479
432 480
432 481
433 480
433 481
434 435
435 436
436 437
436 482
437 438
437 482
437 483
438 439
438 482
438 483
439 440
439 483
439 484
440 441
440 484
440 485
441 484
441 485
442 486
442 487
443 444
443 488
443 489
443 490
444 445
444 489
444 490
445 446
445 490
445 491
446 447
446 491
447 448
447 491
447 492
448 449
448 492
449 450
449 492
449 493
450 451
450 493
450 494
451 452
451 493
451 494
451 495
452 453
452 494
452 495
453 454
453 495
453 496
454 496
455 456
455 497
455 498
456 498
457 458
457 499
458 459
458 499
458 500
459 460
459 500
459 501
460 461
460 500
460 501
460 502
461 501
461 502
462 463
462 503
462 504
463 464
463 503
463 504
463 505
464 504
464 505
464 506
465 466
465 506
465 507
466 467
466 507
467 507
468 469
468 508
469 470
469 508
469 509
470 471
470 508
470 509
470 510
471 472
471 509
471 510
471 511
472 473
472 510
472 511
472 512
473 474
473 511
473 512
473 513
474 475
474 512
474 513
474 514
475 513
475 514
475 515
476 477
476 515
476 516
476 517
477 516
477 517
477 518
478 518
478 519
478 520
479 480
479 520
479 521
479 522
480 481
480 521
480 522
480 523
481 522
481 523
482 483
482 526
482 527
483 526
483 527
484 485
484 528
485 528
485 529
486 487
486 529
486 530
486 531
487 488
487 530
487 531
487 532
488 489
488 531
488 532
489 490
489 532
490 533
491 533
491 534
491 535
492 535
492 536
493 494
493 537
493 538
494 495
494 537
494 538
494 539
495 538
495 539
495 540
496 540
496 541
496 542
497 498
497 542
497 543
498 543
498 544
499 545
499 546
499 547
500 501
500 547
500 548
500 549
501 502
501 548
501 549
501 550
502 549
502 550
502 551
503 504
503 551
503 552
503 553
504 505
504 552
504 553
504 554
505 506
505 553
505 554
505 555
506 554
506 555
507 556
508 509
508 557
508 558
508 559
509 510
509 558
509 559
509 560
510 511
510 559
510 560
510 561
511 512
511 560
511 561
511 562
512 513
512 561
512 562
512 563
513 514
513 562
513 563
513 564
514 515
514 563
514 564
514 565
515 516
515 564
515 565
516 517
516 565
516 566
517 518
517 566
517 567
518 519
518 566
518 567
519 520
519 567
519 568
520 521
520 568
520 569
521 522
521 568
521 569
521 570
522 523
522 569
522 570
523 570
524 525
524 571
524 572
525 571
525 572
525 573
526 527
526 573
526 574
526 575
527 574
527 575
527 576
528 529
528 577
528 578
528 579
529 530
529 578
529 579
530 531
530 579
530 580
531 532
531 580
531 581
532 580
532 581
532 582
533 534
533 583
533 584
534 535
534 584
534 585
535 536
535 584
535 585
535 586
536 585
536 586
536 587
537 538
537 587
537 588
538 539
538 588
538 589
539 540
539 589
539 590
540 541
540 589
540 590
540 591
541 542
541 590
541 591
541 592
542 591
542 592
542 593
543 544
543 593
543 594
544 545
544 594
544 595
545 546
545 595
545 596
546 547
546 595
546 596
546 597
547 548
547 596
547 597
547 598
548 549
548 597
548 598
549 550
549 598
549 599
550 551
550 599
550 600
551 552
551 599
551 600
551 601
552 553
552 600
552 601
552 602
553 554
553 601
553 602
553 603
554 555
554 602
554 603
554 604
555 603
555 604
555 605
556 605
556 606
557 558
557 607
557 608
558 559
558 608
558 609
559 560
559 609
559 610
560 561
560 609
560 610
560 611
561 562
561 610
561 611
561 612
562 563
562 611
562 612
563 564
563 612
563 613
564 565
564 613
564 614
565 613
565 614
565 615
566 567
566 615
566 616
567 616
567 617
568 569
568 617
568 618
569 570
569 618
569 619
570 619
570 620
571 572
571 621
571 622
572 573
572 621
572 622
572 623
573 574
573 622
573 623
573 624
574 575
574 623
574 624
575 576
575 624
575 625
576 577
576 625
576 626
577 578
577 625
577 626
577 627
578 579
578 626
578 627
578 628
579 627
579 628
579 629
580 581
580 629
580 630
580 631
581 582
581 630
581 631
581 632
582 583
582 631
582 632
582 633
583 632
583 633
584 585
584 634
585 586
585 634
585 635
586 587
586 634
586 635
586 636
587 588
587 635
587 636
587 637
588 636
588 637
588 638
589 590
589 638
589 639
590 591
590 639
590 640
591 592
591 639
591 640
591 641
592 593
592 640
592 641
592 642
593 594
593 641
593 642
594 642
594 643
595 596
595 643
595 644
596 597
596 644
596 645
597 598
597 645
597 646
598 645
598 646
598 647
599 600
599 647
599 648
600 601
600 648
600 649
601 602
601 648
601 649
601 650
602 603
602 649
602 650
603 604
603 650
603 651
604 605
604 651
604 652
605 606
605 651
605 652
605 653
606 652
606 653
606 654
607 608
607 654
608 655
609 610
609 655
609 656
609 657
610 611
610 656
610 657
610 658
611 612
611 657
611 658
611 659
612 658
612 659
612 660
613 614
613 660
613 661
614 615
614 661
614 662
615 662
615 663
616 617
616 663
616 664
616 665
617 618
617 664
617 665
617 666
618 665
618 666
618 667
619 620
619 667
619 668
619 669
620 668
620 669
621 622
621 670
621 671
622 623
622 670
622 671
622 672
623 624
623 671
623 672
623 673
624 672
624 673
624 674
625 626
625 674
625 675
625 676
626 627
626 675
626 676
626 677
627 628
627 676
627 677
627 678
628 629
628 677
628 678
628 679
629 630
629 678
629 679
629 680
630 631
630 679
630 680
631 632
631 680
631 681
632 633
632 681
632 682
633 681
633 682
634 635
634 683
634 684
634 685
635 636
635 684
635 685
635 686
636 637
636 685
636 686
636 687
637 638
637 686
637 687
637 688
638 687
638 688
638 689
639 640
639 689
639 690
640 641
640 690
640 691
641 642
641 690
641 691
641 692
642 691
642 692
642 693
643 644
643 693
643 694
643 695
644 694
644 695
644 696
645 646
645 696
645 697
646 647
646 697
646 698
647 698
647 699
648 649
648 699
648 700
649 650
649 700
649 701
650 700
650 701
650 702
651 652
651 702
651 703
651 704
652 653
652 703
652 704
652 705
653 654
653 704
653 705
653 706
654 705
654 706
654 707
655 656
655 708
655 709
655 710
656 657
656 709
656 710
656 711
657 658
657 710
657 711
658 659
658 711
658 712
659 660
659 712
659 713
660 661
660 712
660 713
660 714
661 713
661 714
661 715
662 663
662 715
662 716
663 664
663 716
663 717
664 665
664 716
664 717
664 718
665 666
665 717
665 718
665 719
666 667
666 718
666 719
666 720
667 668
667 719
667 720
667 721
668 669
668 720
668 721
668 722
669 721
669 722
670 671
670 723
670 724
671 672
671 723
671 724
672 673
672 724
672 725
673 674
673 725
673 726
674 675
674 725
674 726
674 727
675 676
675 726
675 727
675 728
676 677
676 727
676 728
677 678
677 728
677 729
678 679
678 729
679 680
679 729
680 730
681 682
681 730
681 731
682 731
682 732
683 684
683 732
683 733
684 685
684 733
684 734
685 686
685 733
685 734
685 735
686 687
686 734
686 735
686 736
687 688
687 735
687 736
687 737
688 689
688 736
688 737
688 738
689 737
689 738
689 739
690 691
690 739
690 740
691 692
691 740
691 741
692 693
692 740
692 741
693 694
693 741
694 695
695 696
696 697
697 742
698 699
698 742
698 743
698 744
699 743
699 744
699 745
700 701
700 745
700 746
701 702
701 746
701 747
702 703
702 746
702 747
702 748
703 704
703 747
703 748
703 749
704 705
704 748
704 749
704 750
705 706
705 749
705 750
705 751
706 707
706 750
706 751
706 752
707 708
707 751
707 752
707 753
708 709
708 752
708 753
708 754
709 710
709 753
709 754
709 755
710 711
710 754
710 755
710 756
711 755
711 756
711 757
712 713
712 757
712 758
712 759
713 714
713 758
713 759
713 760
714 715
714 759
714 760
715 760
715 761
716 717
716 761
716 762
717 718
717 762
717 763
718 719
718 762
718 763
718 764
719 720
719 763
719 764
720 721
720 764
720 765
721 722
721 765
721 766
722 765
722 766
723 724
723 767
723 768
724 767
724 768
725 726
725 769
725 770
726 727
726 769
726 770
726 771
727 728
727 770
727 771
727 772
728 771
728 772
728 773
729 773
729 774
729 775
730 731
731 776
732 776
732 777
732 778
733 734
733 778
733 779
733 780
734 735
734 779
734 780
734 781
735 736
735 780
735 781
735 782
736 737
736 781
736 782
736 783
737 738
737 782
737 783
738 739
738 783
738 784
739 784
739 785
740 741
740 785
740 786
740 787
741 786
741 787
741 788
742 743
742 792
742 793
743 744
743 793
743 794
744 745
744 793
744 794
744 795
745 794
745 795
746 747
746 796
747 748
747 796
747 797
748 749
748 796
748 797
749 750
749 797
749 798
750 751
750 798
750 799
751 752
751 798
751 799
751 800
752 753
752 799
752 800
752 801
753 754
753 800
753 801
754 755
754 801
754 802
755 756
755 802
755 803
756 757
756 802
756 803
756 804
757 758
757 803
757 804
758 759
758 804
758 805
759 760
759 805
759 806
760 805
760 806
760 807
761 807
761 808
762 763
762 808
762 809
762 810
763 764
763 809
763 810
763 811
764 810
764 811
764 812
765 766
765 812
767 768
767 813
768 813
768 814
769 770
769 814
769 815
769 816
770 771
770 815
770 816
770 817
771 772
771 816
771 817
772 773
772 817
773 774
773 818
774 775
774 818
774 819
775 818
775 819
775 820
776 777
776 821
776 822
776 823
777 778
777 822
777 823
777 824
778 779
778 823
778 824
778 825
779 780
779 824
779 825
779 826
780 781
780 825
780 826
780 827
781 782
781 826
781 827
781 828
782 783
782 827
782 828
782 829
783 828
783 829
784 785
784 830
784 831
785 786
785 830
785 831
785 832
786 787
786 831
786 832
787 788
787 832
787 833
788 789
788 833
788 834
789 790
789 833
789 834
790 791
790 834
791 792
791 835
792 835
792 836
793 794
793 836
793 837
793 838
794 795
794 837
794 838
794 839
795 838
795 839
796 797
796 840
796 841
797 840
797 841
797 842
798 799
798 842
798 843
799 800
799 843
799 844
800 801
800 844
800 845
801 844
801 845
801 846
802 803
802 846
802 847
803 804
803 847
803 848
804 847
804 848
804 849
805 806
805 849
806 807
806 850
807 850
807 851
808 809
808 851
808 852
809 810
809 852
810 811
811 812
812 853
813 814
813 855
813 856
813 857
814 815
814 856
814 857
814 858
815 816
815 857
815 858
815 859
816 817
816 858
816 859
817 859
817 860
818 819
818 861
819 820
819 861
819 862
820 862
820 863
821 822
821 863
822 823
822 864
823 824
823 864
823 865
824 825
824 864
824 865
824 866
825 826
825 865
825 866
825 867
826 827
826 866
826 867
826 868
827 828
827 867
827 868
827 869
828 829
828 868
828 869
829 869
829 870
830 831
830 870
830 871
830 872
831 832
831 871
831 872
831 873
832 872
832 873
832 874
833 834
833 874
833 875
833 876
834 875
834 876
834 877
835 836
835 878
835 879
836 837
836 879
836 880
837 838
837 880
837 881
838 839
838 880
838 881
838 882
839 881
839 882
839 883
840 841
840 884
840 885
841 842
841 884
841 885
841 886
842 843
842 885
842 886
842 887
843 886
843 887
843 888
844 845
844 888
844 889
844 890
845 846
845 889
845 890
845 891
846 890
846 891
846 892
847 848
847 892
847 893
848 849
848 893
848 894
849 894
849 895
850 851
850 896
850 897
850 898
851 852
851 897
851 898
852 898
852 899
853 854
853 902
854 902
855 856
855 903
855 904
856 857
856 903
856 904
856 905
857 858
857 904
857 905
857 906
858 859
858 905
858 906
859 906
859 907
860 907
860 908
861 909
862 863
862 910
863 910
864 865
864 911
864 912
864 913
865 866
865 912
865 913
865 914
866 867
866 913
866 914
866 915
867 868
867 914
867 915
868 869
868 915
870 871
870 916
870 917
871 872
871 916
871 917
871 918
872 873
872 917
872 918
872 919
873 874
873 918
873 919
874 875
874 919
874 920
875 876
875 920
875 921
876 877
876 920
876 921
876 922
877 878
877 921
877 922
877 923
878 879
878 922
878 923
878 924
879 923
879 924
879 925
880 881
880 925
880 926
880 927
881 882
881 926
881 927
881 928
882 883
882 927
882 928
883 928
883 929
884 885
884 929
884 930
884 931
885 886
885 930
885 931
885 932
886 887
886 931
886 932
886 933
887 888
887 932
887 933
887 934
888 889
888 933
888 934
888 935
889 890
889 934
889 935
889 936
890 891
890 935
890 936
890 937
891 892
891 936
891 937
891 938
892 893
892 937
892 938
893 938
893 939
894 895
894 939
894 940
894 941
895 896
895 940
895 941
896 897
896 941
896 942
897 898
897 942
897 943
898 942
898 943
898 944
899 900
899 944
899 945
899 946
900 901
900 945
900 946
900 947
901 946
901 947
902 948
902 949
903 904
904 905
904 950
905 906
905 950
905 951
906 950
906 951
907 908
907 952
907 953
908 952
908 953
909 954
910 955
910 956
911 912
911 957
911 958
912 913
912 958
912 959
913 914
913 959
913 960
914 915
914 959
914 960
914 961
915 960
915 961
915 962
916 917
916 964
916 965
917 918
917 965
917 966
918 919
918 965
918 966
918 967
919 966
919 967
920 921
920 968
920 969
921 922
921 968
921 969
921 970
922 923
922 969
922 970
923 924
923 970
923 971
924 925
924 971
924 972
925 926
925 971
925 972
925 973
926 927
926 972
926 973
926 974
927 928
927 973
927 974
927 975
928 974
928 975
928 976
929 930
929 976
929 977
929 978
930 931
930 977
930 978
930 979
931 932
931 978
931 979
931 980
932 933
932 979
932 980
933 934
933 980
933 981
934 935
934 981
934 982
935 936
935 981
935 982
935 983
936 937
936 982
936 983
936 984
937 938
937 983
937 984
937 985
938 984
938 985
938 986
939 940
939 986
939 987
940 941
940 987
940 988
941 988
941 989
942 943
942 989
942 990
942 991
943 944
943 990
943 991
943 992
944 945
944 991
944 992
944 993
945 946
945 992
945 993
945 994
946 947
946 993
946 994
946 995
947 994
947 995
947 996
948 949
948 996
948 997
949 997
950 951
950 998
950 999
950 1000
951 999
951 1000
951 1001
952 953
952 1001
952 1002
952 1003
953 1002
953 1003
953 1004
954 1004
954 1005
954 1006
955 956
955 1006
955 1007
956 957
956 1007
956 1008
957 958
957 1008
957 1009
958 1008
958 1009
958 1010
959 960
959 1010
959 1011
959 1012
960 961
960 1011
960 1012
961 962
961 1012
961 1013
962 963
962 1013
962 1014
963 964
963 1013
963 1014
963 1015
964 1014
964 1015
964 1016
965 966
965 1016
965 1017
965 1018
966 967
966 1017
966 1018
966 1019
967 1018
967 1019
967 1020
968 969
968 1020
968 1021
969 970
969 1021
969 1022
970 1022
970 1023
971 972
971 1023
971 1024
972 973
972 1024
972 1025
973 974
973 1024
973 1025
973 1026
974 975
974 1025
974 1026
974 1027
975 976
975 1026
975 1027
975 1028
976 977
976 1027
976 1028
977 978
977 1028
978 979
978 1029
979 980
979 1029
979 1030
980 1029
980 1030
980 1031
981 982
981 1031
981 1032
981 1033
982 983
982 1032
982 1033
982 1034
983 984
983 1033
983 1034
983 1035
984 985
984 1034
984 1035
984 1036
985 986
985 1035
985 1036
985 1037
986 987
986 1036
986 1037
986 1038
987 1037
987 1038
987 1039
988 989
988 1039
988 1040
988 1041
989 990
989 1040
989 1041
990 991
990 1041
991 992
991 1042
992 993
992 1042
992 1043
993 994
993 1042
993 1043
993 1044
994 995
994 1043
994 1044
994 1045
995 996
995 1044
995 1045
995 1046
996 997
996 1045
996 1046
996 1047
997 1046
997 1047
997 1048
998 999
998 1049
998 1050
998 1051
999 1000
999 1050
999 1051
999 1052
1000 1001
1000 1051
1000 1052
1000 1053
1001 1002
1001 1052
1001 1053
1001 1054
1002 1003
1002 1053
1002 1054
1002 1055
1003 1004
1003 1054
1003 1055
1003 1056
1004 1005
1004 1055
1004 1056
1004 1057
1005 1006
1005 1056
1005 1057
1005 1058
1006 1007
1006 1057
1006 1058
1006 1059
1007 1058
1007 1059
1008 1009
1008 1060
1008 1061
1009 1010
1009 1060
1009 1061
1010 1011
1010 1061
1010 1062
1011 1012
1011 1062
1011 1063
1012 1062
1012 1063
1013 1014
1013 1064
1013 1065
1014 1015
1014 1064
1014 1065
1015 1016
1015 1065
1015 1066
1016 1017
1016 1066
1016 1067
1017 1018
1017 1066
1017 1067
1017 1068
1018 1019
1018 1067
1018 1068
1018 1069
1019 1020
1019 1068
1019 1069
1019 1070
1020 1021
1020 1069
1020 1070
1020 1071
1021 1070
1021 1071
1021 1072
1022 1023
1022 1072
1022 1073
1022 1074
1023 1073
1023 1074
1023 1075
1024 1025
1024 1075
1024 1076
1025 1026
1025 1076
1025 1077
1026 1027
1026 1077
1026 1078
1027 1028
1027 1077
1027 1078
1027 1079
1028 1078
1028 1079
1028 1080
1029 1030
1029 1081
1029 1082
1030 1031
1030 1081
1030 1082
1030 1083
1031 1032
1031 1082
1031 1083
1032 1033
1032 1083
1032 1084
1033 1034
1033 1084
1033 1085
1034 1035
1034 1084
1034 1085
1034 1086
1035 1036
1035 1085
1035 1086
1035 1087
1036 1037
1036 1086
1036 1087
1036 1088
1037 1038
1037 1087
1037 1088
1037 1089
1038 1039
1038 1088
1038 1089
1038 1090
1039 1040
1039 1089
1039 1090
1039 1091
1040 1041
1040 1090
1040 1091
1040 1092
1041 1091
1041 1092
1042 1043
1042 1093
1042 1094
1042 1095
1043 1044
1043 1094
1043 1095
1043 1096
1044 1045
1044 1095
1044 1096
1044 1097
1045 1046
1045 1096
1045 1097
1045 1098
1046 1047
1046 1097
1046 1098
1046 1099
1047 1048
1047 1098
1047 1099
1047 1100
1048 1099
1048 1100
1049 1050
1049 1101
1049 1102
1050 1051
1050 1101
1050 1102
1050 1103
1051 1052
1051 1102
1051 1103
1052 1053
1052 1103
1052 1104
1053 1054
1053 1104
1053 1105
1054 1055
1054 1104
1054 1105
1055 1056
1055 1105
1055 1106
1056 1057
1056 1106
1056 1107
1057 1058
1057 1106
1057 1107
1057 1108
1058 1059
1058 1107
1058 1108
1058 1109
1059 1108
1059 1109
1059 1110
1060 1061
1060 1110
1060 1111
1061 1111
1062 1063
1062 1112
1062 1113
1063 1112
1063 1113
1063 1114
1064 1065
1064 1114
1064 1115
1065 1115
1065 1116
1066 1067
1066 1116
1066 1117
1066 1118
1067 1068
1067 1117
1067 1118
1067 1119
1068 1069
1068 1118
1068 1119
1069 1070
1069 1119
1069 1120
1070 1071
1070 1120
1070 1121
1071 1072
1071 1120
1071 1121
1071 1122
1072 1073
1072 1121
1072 1122
1072 1123
1073 1074
1073 1122
1073 1123
1073 1124
1074 1075
1074 1123
1074 1124
1075 1076
1075 1124
1075 1125
1076 1125
1076 1126
1077 1078
1077 1126
1077 1127
1077 1128
1078 1079
1078 1127
1078 1128
1078 1129
1079 1080
1079 1128
1079 1129
1079 1130
1080 1129
1080 1130
1080 1131
1081 1082
1081 1131
1081 1132
1081 1133
1082 1083
1082 1132
1082 1133
1083 1133
1083 1134
1084 1085
1084 1134
1084 1135
1084 1136
1085 1086
1085 1135
1085 1136
1085 1137
1086 1087
1086 1136
1086 1137
1086 1138
1087 1088
1087 1137
1087 1138
1088 1089
1088 1138
1088 1139
1089 1090
1089 1139
1089 1140
1090 1091
1090 1139
1090 1140
1090 1141
1091 1092
1091 1140
1091 1141
1092 1141
1092 1142
1093 1094
1093 1142
1093 1143
1093 1144
1094 1095
1094 1143
1094 1144
1095 1096
1095 1144
1095 1145
1096 1097
1096 1145
1096 1146
1097 1098
1097 1145
1097 1146
1098 1099
1098 1146
1098 1147
1099 1100
1099 1147
1099 1148
1100 1147
1100 1148
1101 1102
1101 1149
1101 1150
1102 1103
1102 1149
1102 1150
1102 1151
1103 1150
1103 1151
1103 1152
1104 1105
1104 1152
1104 1153
1105 1153
1105 1154
1106 1107
1106 1154
1106 1155
1107 1108
1107 1155
1107 1156
1108 1109
1108 1156
1109 1110
1109 1156
1109 1157
1110 1157
1110 1158
1111 1158
1111 1159
1111 1160
1112 1113
1112 1160
1112 1161
1113 1114
1113 1161
1114 1161
1114 1162
1115 1116
1115 1162
1115 1163
1116 1117
1116 1163
1116 1164
1117 1118
1117 1163
1117 1164
1117 1165
1118 1119
1118 1164
1118 1165
1118 1166
1119 1165
1119 1166
1119 1167
1120 1121
1120 1167
1120 1168
1120 1169
1121 1122
1121 1168
1121 1169
1121 1170
1122 1123
1122 1169
1122 1170
1122 1171
1123 1124
1123 1170
1123 1171
1123 1172
1124 1171
1124 1172
1124 1173
1125 1126
1125 1173
1125 1174
1125 1175
1126 1127
1126 1174
1126 1175
1126 1176
1127 1128
1127 1175
1127 1176
1128 1129
1128 1176
1129 1130
1130 1131
1130 1177
1131 1132
1131 1177
1131 1178
1132 1133
1132 1177
1132 1178
1132 1179
1133 1178
1133 1179
1133 1180
1134 1135
1134 1180
1134 1181
1134 1182
1135 1136
1135 1181
1135 1182
1135 1183
1136 1137
1136 1182
1136 1183
1136 1184
1137 1138
1137 1183
1137 1184
1137 1185
1138 1184
1138 1185
1138 1186
1139 1140
1139 1186
1139 1187
1140 1141
1140 1187
1142 1143
1142 1188
1143 1144
1143 1188
1143 1189
1144 1189
1144 1190
1145 1146
1145 1190
1145 1191
1145 1192
1146 1191
1146 1192
1146 1193
1147 1148
1147 1193
1147 1194
1147 1195
1148 1194
1148 1195
1149 1150
1149 1196
1149 1197
1150 1151
1150 1196
1150 1197
1150 1198
1151 1152
1151 1197
1151 1198
1151 1199
1152 1153
1152 1198
1152 1199
1153 1199
1153 1200
1154 1155
1154 1200
1154 1201
1154 1202
1155 1201
1155 1202
1156 1203
1156 1204
1157 1158
1157 1204
1157 1205
1157 1206
1158 1159
1158 1205
1158 1206
1158 1207
1159 1160
1159 1206
1159 1207
1159 1208
1160 1207
1160 1208
1161 1209
1162 1209
1162 1210
1162 1211
1163 1164
1163 1211
1163 1212
1163 1213
1164 1165
1164 1212
1164 1213
1164 1214
1165 1166
1165 1213
1165 1214
1165 1215
1166 1167
1166 1214
1166 1215
1166 1216
1167 1168
1167 1215
1167 1216
1167 1217
1168 1169
1168 1216
1168 1217
1168 1218
1169 1170
1169 1217
1169 1218
1169 1219
1170 1171
1170 1218
1170 1219
1170 1220
1171 1172
1171 1219
1171 1220
1171 1221
1172 1173
1172 1220
1172 1221
1173 1174
1173 1221
1173 1222
1174 1175
1174 1222
1174 1223
1175 1176
1175 1222
1175 1223
1175 1224
1176 1223
1176 1224
1176 1225
1177 1178
1177 1227
1177 1228
1178 1179
1178 1228
1178 1229
1179 1180
1179 1229
1179 1230
1180 1181
1180 1229
1180 1230
1181 1182
1181 1230
1182 1183
1183 1184
1183 1231
1184 1185
1184 1231
1184 1232
1185 1186
1185 1231
1185 1232
1185 1233
1186 1187
1186 1232
1186 1233
1186 1234
1187 1233
1187 1234
1187 1235
1188 1237
1188 1238
1188 1239
1189 1190
1189 1239
1189 1240
1189 1241
1190 1191
1190 1240
1190 1241
1190 1242
1191 1192
1191 1241
1191 1242
1191 1243
1192 1193
1192 1242
1192 1243
1193 1194
1193 1243
1193 1244
1194 1195
1194 1244
1195 1244
1196 1197
1196 1245
1196 1246
1197 1198
1197 1245
1197 1246
1197 1247
1198 1199
1198 1246
1198 1247
1199 1247
1199 1248
1200 1201
1200 1248
1200 1249
1200 1250
1201 1202
1201 1249
1201 1250
1202 1250
1203 1204
1204 1205
1204 1251
1205 1206
1205 1251
1205 1252
1206 1207
1206 1251
1206 1252
1206 1253
1207 1208
1207 1252
1207 1253
1208 1253
1209 1210
1209 1254
1209 1255
1210 1211
1210 1254
1210 1255
1210 1256
1211 1212
1211 1255
1211 1256
1212 1213
1212 1256
1212 1257
1213 1214
1213 1257
1213 1258
1214 1215
1214 1257
1214 1258
1215 1216
1215 1258
1215 1259
1216 1217
1216 1259
1216 1260
1217 1218
1217 1259
1217 1260
1217 1261
1218 1219
1218 1260
1218 1261
1218 1262
1219 1220
1219 1261
1219 1262
1219 1263
1220 1221
1220 1262
1220 1263
1220 1264
1221 1263
1221 1264
1221 1265
1222 1223
1222 1265
1222 1266
1222 1267
1223 1224
1223 1266
1223 1267
1223 1268
1224 1225
1224 1267
1224 1268
1224 1269
1225 1226
1225 1268
1225 1269
1226 1227
1226 1269
1226 1270
1227 1228
1227 1270
1227 1271
1228 1270
1228 1271
1228 1272
1229 1230
1229 1272
1229 1273
1230 1273
1231 1232
1231 1275
1231 1276
1232 1233
1232 1276
1232 1277
1233 1234
1233 1277
1234 1235
1234 1277
1234 1278
1235 1236
1235 1278
1235 1279
1236 1237
1236 1278
1236 1279
1236 1280
1237 1238
1237 1279
1237 1280
1237 1281
1238 1239
1238 1280
1238 1281
1238 1282
1239 1240
1239 1281
1239 1282
1239 1283
1240 1241
1240 1282
1240 1283
1240 1284
1241 1242
1241 1283
1241 1284
1241 1285
1242 1243
1242 1284
1242 1285
1243 1285
1244 1286
1244 1287
1245 1246
1245 1288
1246 1247
1246 1288
1246 1289
1247 1289
1247 1290
1248 1249
1248 1290
1248 1291
1249 1250
1249 1291
1249 1292
1250 1291
1250 1292
1251 1252
1251 1295
1251 1296
1252 1253
1252 1296
1252 1297
1253 1297
1254 1255
1255 1256
1255 1299
1256 1299
1256 1300
1257 1258
1257 1300
1257 1301
1257 1302
1258 1301
1258 1302
1259 1260
1259 1303
1260 1261
1260 1303
1260 1304
1261 1262
1261 1304
1262 1263
1262 1304
1262 1305
1263 1264
1263 1305
1264 1265
1264 1305
1264 1306
1265 1266
1265 1306
1266 1267
1266 1306
1266 1307
1267 1268
1267 1307
1268 1269
1268 1307
1268 1308
1269 1308
1269 1309
1270 1271
1270 1309
1270 1310
1270 1311
1271 1272
1271 1310
1271 1311
1272 1273
1272 1311
1272 1312
1273 1312
1273 1313
1274 1275
1274 1314
1274 1315
1274 1316
1275 1276
1275 1315
1275 1316
1275 1317
1276 1316
1276 1317
1277 1318
1278 1279
1278 1319
1278 1320
1279 1280
1279 1319
1279 1320
1279 1321
1280 1281
1280 1320
1280 1321
1280 1322
1281 1282
1281 1321
1281 1322
1281 1323
1282 1283
1282 1322
1282 1323
1283 1284
1283 1323
1283 1324
1284 1285
1284 1324
1284 1325
1285 1324
1285 1325
1285 1326
1286 1287
1286 1327
1286 1328
1286 1329
1287 1328
1287 1329
1288 1330
1288 1331
1289 1290
1289 1331
1289 1332
1290 1332
1290 1333
1291 1292
1291 1333
1291 1334
1291 1335
1292 1334
1292 1335
1293 1294
1293 1336
1293 1337
1294 1295
1294 1336
1294 1337
1294 1338
1295 1296
1295 1337
1295 1338
1296 1338
1297 1339
1297 1340
1298 1340
1298 1341
1298 1342
1299 1300
1299 1344
1299 1345
1299 1346
1300 1301
1300 1345
1300 1346
1300 1347
1301 1302
1301 1346
1301 1347
1301 1348
1302 1347
1302 1348
1302 1349
1303 1349
1303 1350
1304 1351
1304 1352
1305 1352
1305 1353
1305 1354
1306 1354
1306 1355
1307 1356
1307 1357
1308 1309
1308 1357
1308 1358
1309 1310
1309 1358
1310 1311
1310 1358
1311 1359
1312 1313
1312 1359
1312 1360
1312 1361
1313 1314
1313 1360
1313 1361
1313 1362
1314 1315
1314 1361
1314 1362
1314 1363
1315 1316
1315 1362
1315 1363
1315 1364
1316 1317
1316 1363
1316 1364
1316 1365
1317 1364
1317 1365
1317 1366
1318 1366
1318 1367
1318 1368
1319 1320
1319 1368
1319 1369
1319 1370
1320 1321
1320 1369
1320 1370
1320 1371
1321 1322
1321 1370
1321 1371
1321 1372
1322 1323
1322 1371
1322 1372
1322 1373
1323 1372
1323 1373
1323 1374
1324 1325
1324 1374
1324 1375
1324 1376
1325 1326
1325 1375
1325 1376
1325 1377
1326 1327
1326 1376
1326 1377
1326 1378
1327 1328
1327 1377
1327 1378
1327 1379
1328 1329
1328 1378
1328 1379
1328 1380
1329 1379
1329 1380
1330 1331
1330 1381
1331 1381
1331 1382
1332 1333
1332 1382
1332 1383
1333 1334
1333 1383
1333 1384
1334 1335
1334 1384
1334 1385
1335 1384
1335 1385
1335 1386
1336 1337
1336 1386
1336 1387
1336 1388
1337 1338
1337 1387
1337 1388
1337 1389
1338 1388
1338 1389
1338 1390
1339 1340
1339 1391
1339 1392
1339 1393
1340 1341
1340 1392
1340 1393
1341 1342
1341 1393
1342 1343
1342 1394
1343 1344
1343 1394
1343 1395
1344 1345
1344 1394
1344 1395
1344 1396
1345 1346
1345 1395
1345 1396
1345 1397
1346 1347
1346 1396
1346 1397
1346 1398
1347 1348
1347 1397
1347 1398
1348 1349
1348 1398
1348 1399
1349 1350
1349 1399
1349 1400
1350 1399
1350 1400
1350 1401
1351 1352
1351 1401
1351 1402
1352 1353
1352 1402
1352 1403
1353 1354
1353 1403
1354 1355
1354 1403
1355 1404
1356 1357
1356 1404
1357 1405
1358 1405
1358 1406
1359 1360
1359 1407
1360 1361
1360 1407
1361 1362
1361 1407
1362 1363
1362 1408
1363 1364
1363 1408
1363 1409
1364 1365
1364 1408
1364 1409
1364 1410
1365 1366
1365 1409
1365 1410
1365 1411
1366 1367
1366 1410
1366 1411
1366 1412
1367 1368
1367 1411
1367 1412
1367 1413
1368 1369
1368 1412
1368 1413
1368 1414
1369 1370
1369 1413
1369 1414
1369 1415
1370 1371
1370 1414
1370 1415
1370 1416
1371 1372
1371 1415
1371 1416
1371 1417
1372 1373
1372 1416
1372 1417
1372 1418
1373 1374
1373 1417
1373 1418
1373 1419
1374 1375
1374 1418
1374 1419
1375 1376
1375 1419
1375 1420
1376 1377
1376 1420
1376 1421
1377 1378
1377 1420
1377 1421
1377 1422
1378 1379
1378 1421
1378 1422
1378 1423
1379 1380
1379 1422
1379 1423
1379 1424
1380 1423
1380 1424
1381 1425
1381 1426
1382 1383
1382 1426
1382 1427
1383 1427
1383 1428
1384 1385
1384 1428
1384 1429
1384 1430
1385 1386
1385 1429
1385 1430
1385 1431
1386 1387
1386 1430
1386 1431
1386 1432
1387 1388
1387 1431
1387 1432
1387 1433
1388 1389
1388 1432
1388 1433
1388 1434
1389 1390
1389 1433
1389 1434
1389 1435
1390 1391
1390 1434
1390 1435
1390 1436
1391 1392
1391 1435
1391 1436
1392 1393
1392 1436
1392 1437
1393 1437
1393 1438
1394 1395
1394 1439
1394 1440
1394 1441
1395 1396
1395 1440
1395 1441
1395 1442
1396 1397
1396 1441
1396 1442
1397 1398
1397 1442
1397 1443
1398 1443
1398 1444
1399 1400
1399 1444
1399 1445
1400 1401
1400 1445
1400 1446
1401 1402
1401 1445
1401 1446
1401 1447
1402 1446
1402 1447
1402 1448
1403 1448
1403 1449
1403 1450
1404 1451
1404 1452
1404 1453
1405 1454
1405 1455
1405 1456
1406 1456
1406 1457
1406 1458
1407 1459
1407 1460
1408 1409
1408 1461
1408 1462
1409 1410
1409 1462
1409 1463
1410 1411
1410 1463
1410 1464
1411 1412
1411 1463
1411 1464
1411 1465
1412 1413
1412 1464
1412 1465
1412 1466
1413 1414
1413 1465
1413 1466
1413 1467
1414 1415
1414 1466
1414 1467
1415 1416
1415 1467
1415 1468
1416 1417
1416 1468
1416 1469
1417 1418
1417 1468
1417 1469
1417 1470
1418 1419
1418 1469
1418 1470
1418 1471
1419 1470
1419 1471
1419 1472
1420 1421
1420 1472
1420 1473
1421 1422
1421 1473
1421 1474
1422 1423
1422 1473
1422 1474
1422 1475
1423 1424
1423 1474
1423 1475
1423 1476
1424 1475
1424 1476
1425 1426
1425 1477
1425 1478
1426 1427
1426 1477
1426 1478
1426 1479
1427 1478
1427 1479
1427 1480
1428 1429
1428 1480
1428 1481
1428 1482
1429 1430
1429 1481
1429 1482
1429 1483
1430 1431
1430 1482
1430 1483
1430 1484
1431 1432
1431 1483
1431 1484
1431 1485
1432 1433
1432 1484
1432 1485
1433 1434
1433 1485
1434 1435
1434 1486
1435 1436
1435 1486
1435 1487
1436 1486
1436 1487
1436 1488
1437 1438
1437 1488
1437 1489
1437 1490
1438 1439
1438 1489
1438 1490
1438 1491
1439 1440
1439 1490
1439 1491
1439 1492
1440 1441
1440 1491
1440 1492
1440 1493
1441 1442
1441 1492
1441 1493
1442 1493
1442 1494
1443 1444
1443 1494
1443 1495
1443 1496
1444 1495
1444 1496
1444 1497
1445 1446
1445 1497
1445 1498
1446 1447
1446 1498
1446 1499
1447 1448
1447 1499
1447 1500
1448 1449
1448 1499
1448 1500
1449 1450
1449 1500
1449 1501
1450 1451
1450 1501
1450 1502
1451 1452
1451 1501
1451 1502
1451 1503
1452 1453
1452 1502
1452 1503
1452 1504
1453 1454
1453 1503
1453 1504
1453 1505
1454 1455
1454 1504
1454 1505
1455 1456
1455 1505
1455 1506
1456 1457
1456 1506
1456 1507
1457 1458
1457 1506
1457 1507
1457 1508
1458 1459
1458 1507
1458 1508
1458 1509
1459 1508
1459 1509
1459 1510
1460 1461
1460 1510
1460 1511
1460 1512
1461 1462
1461 1511
1461 1512
1461 1513
1462 1512
1462 1513
1462 1514
1463 1464
1463 1514
1463 1515
1463 1516
1464 1465
1464 1515
1464 1516
1465 1466
1465 1516
1465 1517
1466 1467
1466 1517
1466 1518
1467 1517
1467 1518
1467 1519
1468 1469
1468 1519
1468 1520
1468 1521
1469 1470
1469 1520
1469 1521
1470 1471
1470 1521
1470 1522
1471 1472
1471 1522
1471 1523
1472 1522
1472 1523
1472 1524
1473 1474
1473 1524
1473 1525
1473 1526
1474 1475
1474 1525
1474 1526
1474 1527
1475 1476
1475 1526
1475 1527
1475 1528
1476 1527
1476 1528
1477 1478
1477 1529
1477 1530
1478 1479
1478 1529
1478 1530
1478 1531
1479 1480
1479 1530
1479 1531
1479 1532
1480 1481
1480 1531
1480 1532
1480 1533
1481 1482
1481 1532
1481 1533
1481 1534
1482 1483
1482 1533
1482 1534
1482 1535
1483 1484
1483 1534
1483 1535
1484 1485
1484 1535
1485 1536
1486 1487
1486 1537
1486 1538
1486 1539
1487 1488
1487 1538
1487 1539
1487 1540
1488 1489
1488 1539
1488 1540
1488 1541
1489 1490
1489 1540
1489 1541
1489 1542
1490 1491
1490 1541
1490 1542
1490 1543
1491 1492
1491 1542
1491 1543
1491 1544
1492 1493
1492 1543
1492 1544
1492 1545
1493 1544
1493 1545
1493 1546
1494 1495
1494 1546
1494 1547
1495 1496
1495 1547
1495 1548
1496 1497
1496 1547
1496 1548
1496 1549
1497 1498
1497 1548
1497 1549
1497 1550
1498 1549
1498 1550
1498 1551
1499 1500
1499 1551
1499 1552
1499 1553
1500 1552
1500 1553
1500 1554
1501 1502
1501 1554
1501 1555
1501 1556
1502 1503
1502 1555
1502 1556
1502 1557
1503 1504
1503 1556
1503 1557
1503 1558
1504 1505
1504 1557
1504 1558
1504 1559
1505 1558
1505 1559
1505 1560
1506 1507
1506 1560
1506 1561
1507 1508
1507 1561
1508 1509
1508 1562
1509 1510
1509 1562
1509 1563
1510 1511
1510 1562
1510 1563
1510 1564
1511 1512
1511 1563
1511 1564
1511 1565
1512 1513
1512 1564
1512 1565
1512 1566
1513 1514
1513 1565
1513 1566
1514 1515
1514 1566
1514 1567
1515 1516
1515 1567
1516 1567
1516 1568
1517 1518
1517 1568
1517 1569
1517 1570
1518 1519
1518 1569
1518 1570
1519 1520
1519 1570
1519 1571
1520 1521
1520 1571
1521 1571
1521 1572
1522 1523
1522 1572
1522 1573
1523 1524
1523 1573
1523 1574
1524 1525
1524 1573
1524 1574
1525 1526
1525 1574
1525 1575
1526 1527
1526 1575
1526 1576
1527 1528
1527 1575
1527 1576
1528 1576
1529 1530
1529 1577
1529 1578
1530 1531
1530 1577
1530 1578
1530 1579
1531 1532
1531 1578
1531 1579
1532 1533
1532 1579
1532 1580
1533 1534
1533 1580
1533 1581
1534 1535
1534 1580
1534 1581
1534 1582
1535 1581
1535 1582
1536 1537
1536 1583
1536 1584
1537 1538
1537 1584
1538 1539
1538 1585
1539 1540
1539 1585
1539 1586
1540 1541
1540 1585
1540 1586
1540 1587
1541 1542
1541 1586
1541 1587
1541 1588
1542 1543
1542 1587
1542 1588
1543 1544
1543 1588
1543 1589
1544 1545
1544 1589
1544 1590
1545 1546
1545 1589
1545 1590
1546 1590
1547 1548
1547 1591
1547 1592
1548 1549
1548 1591
1548 1592
1548 1593
1549 1550
1549 1592
1549 1593
1549 1594
1550 1551
1550 1593
1550 1594
1550 1595
1551 1552
1551 1594
1551 1595
1551 1596
1552 1553
1552 1595
1552 1596
1552 1597
1553 1554
1553 1596
1553 1597
1554 1555
1554 1597
1554 1598
1555 1556
1555 1598
1556 1557
1556 1598
1556 1599
1557 1558
1557 1599
1557 1600
1558 1559
1558 1599
1558 1600
1558 1601
1559 1560
1559 1600
1559 1601
1559 1602
1560 1561
1560 1601
1560 1602
1560 1603
1561 1602
1561 1603
1561 1604
1562 1563
1562 1605
1562 1606
1563 1564
1563 1605
1563 1606
1563 1607
1564 1565
1564 1606
1564 1607
1565 1566
1565 1607
1565 1608
1566 1608
1566 1609
1567 1609
1567 1610
1567 1611
1568 1569
1568 1611
1569 1570
1569 1612
1570 1612
1570 1613
1571 1613
1571 1614
1572 1615
1573 1574
1573 1615
1573 1616
1573 1617
1574 1616
1574 1617
1575 1576
1575 1618
1575 1619
1576 1618
1576 1619
1576 1620
1577 1578
1577 1621
1578 1579
1578 1621
1578 1622
1579 1621
1579 1622
1580 1581
1580 1623
1580 1624
1581 1582
1581 1623
1581 1624
1581 1625
1582 1624
1582 1625
1583 1584
1583 1626
1583 1627
1584 1626
1584 1627
1584 1628
1585 1586
1585 1629
1585 1630
1586 1587
1586 1630
1586 1631
1587 1588
1587 1631
1587 1632
1588 1631
1588 1632
1589 1590
1589 1633
1590 1633
1590 1634
1591 1592
1591 1635
1591 1636
1591 1637
1592 1593
1592 1636
1592 1637
1592 1638
1593 1594
1593 1637
1593 1638
1593 1639
1594 1595
1594 1638
1594 1639
1594 1640
1595 1596
1595 1639
1595 1640
1595 1641
1596 1597
1596 1640
1596 1641
1597 1641
1597 1642
1598 1642
1598 1643
1599 1600
1599 1643
1599 1644
1599 1645
1600 1601
1600 1644
1600 1645
1600 1646
1601 1602
1601 1645
1601 1646
1601 1647
1602 1603
1602 1646
1602 1647
1602 1648
1603 1604
1603 1647
1603 1648
1603 1649
1604 1648
1604 1649
1605 1606
1605 1650
1605 1651
1606 1607
1606 1650
1606 1651
1607 1651
1608 1609
1608 1652
1609 1610
1609 1652
1609 1653
1610 1611
1610 1653
1611 1653
1611 1654
1612 1613
1612 1655
1612 1656
1612 1657
1613 1614
1613 1656
1613 1657
1613 1658
1614 1657
1614 1658
1614 1659
1615 1616
1615 1660
1615 1661
1615 1662
1616 1617
1616 1661
1616 1662
1616 1663
1617 1662
1617 1663
1617 1664
1618 1619
1618 1664
1619 1620
1621 1622
1621 1665
1621 1666
1621 1667
1622 1666
1622 1667
1622 1668
1623 1624
1623 1668
1624 1625
1624 1669
1625 1669
1625 1670
1626 1627
1626 1670
1626 1671
1626 1672
1627 1628
1627 1671
1627 1672
1628 1629
1628 1672
1628 1673
1629 1630
1629 1673
1630 1673
1631 1632
1631 1674
1631 1675
1632 1674
1632 1675
1632 1676
1633 1634
1633 1677
1633 1678
1633 1679
1634 1635
1634 1678
1634 1679
1634 1680
1635 1636
1635 1679
1635 1680
1636 1637
1636 1680
1636 1681
1637 1638
1637 1681
1637 1682
1638 1639
1638 1681
1638 1682
1639 1640
1639 1682
1639 1683
1640 1641
1640 1683
1640 1684
1641 1683
1641 1684
1641 1685
1642 1685
1642 1686
1642 1687
1643 1644
1643 1687
1643 1688
1643 1689
1644 1645
1644 1688
1644 1689
1644 1690
1645 1646
1645 1689
1645 1690
1646 1647
1646 1690
1646 1691
1647 1648
1647 1691
1648 1649
1648 1691
1648 1692
1649 1692
1649 1693
1650 1651
1650 1693
1650 1694
1651 1694
1651 1695
1652 1696
1652 1697
1652 1698
1653 1698
1653 1699
1653 1700
1654 1655
1654 1700
1654 1701
1654 1702
1655 1656
1655 1701
1655 1702
1655 1703
1656 1657
1656 1702
1656 1703
1656 1704
1657 1658
1657 1703
1657 1704
1657 1705
1658 1659
1658 1704
1658 1705
1659 1660
1659 1705
1659 1706
1660 1661
1660 1706
1660 1707
1661 1662
1661 1706
1661 1707
1661 1708
1662 1663
1662 1707
1662 1708
1662 1709
1663 1664
1663 1708
1663 1709
1663 1710
1664 1709
1664 1710
1664 1711
1665 1666
1665 1713
1665 1714
1666 1667
1666 1713
1666 1714
1666 1715
1667 1668
1667 1714
1667 1715
1667 1716
1668 1715
1668 1716
1668 1717
1669 1670
1669 1718
1669 1719
1669 1720
1670 1671
1670 1719
1670 1720
1670 1721
1671 1672
1671 1720
1671 1721
1671 1722
1672 1721
1672 1722
1672 1723
1673 1723
1673 1724
1673 1725
1674 1675
1674 1726
1674 1727
1675 1676
1675 1727
1675 1728
1676 1677
1676 1727
1676 1728
1677 1678
1677 1728
1677 1729
1678 1679
1678 1729
1678 1730
1679 1680
1679 1729
1679 1730
1679 1731
1680 1730
1680 1731
1680 1732
1681 1682
1681 1732
1681 1733
1682 1733
1682 1734
1683 1684
1683 1734
1683 1735
1683 1736
1684 1685
1684 1735
1684 1736
1684 1737
1685 1686
1685 1736
1685 1737
1685 1738
1686 1687
1686 1737
1686 1738
1686 1739
1687 1688
1687 1738
1687 1739
1687 1740
1688 1689
1688 1739
1688 1740
1688 1741
1689 1690
1689 1740
1689 1741
1689 1742
1690 1741
1690 1742
1690 1743
1691 1743
1691 1744
1691 1745
1692 1693
1692 1745
1692 1746
1692 1747
1693 1746
1693 1747
1694 1695
1694 1748
1695 1696
1695 1748
1695 1749
1696 1697
1696 1748
1696 1749
1697 1698
1697 1749
1698 1699
1698 1750
1699 1700
1699 1750
1699 1751
1700 1701
1700 1750
1700 1751
1700 1752
1701 1702
1701 1751
1701 1752
1701 1753
1702 1703
1702 1752
1702 1753
1702 1754
1703 1704
1703 1753
1703 1754
1704 1705
1704 1754
1704 1755
1705 1755
1705 1756
1706 1707
1706 1756
1706 1757
1706 1758
1707 1708
1707 1757
1707 1758
1708 1709
1708 1758
1708 1759
1709 1710
1709 1759
1709 1760
1710 1711
1710 1759
1710 1760
1710 1761
1711 1760
1711 1761
1711 1762
1712 1762
1712 1763
1713 1714
1713 1764
1713 1765
1714 1715
1714 1764
1714 1765
1714 1766
1715 1716
1715 1765
1715 1766
1715 1767
1716 1717
1716 1766
1716 1767
1716 1768
1717 1718
1717 1767
1717 1768
1717 1769
1718 1719
1718 1768
1718 1769
1718 1770
1719 1720
1719 1769
1719 1770
1720 1721
1720 1770
1721 1722
1721 1771
1722 1723
1722 1771
1722 1772
1723 1724
1723 1771
1723 1772
1723 1773
1724 1725
1724 1772
1724 1773
1724 1774
1725 1726
1725 1773
1725 1774
1725 1775
1726 1774
1726 1775
1726 1776
1727 1728
1727 1776
1727 1777
1727 1778
1728 1777
1728 1778
1728 1779
1729 1730
1729 1779
1729 1780
1729 1781
1730 1731
1730 1780
1730 1781
1730 1782
1731 1732
1731 1781
1731 1782
1731 1783
1732 1782
1732 1783
1732 1784
1733 1734
1733 1784
1733 1785
1734 1735
1734 1785
1734 1786
1735 1736
1735 1786
1735 1787
1736 1737
1736 1786
1736 1787
1737 1738
1737 1787
1737 1788
1738 1739
1738 1788
1738 1789
1739 1740
1739 1788
1739 1789
1739 1790
1740 1741
1740 1789
1740 1790
1740 1791
1741 1742
1741 1790
1741 1791
1741 1792
1742 1743
1742 1791
1742 1792
1742 1793
1743 1744
1743 1792
1743 1793
1743 1794
1744 1745
1744 1793
1744 1794
1744 1795
1745 1746
1745 1794
1745 1795
1746 1747
1746 1795
1746 1796
1747 1796
1748 1749
1748 1797
1748 1798
1748 1799
1749 1798
1749 1799
1749 1800
1750 1751
1750 1801
1750 1802
1750 1803
1751 1752
1751 1802
1751 1803
1752 1753
1752 1803
1753 1754
1754 1804
1755 1756
1755 1804
1755 1805
1755 1806
1756 1757
1756 1805
1756 1806
1756 1807
1757 1758
1757 1806
1757 1807
1757 1808
1758 1807
1758 1808
1758 1809
1759 1760
1759 1809
1759 1810
1759 1811
1760 1761
1760 1810
1760 1811
1760 1812
1761 1762
1761 1811
1761 1812
1761 1813
1762 1763
1762 1812
1762 1813
1763 1813
1764 1765
1764 1814
1764 1815
1765 1766
1765 1814
1765 1815
1765 1816
1766 1767
1766 1815
1766 1816
1766 1817
1767 1768
1767 1816
1767 1817
1767 1818
1768 1769
1768 1817
1768 1818
1768 1819
1769 1770
1769 1818
1769 1819
1769 1820
1770 1819
1770 1820
1770 1821
1771 1772
1771 1822
1771 1823
1771 1824
1772 1773
1772 1823
1772 1824
1772 1825
1773 1774
1773 1824
1773 1825
1773 1826
1774 1775
1774 1825
1774 1826
1774 1827
1775 1776
1775 1826
1775 1827
1775 1828
1776 1777
1776 1827
1776 1828
1776 1829
1777 1778
1777 1828
1777 1829
1778 1779
1778 1829
1778 1830
1779 1780
1779 1830
1779 1831
1780 1781
1780 1830
1780 1831
1780 1832
1781 1782
1781 1831
1781 1832
1781 1833
1782 1783
1782 1832
1782 1833
1782 1834
1783 1784
1783 1833
1783 1834
1783 1835
1784 1785
1784 1834
1784 1835
1784 1836
1785 1835
1785 1836
1785 1837
1786 1787
1786 1837
1786 1838
1786 1839
1787 1838
1787 1839
1788 1789
1788 1840
1788 1841
1789 1790
1789 1840
1789 1841
1789 1842
1790 1791
1790 1841
1790 1842
1791 1792
1791 1842
1791 1843
1792 1793
1792 1843
1792 1844
1793 1794
1793 1843
1793 1844
1793 1845
1794 1795
1794 1844
1794 1845
1794 1846
1795 1845
1795 1846
1796 1847
1796 1848
1797 1798
1797 1848
1797 1849
1797 1850
1798 1799
1798 1849
1798 1850
1798 1851
1799 1800
1799 1850
1799 1851
1799 1852
1800 1801
1800 1851
1800 1852
1800 1853
1801 1802
1801 1852
1801 1853
1801 1854
1802 1803
1802 1853
1802 1854
1802 1855
1803 1854
1803 1855
1803 1856
1804 1805
1804 1858
1804 1859
1805 1806
1805 1859
1805 1860
1806 1807
1806 1860
1806 1861
1807 1808
1807 1860
1807 1861
1807 1862
1808 1809
1808 1861
1808 1862
1808 1863
1809 1810
1809 1862
1809 1863
1810 1811
1810 1863
1810 1864
1811 1812
1811 1864
1812 1813
1812 1864
1812 1865
1813 1865
1814 1815
1814 1866
1815 1816
1815 1866
1816 1817
1816 1867
1817 1818
1817 1867
1817 1868
1818 1819
1818 1867
1818 1868
1818 1869
1819 1820
1819 1868
1819 1869
1819 1870
1820 1821
1820 1869
1820 1870
1820 1871
1821 1822
1821 1870
1821 1871
1821 1872
1822 1823
1822 1871
1822 1872
1822 1873
1823 1824
1823 1872
1823 1873
1823 1874
1824 1825
1824 1873
1824 1874
1824 1875
1825 1826
1825 1874
1825 1875
1825 1876
1826 1827
1826 1875
1826 1876
1826 1877
1827 1828
1827 1876
1827 1877
1827 1878
1828 1829
1828 1877
1828 1878
1828 1879
1829 1878
1829 1879
1830 1831
1830 1880
1831 1832
1831 1880
1831 1881
1832 1833
1832 1881
1832 1882
1833 1834
1833 1881
1833 1882
1833 1883
1834 1835
1834 1882
1834 1883
1834 1884
1835 1836
1835 1883
1835 1884
1835 1885
1836 1837
1836 1884
1836 1885
1836 1886
1837 1838
1837 1885
1837 1886
1837 1887
1838 1839
1838 1886
1838 1887
1838 1888
1839 1887
1839 1888
1839 1889
1840 1841
1840 1889
1840 1890
1841 1842
1841 1890
1841 1891
1842 1891
1842 1892
1843 1844
1843 1892
1843 1893
1843 1894
1844 1845
1844 1893
1844 1894
1844 1895
1845 1846
1845 1894
1845 1895
1845 1896
1846 1895
1846 1896
1846 1897
1847 1848
1847 1897
1847 1898
1847 1899
1848 1849
1848 1898
1848 1899
1848 1900
1849 1850
1849 1899
1849 1900
1849 1901
1850 1851
1850 1900
1850 1901
1851 1852
1851 1901
1851 1902
1852 1853
1852 1902
1852 1903
1853 1854
1853 1902
1853 1903
1853 1904
1854 1855
1854 1903
1854 1904
1854 1905
1855 1856
1855 1904
1855 1905
1855 1906
1856 1857
1856 1905
1856 1906
1856 1907
1857 1858
1857 1906
1857 1907
1857 1908
1858 1859
1858 1907
1858 1908
1858 1909
1859 1908
1859 1909
1860 1861
1860 1910
1861 1862
1861 1910
1862 1863
1862 1910
1862 1911
1863 1911
1863 1912
1864 1912
1864 1913
1864 1914
1865 1914
1865 1915
1866 1916
1866 1917
1867 1868
1867 1918
1867 1919
1868 1869
1868 1918
1868 1919
1868 1920
1869 1870
1869 1919
1869 1920
1869 1921
1870 1871
1870 1920
1870 1921
1870 1922
1871 1872
1871 1921
1871 1922
1871 1923
1872 1873
1872 1922
1872 1923
1872 1924
1873 1874
1873 1923
1873 1924
1873 1925
1874 1875
1874 1924
1874 1925
1874 1926
1875 1876
1875 1925
1875 1926
1876 1877
1876 1926
1876 1927
1877 1878
1877 1927
1877 1928
1878 1879
1878 1927
1878 1928
1878 1929
1879 1928
1879 1929
1879 1930
1880 1930
1880 1931
1881 1882
1881 1931
1881 1932
1881 1933
1882 1883
1882 1932
1882 1933
1882 1934
1883 1884
1883 1933
1883 1934
1883 1935
1884 1885
1884 1934
1884 1935
1885 1886
1885 1935
1885 1936
1886 1887
1886 1936
1886 1937
1887 1888
1887 1936
1887 1937
1888 1889
1888 1937
1888 1938
1889 1890
1889 1938
1889 1939
1890 1938
1890 1939
1890 1940
1891 1892
1891 1940
1891 1941
1891 1942
1892 1893
1892 1941
1892 1942
1892 1943
1893 1894
1893 1942
1893 1943
1894 1895
1894 1943
1895 1896
1895 1944
1896 1897
1896 1944
1896 1945
1897 1898
1897 1944
1897 1945
1897 1946
1898 1899
1898 1945
1898 1946
1898 1947
1899 1900
1899 1946
1899 1947
1899 1948
1900 1901
1900 1947
1900 1948
1900 1949
1901 1948
1901 1949
1901 1950
1902 1903
1902 1950
1902 1951
1903 1904
1903 1951
1903 1952
1904 1905
1904 1952
1904 1953
1905 1906
1905 1952
1905 1953
1905 1954
1906 1907
1906 1953
1906 1954
1906 1955
1907 1908
1907 1954
1907 1955
1907 1956
1908 1909
1908 1955
1908 1956
1908 1957
1909 1956
1909 1957
1909 1958
1910 1959
1911 1912
1911 1959
1911 1960
1911 1961
1912 1913
1912 1960
1912 1961
1912 1962
1913 1914
1913 1961
1913 1962
1913 1963
1914 1915
1914 1962
1914 1963
1914 1964
1915 1963
1915 1964
1915 1965
1916 1917
1916 1966
1916 1967
1917 1966
1917 1967
1917 1968
1918 1919
1918 1968
1918 1969
1918 1970
1919 1920
1919 1969
1919 1970
1919 1971
1920 1921
1920 1970
1920 1971
1920 1972
1921 1922
1921 1971
1921 1972
1921 1973
1922 1923
1922 1972
1922 1973
1922 1974
1923 1924
1923 1973
1923 1974
1923 1975
1924 1925
1924 1974
1924 1975
1924 1976
1925 1926
1925 1975
1925 1976
1925 1977
1926 1976
1926 1977
1926 1978
1927 1928
1927 1978
1927 1979
1927 1980
1928 1929
1928 1979
1928 1980
1928 1981
1929 1930
1929 1980
1929 1981
1929 1982
1930 1981
1930 1982
1930 1983
1931 1932
1931 1983
1931 1984
1931 1985
1932 1933
1932 1984
1932 1985
1932 1986
1933 1934
1933 1985
1933 1986
1933 1987
1934 1935
1934 1986
1934 1987
1934 1988
1935 1987
1935 1988
1935 1989
1936 1937
1936 1989
1936 1990
1936 1991
1937 1990
1937 1991
1937 1992
1938 1939
1938 1992
1938 1993
1938 1994
1939 1940
1939 1993
1939 1994
1939 1995
1940 1941
1940 1994
1940 1995
1940 1996
1941 1942
1941 1995
1941 1996
1941 1997
1942 1943
1942 1996
1942 1997
1942 1998
1943 1997
1943 1998
1943 1999
1944 1945
1944 2000
1944 2001
1945 1946
1945 2000
1945 2001
1945 2002
1946 1947
1946 2001
1946 2002
1946 2003
1947 1948
1947 2002
1947 2003
1947 2004
1948 1949
1948 2003
1948 2004
1948 2005
1949 1950
1949 2004
1949 2005
1949 2006
1950 1951
1950 2005
1950 2006
1950 2007
1951 2006
1951 2007
1951 2008
1952 1953
1952 2008
1952 2009
1953 1954
1953 2009
1953 2010
1954 1955
1954 2009
1954 2010
1954 2011
1955 1956
1955 2010
1955 2011
1955 2012
1956 1957
1956 2011
1956 2012
1956 2013
1957 1958
1957 2012
1957 2013
1957 2014
1958 2013
1958 2014
1958 2015
1959 1960
1959 2016
1959 2017
1960 1961
1960 2017
1960 2018
1961 1962
1961 2017
1961 2018
1962 1963
1962 2018
1962 2019
1963 1964
1963 2019
1963 2020
1964 1965
1964 2019
1964 2020
1964 2021
1965 2020
1965 2021
1966 1967
1966 2022
1967 1968
1967 2022
1967 2023
1968 1969
1968 2022
1968 2023
1968 2024
1969 1970
1969 2023
1969 2024
1969 2025
1970 1971
1970 2024
1970 2025
1970 2026
1971 1972
1971 2025
1971 2026
1972 1973
1972 2026
1973 1974
1973 2027
1974 1975
1974 2027
1974 2028
1975 1976
1975 2027
1975 2028
1975 2029
1976 1977
1976 2028
1976 2029
1976 2030
1977 1978
1977 2029
1977 2030
1977 2031
1978 1979
1978 2030
1978 2031
1978 2032
1979 1980
1979 2031
1979 2032
1979 2033
1980 1981
1980 2032
1980 2033
1980 2034
1981 1982
1981 2033
1981 2034
1982 1983
1982 2034
1982 2035
1983 1984
1983 2035
1983 2036
1984 1985
1984 2035
1984 2036
1985 1986
1985 2036
1985 2037
1986 1987
1986 2037
1987 1988
1987 2037
1987 2038
1988 1989
1988 2038
1988 2039
1989 1990
1989 2038
1989 2039
1990 1991
1990 2039
1991 1992
1991 2040
1992 1993
1992 2040
1992 2041
1993 1994
1993 2040
1993 2041
1993 2042
1994 1995
1994 2041
1994 2042
1994 2043
1995 1996
1995 2042
1995 2043
1996 1997
1996 2043
1996 2044
1997 1998
1997 2044
1997 2045
1998 1999
1998 2044
1998 2045
1998 2046
1999 2045
1999 2046
1999 2047
2000 2001
2000 2047
2000 2048
2000 2049
2001 2002
2001 2048
2001 2049
2002 2003
2002 2049
2002 2050
2003 2004
2003 2050
2004 2005
2004 2050
2004 2051
2005 2006
2005 2051
2005 2052
2006 2007
2006 2051
2006 2052
2007 2008
2007 2052
2007 2053
2008 2053
2008 2054
2009 2010
2009 2054
2009 2055
2010 2011
2010 2055
2010 2056
2011 2012
2011 2055
2011 2056
2011 2057
2012 2013
2012 2056
2012 2057
2012 2058
2013 2014
2013 2057
2013 2058
2014 2015
2014 2058
2014 2059
2015 2016
2015 2059
2015 2060
2016 2059
2016 2060
2016 2061
2017 2018
2017 2061
2017 2062
2017 2063
2018 2062
2018 2063
2019 2020
2019 2064
2020 2021
2020 2064
2020 2065
2021 2064
2021 2065
2022 2023
2022 2066
2022 2067
2023 2024
2023 2066
2023 2067
2023 2068
2024 2025
2024 2067
2024 2068
2024 2069
2025 2026
2025 2068
2025 2069
2026 2069
2026 2070
2027 2028
2027 2071
2027 2072
2027 2073
2028 2029
2028 2072
2028 2073
2029 2030
2029 2073
2030 2031
2030 2074
2031 2032
2031 2074
2031 2075
2032 2033
2032 2074
2032 2075
2032 2076
2033 2034
2033 2075
2033 2076
2034 2076
2034 2077
2035 2036
2035 2077
2035 2078
2035 2079
2036 2078
2036 2079
2036 2080
2037 2080
2037 2081
2037 2082
2038 2039
2038 2082
2038 2083
2039 2083
2039 2084
2040 2041
2040 2085
2040 2086
2041 2042
2041 2085
2041 2086
2041 2087
2042 2043
2042 2086
2042 2087
2042 2088
2043 2087
2043 2088
2044 2045
2044 2089
2044 2090
2045 2046
2045 2089
2045 2090
2045 2091
2046 2047
2046 2090
2046 2091
2047 2048
2047 2091
2047 2092
2048 2049
2048 2092
2048 2093
2049 2092
2049 2093
2051 2052
2051 2094
2052 2094
2052 2095
2053 2054
2053 2095
2053 2096
2054 2096
2054 2097
2055 2056
2055 2097
2055 2098
2055 2099
2056 2057
2056 2098
2056 2099
2056 2100
2057 2058
2057 2099
2057 2100
2057 2101
2058 2100
2058 2101
2058 2102
2059 2060
2059 2102
2059 2103
2060 2061
2060 2103
2060 2104
2061 2062
2061 2103
2061 2104
2061 2105
2062 2063
2062 2104
2062 2105
2062 2106
2063 2105
2063 2106
2064 2065
2064 2107
2064 2108
2065 2108
2066 2067
2066 2109
2066 2110
2066 2111
2067 2068
2067 2110
2067 2111
2067 2112
2068 2069
2068 2111
2068 2112
2068 2113
2069 2112
2069 2113
2069 2114
2070 2071
2070 2114
2070 2115
2070 2116
2071 2072
2071 2115
2071 2116
2071 2117
2072 2073
2072 2116
2072 2117
2072 2118
2073 2117
2073 2118
2073 2119
2074 2075
2074 2120
2074 2121
2074 2122
2075 2076
2075 2121
2075 2122
2075 2123
2076 2122
2076 2123
2076 2124
2077 2078
2077 2124
2077 2125
2077 2126
2078 2079
2078 2125
2078 2126
2078 2127
2079 2080
2079 2126
2079 2127
2079 2128
2080 2081
2080 2127
2080 2128
2080 2129
2081 2082
2081 2128
2081 2129
2081 2130
2082 2129
2082 2130
2082 2131
2083 2084
2083 2131
2083 2132
2084 2132
2084 2133
2085 2086
2085 2133
2085 2134
2086 2087
2086 2134
2086 2135
2087 2088
2087 2135
2087 2136
2088 2135
2088 2136
2089 2090
2089 2137
2090 2091
2090 2137
2090 2138
2091 2137
2091 2138
2091 2139
2092 2093
2092 2139
2092 2140
2092 2141
2093 2140
2093 2141
2093 2142
2094 2095
2094 2145
2094 2146
2095 2146
2095 2147
2096 2097
2096 2147
2096 2148
2096 2149
2097 2098
2097 2148
2097 2149
2097 2150
2098 2099
2098 2149
2098 2150
2098 2151
2099 2100
2099 2150
2099 2151
2099 2152
2100 2101
2100 2151
2100 2152
2100 2153
2101 2102
2101 2152
2101 2153
2102 2153
2102 2154
2103 2104
2103 2154
2103 2155
2104 2105
2104 2155
2104 2156
2105 2106
2105 2155
2105 2156
2105 2157
2106 2156
2106 2157
2106 2158
2107 2158
2107 2159
2107 2160
2108 2160
2108 2161
2109 2110
2109 2162
2110 2111
2110 2162
2110 2163
2111 2112
2111 2163
2111 2164
2112 2113
2112 2163
2112 2164
2112 2165
2113 2114
2113 2164
2113 2165
2113 2166
2114 2115
2114 2165
2114 2166
2114 2167
2115 2116
2115 2166
2115 2167
2115 2168
2116 2117
2116 2167
2116 2168
2116 2169
2117 2118
2117 2168
2117 2169
2117 2170
2118 2119
2118 2169
2118 2170
2118 2171
2119 2120
2119 2170
2119 2171
2120 2121
2120 2171
2120 2172
2121 2122
2121 2172
2121 2173
2122 2123
2122 2172
2122 2173
2123 2124
2123 2173
2124 2125
2124 2174
2125 2126
2125 2174
2126 2127
2126 2174
2126 2175
2127 2128
2127 2175
2127 2176
2128 2129
2128 2175
2128 2176
2129 2130
2129 2176
2129 2177
2130 2131
2130 2177
2130 2178
2131 2132
2131 2177
2131 2178
2131 2179
2132 2178
2132 2179
2132 2180
2133 2134
2133 2180
2133 2181
2133 2182
2134 2181
2134 2182
2134 2183
2135 2136
2135 2183
2135 2184
2136 2184
2137 2138
2137 2185
2137 2186
2138 2139
2138 2186
2138 2187
2139 2140
2139 2187
2139 2188
2140 2141
2140 2187
2140 2188
2140 2189
2141 2142
2141 2188
2141 2189
2141 2190
2142 2143
2142 2189
2142 2190
2142 2191
2143 2144
2143 2190
2143 2191
2143 2192
2144 2145
2144 2191
2144 2192
2145 2192
2145 2193
2146 2147
2146 2193
2146 2194
2146 2195
2147 2148
2147 2194
2147 2195
2148 2149
2148 2195
2148 2196
2149 2150
2149 2196
2149 2197
2150 2151
2150 2196
2150 2197
2150 2198
2151 2152
2151 2197
2151 2198
2151 2199
2152 2153
2152 2198
2152 2199
2153 2199
2153 2200
2154 2200
2154 2201
2154 2202
2155 2156
2155 2202
2156 2157
2156 2203
2157 2158
2157 2203
2157 2204
2158 2159
2158 2203
2158 2204
2158 2205
2159 2160
2159 2204
2159 2205
2159 2206
2160 2161
2160 2205
2160 2206
2161 2206
2162 2207
2163 2164
2163 2208
2164 2165
2164 2208
2164 2209
2165 2166
2165 2209
2165 2210
2166 2167
2166 2209
2166 2210
2166 2211
2167 2168
2167 2210
2167 2211
2167 2212
2168 2169
2168 2211
2168 2212
2168 2213
2169 2170
2169 2212
2169 2213
2169 2214
2170 2171
2170 2213
2170 2214
2171 2214
2171 2215
2172 2173
2172 2215
2172 2216
2173 2216
2173 2217
2174 2218
2174 2219
2174 2220
2175 2176
2175 2220
2175 2221
2175 2222
2176 2221
2176 2222
2176 2223
2177 2178
2177 2223
2177 2224
2177 2225
2178 2179
2178 2224
2178 2225
2178 2226
2179 2180
2179 2225
2179 2226
2179 2227
2180 2181
2180 2226
2180 2227
2180 2228
2181 2182
2181 2227
2181 2228
2181 2229
2182 2183
2182 2228
2182 2229
2182 2230
2183 2184
2183 2229
2183 2230
2183 2231
2184 2230
2184 2231
2185 2186
2185 2232
2185 2233
2185 2234
2186 2233
2186 2234
2186 2235
2187 2188
2187 2235
2187 2236
2188 2189
2188 2236
2188 2237
2189 2190
2189 2237
2189 2238
2190 2191
2190 2237
2190 2238
2190 2239
2191 2192
2191 2238
2191 2239
2191 2240
2192 2239
2192 2240
2192 2241
2193 2194
2193 2241
2193 2242
2193 2243
2194 2195
2194 2242
2194 2243
2194 2244
2195 2243
2195 2244
2195 2245
2196 2197
2196 2245
2196 2246
2196 2247
2197 2198
2197 2246
2197 2247
2197 2248
2198 2199
2198 2247
2198 2248
2198 2249
2199 2248
2199 2249
2199 2250
2200 2201
2200 2250
2200 2251
2200 2252
2201 2202
2201 2251
2201 2252
2201 2253
2202 2252
2202 2253
2202 2254
2203 2204
2203 2255
2203 2256
2204 2205
2204 2255
2204 2256
2204 2257
2205 2206
2205 2256
2205 2257
2205 2258
2206 2257
2206 2258
2206 2259
2207 2260
2207 2261
2208 2261
2208 2262
2208 2263
2209 2210
2209 2263
2209 2264
2209 2265
2210 2211
2210 2264
2210 2265
2210 2266
2211 2212
2211 2265
2211 2266
2212 2213
2212 2266
2213 2214
2213 2267
2214 2267
2214 2268
2215 2216
2215 2268
2215 2269
2215 2270
2216 2269
2216 2270
2216 2271
2217 2218
2217 2271
2217 2272
2217 2273
2218 2219
2218 2272
2218 2273
2219 2220
2219 2273
2219 2274
2220 2221
2220 2274
2220 2275
2221 2222
2221 2274
2221 2275
2221 2276
2222 2223
2222 2275
2222 2276
2222 2277
2223 2224
2223 2276
2223 2277
2224 2225
2224 2277
2225 2226
2225 2278
2226 2227
2226 2278
2226 2279
2227 2228
2227 2278
2227 2279
2228 2229
2228 2279
2229 2230
2229 2280
2230 2231
2230 2280
2230 2281
2231 2280
2231 2281
2231 2282
2232 2233
2232 2282
2232 2283
2232 2284
2233 2234
2233 2283
2233 2284
2234 2235
2234 2284
2234 2285
2235 2236
2235 2285
2236 2285
2236 2286
2237 2238
2237 2286
2237 2287
2237 2288
2238 2239
2238 2287
2238 2288
2238 2289
2239 2240
2239 2288
2239 2289
2240 2241
2240 2289
2240 2290
2241 2242
2241 2290
2241 2291
2242 2243
2242 2290
2242 2291
2243 2244
2243 2291
2243 2292
2244 2245
2244 2292
2244 2293
2245 2246
2245 2292
2245 2293
2245 2294
2246 2247
2246 2293
2246 2294
2246 2295
2247 2248
2247 2294
2247 2295
2247 2296
2248 2249
2248 2295
2248 2296
2248 2297
2249 2250
2249 2296
2249 2297
2250 2251
2250 2297
2251 2252
2252 2253
2252 2298
2253 2254
2253 2298
2254 2298
2254 2299
2255 2256
2255 2299
2255 2300
2255 2301
2256 2257
2256 2300
2256 2301
2256 2302
2257 2258
2257 2301
2257 2302
2258 2259
2258 2302
2258 2303
2259 2303
2260 2261
2260 2304
2260 2305
2261 2262
2261 2304
2261 2305
2261 2306
2262 2263
2262 2305
2262 2306
2262 2307
2263 2264
2263 2306
2263 2307
2263 2308
2264 2265
2264 2307
2264 2308
2265 2266
2265 2308
2265 2309
2266 2309
2266 2310
2267 2268
2267 2311
2267 2312
2267 2313
2268 2269
2268 2312
2268 2313
2268 2314
2269 2270
2269 2313
2269 2314
2270 2271
2270 2314
2271 2272
2272 2273
2272 2315
2273 2315
2274 2275
2274 2316
2274 2317
2275 2276
2275 2316
2275 2317
2275 2318
2276 2277
2276 2317
2276 2318
2276 2319
2277 2318
2277 2319
2277 2320
2278 2279
2278 2321
2278 2322
2279 2322
2279 2323
2280 2281
2280 2324
2280 2325
2281 2282
2281 2325
2281 2326
2282 2283
2282 2326
2282 2327
2283 2284
2283 2326
2283 2327
2284 2327
2285 2328
2286 2287
2286 2329
2286 2330
2287 2288
2287 2329
2287 2330
2287 2331
2288 2289
2288 2330
2288 2331
2288 2332
2289 2331
2289 2332
2289 2333
2290 2291
2290 2333
2290 2334
2290 2335
2291 2334
2291 2335
2292 2293
2292 2336
2292 2337
2293 2294
2293 2336
2293 2337
2293 2338
2294 2295
2294 2337
2294 2338
2295 2296
2295 2338
2295 2339
2296 2297
2296 2339
2296 2340
2297 2339
2297 2340
2297 2341
2298 2343
2298 2344
2299 2300
2299 2344
2299 2345
2299 2346
2300 2301
2300 2345
2300 2346
2300 2347
2301 2302
2301 2346
2301 2347
2301 2348
2302 2347
2302 2348
2302 2349
2303 2349
2304 2305
2304 2350
2304 2351
2305 2306
2305 2350
2305 2351
2306 2307
2306 2351
2307 2308
2307 2352
2308 2352
2308 2353
2309 2310
2309 2353
2309 2354
2309 2355
2310 2311
2310 2354
2310 2355
2311 2312
2311 2355
2311 2356
2312 2313
2312 2356
2313 2314
2313 2356
2313 2357
2314 2357
2314 2358
2315 2360
2315 2361
2315 2362
2316 2317
2316 2362
2316 2363
2317 2318
2317 2363
2317 2364
2318 2319
2318 2363
2318 2364
2318 2365
2319 2320
2319 2364
2319 2365
2319 2366
2320 2321
2320 2365
2320 2366
2320 2367
2321 2366
2321 2367
2321 2368
2322 2323
2322 2368
2322 2369
2322 2370
2323 2324
2323 2369
2323 2370
2323 2371
2324 2325
2324 2370
2324 2371
2324 2372
2325 2371
2325 2372
2325 2373
2326 2327
2326 2373
2326 2374
2327 2374
2327 2375
2328 2376
2328 2377
2329 2330
2329 2377
2329 2378
2330 2331
2330 2378
2331 2332
2331 2379
2332 2333
2332 2379
2332 2380
2333 2334
2333 2379
2333 2380
2333 2381
2334 2335
2334 2380
2334 2381
2334 2382
2335 2381
2335 2382
2335 2383
2336 2337
2336 2383
2336 2384
2336 2385
2337 2338
2337 2384
2337 2385
2337 2386
2338 2385
2338 2386
2339 2340
2339 2387
2340 2341
2340 2387
2341 2342
2341 2387
2341 2388
2342 2343
2342 2388
2342 2389
2343 2388
2343 2389
2343 2390
2344 2345
2344 2390
2344 2391
2344 2392
2345 2346
2345 2391
2345 2392
2345 2393
2346 2347
2346 2392
2346 2393
2346 2394
2347 2348
2347 2393
2347 2394
2347 2395
2348 2349
2348 2394
2348 2395
2348 2396
2349 2395
2349 2396
2349 2397
2350 2351
2351 2398
2352 2353
2352 2399
2352 2400
2352 2401
2353 2354
2353 2400
2353 2401
2353 2402
2354 2355
2354 2401
2354 2402
2354 2403
2355 2402
2355 2403
2355 2404
2356 2404
2356 2405
2356 2406
2357 2358
2357 2406
2357 2407
2357 2408
2358 2359
2358 2407
2358 2408
2358 2409
2359 2360
2359 2408
2359 2409
2359 2410
2360 2361
2360 2409
2360 2410
2361 2362
2361 2410
2361 2411
2362 2411
2362 2412
2363 2364
2363 2412
2364 2365
2365 2366
2365 2413
2366 2367
2366 2413
2366 2414
2367 2368
2367 2413
2367 2414
2368 2369
2368 2414
2368 2415
2369 2370
2369 2415
2369 2416
2370 2371
2370 2415
2370 2416
2370 2417
2371 2372
2371 2416
2371 2417
2371 2418
2372 2373
2372 2417
2372 2418
2372 2419
2373 2374
2373 2418
2373 2419
2373 2420
2374 2419
2374 2420
2374 2421
2375 2376
2375 2421
2375 2422
2375 2423
2376 2422
2376 2423
2376 2424
2377 2378
2377 2424
2377 2425
2378 2425
2378 2426
2379 2380
2379 2427
2379 2428
2380 2381
2380 2428
2380 2429
2381 2382
2381 2429
2382 2383
2382 2429
2382 2430
2383 2384
2383 2430
2383 2431
2384 2385
2384 2430
2384 2431
2384 2432
2385 2386
2385 2431
2385 2432
2385 2433
2386 2432
2386 2433
2386 2434
2387 2435
2387 2436
2388 2389
2388 2436
2388 2437
2388 2438
2389 2390
2389 2437
2389 2438
2389 2439
2390 2391
2390 2438
2390 2439
2390 2440
2391 2392
2391 2439
2391 2440
2392 2393
2392 2440
2392 2441
2393 2394
2393 2441
2393 2442
2394 2395
2394 2441
2394 2442
2394 2443
2395 2396
2395 2442
2395 2443
2395 2444
2396 2397
2396 2443
2396 2444
2396 2445
2397 2444
2397 2445
2398 2399
2398 2447
2398 2448
2399 2400
2399 2447
2399 2448
2399 2449
2400 2401
2400 2448
2400 2449
2400 2450
2401 2402
2401 2449
2401 2450
2401 2451
2402 2403
2402 2450
2402 2451
2402 2452
2403 2404
2403 2451
2403 2452
2404 2405
2404 2452
2404 2453
2405 2406
2405 2453
2405 2454
2406 2407
2406 2453
2406 2454
2406 2455
2407 2408
2407 2454
2407 2455
2407 2456
2408 2409
2408 2455
2408 2456
2408 2457
2409 2410
2409 2456
2409 2457
2409 2458
2410 2457
2410 2458
2411 2412
2411 2459
2411 2460
2412 2459
2412 2460
2412 2461
2413 2414
2413 2463
2414 2463
2415 2416
2415 2464
2415 2465
2416 2417
2416 2464
2416 2465
2416 2466
2417 2418
2417 2465
2417 2466
2418 2419
2418 2466
2418 2467
2419 2420
2419 2467
2419 2468
2420 2421
2420 2467
2420 2468
2420 2469
2421 2422
2421 2468
2421 2469
2421 2470
2422 2423
2422 2469
2422 2470
2422 2471
2423 2424
2423 2470
2423 2471
2423 2472
2424 2425
2424 2471
2424 2472
2424 2473
2425 2472
2425 2473
2425 2474
2426 2427
2426 2474
2426 2475
2426 2476
2427 2428
2427 2475
2427 2476
2427 2477
2428 2476
2428 2477
2428 2478
2429 2478
2429 2479
2430 2431
2431 2432
2431 2480
2432 2433
2432 2480
2432 2481
2433 2434
2433 2480
2433 2481
2433 2482
2434 2481
2434 2482
2434 2483
2435 2436
2435 2483
2435 2484
2436 2437
2436 2484
2436 2485
2437 2438
2437 2485
2437 2486
2438 2439
2438 2485
2438 2486
2438 2487
2439 2440
2439 2486
2439 2487
2439 2488
2440 2487
2440 2488
2440 2489
2441 2442
2441 2489
2441 2490
2441 2491
2442 2443
2442 2490
2442 2491
2442 2492
2443 2444
2443 2491
2443 2492
2443 2493
2444 2445
2444 2492
2444 2493
2444 2494
2445 2493
2445 2494
2446 2495
2446 2496
2447 2448
2447 2496
2447 2497
2447 2498
2448 2449
2448 2497
2448 2498
2448 2499
2449 2450
2449 2498
2449 2499
2449 2500
2450 2451
2450 2499
2450 2500
2451 2452
2451 2500
2452 2501
2453 2454
2453 2501
2453 2502
2453 2503
2454 2455
2454 2502
2454 2503
2454 2504
2455 2456
2455 2503
2455 2504
2455 2505
2456 2457
2456 2504
2456 2505
2456 2506
2457 2458
2457 2505
2457 2506
2457 2507
2458 2506
2458 2507
2458 2508
2459 2460
2459 2508
2460 2461
2460 2509
2461 2462
2461 2509
2461 2510
2462 2509
2462 2510
2462 2511
2463 2512
2463 2513
2464 2465
2464 2514
2465 2466
2465 2514
2465 2515
2466 2514
2466 2515
2466 2516
2467 2468
2467 2516
2467 2517
2467 2518
2468 2469
2468 2517
2468 2518
2468 2519
2469 2470
2469 2518
2469 2519
2469 2520
2470 2471
2470 2519
2470 2520
2470 2521
2471 2472
2471 2520
2471 2521
2471 2522
2472 2473
2472 2521
2472 2522
2473 2474
2473 2522
2473 2523
2474 2475
2474 2523
2474 2524
2475 2476
2475 2523
2475 2524
2475 2525
2476 2477
2476 2524
2476 2525
2476 2526
2477 2478
2477 2525
2477 2526
2478 2479
2478 2526
2478 2527
2479 2527
2479 2528
2480 2481
2480 2530
2480 2531
2481 2482
2481 2531
2481 2532
2482 2483
2482 2532
2482 2533
2483 2484
2483 2532
2483 2533
2483 2534
2484 2533
2484 2534
2485 2486
2485 2535
2485 2536
2486 2487
2486 2535
2486 2536
2486 2537
2487 2488
2487 2536
2487 2537
2487 2538
2488 2489
2488 2537
2488 2538
2488 2539
2489 2490
2489 2538
2489 2539
2489 2540
2490 2491
2490 2539
2490 2540
2491 2492
2491 2540
2491 2541
2492 2493
2492 2541
2493 2494
2493 2541
2493 2542
2494 2542
2495 2496
2495 2543
2495 2544
2496 2497
2496 2543
2496 2544
2497 2498
2497 2544
2497 2545
2498 2499
2498 2545
2499 2500
2499 2545
2499 2546
2500 2546
2500 2547
2501 2502
2501 2548
2501 2549
2502 2503
2502 2548
2502 2549
2503 2504
2503 2549
2504 2505
2504 2550
2505 2506
2505 2550
2505 2551
2506 2507
2506 2550
2506 2551
2506 2552
2507 2508
2507 2551
2507 2552
2507 2553
2508 2552
2508 2553
2509 2510
2509 2554
2510 2511
2510 2554
2511 2512
2512 2513
2513 2555
2514 2515
2514 2556
2514 2557
2514 2558
2515 2516
2515 2557
2515 2558
2515 2559
2516 2517
2516 2558
2516 2559
2516 2560
2517 2518
2517 2559
2517 2560
2517 2561
2518 2519
2518 2560
2518 2561
2519 2520
2519 2561
2519 2562
2520 2521
2520 2562
2521 2522
2521 2562
2521 2563
2522 2563
2523 2524
2523 2564
2523 2565
2524 2525
2524 2564
2524 2565
2524 2566
2525 2526
2525 2565
2525 2566
2525 2567
2526 2566
2526 2567
2526 2568
2527 2528
2527 2568
2527 2569
2527 2570
2528 2529
2528 2569
2528 2570
2529 2530
2529 2570
2529 2571
2530 2531
2530 2571
2530 2572
2531 2571
2531 2572
2531 2573
2532 2533
2532 2573
2532 2574
2532 2575
2533 2534
2533 2574
2533 2575
2533 2576
2534 2575
2534 2576
2534 2577
2535 2536
2535 2577
2535 2578
2536 2537
2536 2578
2536 2579
2537 2538
2537 2579
2537 2580
2538 2539
2538 2579
2538 2580
2539 2540
2539 2580
2540 2581
2541 2581
2541 2582
2543 2544
2543 2583
2543 2584
2544 2583
2544 2584
2544 2585
2545 2585
2545 2586
2545 2587
2546 2547
2546 2587
2546 2588
2546 2589
2547 2588
2547 2589
2547 2590
2548 2549
2548 2590
2549 2591
2550 2551
2550 2592
2550 2593
2551 2552
2551 2593
2551 2594
2552 2553
2552 2594
2553 2594
2553 2595
2554 2596
2554 2597
2554 2598
2555 2556
2555 2601
2555 2602
2556 2557
2556 2602
2556 2603
2557 2558
2557 2603
2557 2604
2558 2559
2558 2603
2558 2604
2558 2605
2559 2560
2559 2604
2559 2605
2559 2606
2560 2561
2560 2605
2560 2606
2560 2607
2561 2606
2561 2607
2561 2608
2562 2608
2562 2609
2563 2609
2563 2610
2564 2565
2564 2611
2565 2566
2565 2611
2565 2612
2566 2567
2566 2611
2566 2612
2566 2613
2567 2568
2567 2612
2567 2613
2567 2614
2568 2569
2568 2613
2568 2614
2568 2615
2569 2570
2569 2614
2569 2615
2569 2616
2570 2615
2570 2616
2570 2617
2571 2572
2571 2617
2571 2618
2571 2619
2572 2573
2572 2618
2572 2619
2572 2620
2573 2574
2573 2619
2573 2620
2573 2621
2574 2575
2574 2620
2574 2621
2575 2576
2575 2621
2575 2622
2576 2577
2576 2622
2576 2623
2577 2578
2577 2622
2577 2623
2577 2624
2578 2623
2578 2624
2578 2625
2579 2580
2579 2625
2579 2626
2579 2627
2580 2626
2580 2627
2580 2628
2581 2582
2581 2629
2581 2630
2581 2631
2582 2630
2582 2631
2582 2632
2583 2584
2583 2634
2584 2585
2584 2634
2584 2635
2585 2586
2585 2635
2585 2636
2586 2587
2586 2635
2586 2636
2586 2637
2587 2588
2587 2636
2587 2637
2587 2638
2588 2589
2588 2637
2588 2638
2588 2639
2589 2590
2589 2638
2589 2639
2589 2640
2590 2639
2590 2640
2590 2641
2591 2592
2591 2642
2591 2643
2591 2644
2592 2593
2592 2643
2592 2644
2592 2645
2593 2644
2593 2645
2593 2646
2594 2646
2594 2647
2595 2596
2595 2647
2595 2648
2596 2597
2596 2648
2596 2649
2597 2598
2597 2648
2597 2649
2598 2599
2598 2649
2598 2650
2599 2600
2599 2650
2599 2651
2600 2601
2600 2650
2600 2651
2600 2652
2601 2602
2601 2651
2601 2652
2602 2652
2603 2604
2603 2653
2603 2654
2604 2605
2604 2653
2604 2654
2604 2655
2605 2606
2605 2654
2605 2655
2605 2656
2606 2607
2606 2655
2606 2656
2607 2608
2607 2656
2607 2657
2608 2657
2609 2610
2609 2658
2609 2659
2610 2658
2610 2659
2610 2660
2611 2612
2611 2661
2611 2662
2612 2613
2612 2661
2612 2662
2612 2663
2613 2614
2613 2662
2613 2663
2613 2664
2614 2615
2614 2663
2614 2664
2615 2616
2615 2664
2615 2665
2616 2617
2616 2665
2616 2666
2617 2618
2617 2665
2617 2666
2617 2667
2618 2619
2618 2666
2618 2667
2618 2668
2619 2620
2619 2667
2619 2668
2619 2669
2620 2621
2620 2668
2620 2669
2621 2669
2621 2670
2622 2623
2622 2670
2622 2671
2622 2672
2623 2624
2623 2671
2623 2672
2623 2673
2624 2625
2624 2672
2624 2673
2624 2674
2625 2626
2625 2673
2625 2674
2625 2675
2626 2627
2626 2674
2626 2675
2626 2676
2627 2628
2627 2675
2627 2676
2627 2677
2628 2629
2628 2676
2628 2677
2628 2678
2629 2630
2629 2677
2629 2678
2629 2679
2630 2631
2630 2678
2630 2679
2630 2680
2631 2632
2631 2679
2631 2680
2631 2681
2632 2633
2632 2680
2632 2681
2632 2682
2633 2681
2633 2682
2634 2683
2634 2684
2635 2636
2635 2684
2635 2685
2636 2637
2636 2685
2637 2638
2637 2685
2637 2686
2638 2639
2638 2686
2638 2687
2639 2640
2639 2686
2639 2687
2639 2688
2640 2641
2640 2687
2640 2688
2640 2689
2641 2642
2641 2688
2641 2689
2641 2690
2642 2643
2642 2689
2642 2690
2642 2691
2643 2644
2643 2690
2643 2691
2643 2692
2644 2645
2644 2691
2644 2692
2644 2693
2645 2646
2645 2692
2645 2693
2645 2694
2646 2693
2646 2694
2646 2695
2647 2695
2647 2696
2648 2649
2648 2696
2648 2697
2649 2697
2649 2698
2650 2651
2650 2698
2650 2699
2651 2652
2651 2699
2652 2700
2653 2654
2653 2701
2654 2655
2654 2701
2654 2702
2655 2656
2655 2701
2655 2702
2655 2703
2656 2702
2656 2703
2656 2704
2657 2704
2657 2705
2657 2706
2658 2659
2658 2706
2658 2707
2659 2660
2659 2707
2659 2708
2660 2707
2660 2708
2660 2709
2661 2662
2661 2709
2661 2710
2661 2711
2662 2663
2662 2710
2662 2711
2662 2712
2663 2664
2663 2711
2663 2712
2663 2713
2664 2712
2664 2713
2664 2714
2665 2666
2665 2714
2665 2715
2665 2716
2666 2667
2666 2715
2666 2716
2666 2717
2667 2668
2667 2716
2667 2717
2668 2669
2668 2717
2668 2718
2669 2718
2669 2719
2670 2671
2670 2719
2670 2720
2670 2721
2671 2672
2671 2720
2671 2721
2671 2722
2672 2673
2672 2721
2672 2722
2672 2723
2673 2674
2673 2722
2673 2723
2674 2675
2674 2723
2674 2724
2675 2676
2675 2724
2675 2725
2676 2677
2676 2724
2676 2725
2676 2726
2677 2678
2677 2725
2677 2726
2678 2679
2678 2726
2678 2727
2679 2680
2679 2727
2680 2681
2680 2727
2680 2728
2681 2682
2681 2728
2681 2729
2682 2728
2682 2729
2683 2684
2684 2730
2685 2730
2685 2731
2685 2732
2686 2687
2686 2732
2686 2733
2687 2688
2687 2733
2687 2734
2688 2689
2688 2733
2688 2734
2688 2735
2689 2690
2689 2734
2689 2735
2689 2736
2690 2691
2690 2735
2690 2736
2690 2737
2691 2692
2691 2736
2691 2737
2692 2693
2692 2737
2692 2738
2693 2694
2693 2738
2693 2739
2694 2695
2694 2738
2694 2739
2694 2740
2695 2739
2695 2740
2695 2741
2696 2697
2696 2741
2696 2742
2697 2742
2697 2743
2698 2699
2698 2743
2698 2744
2698 2745
2699 2744
2699 2745
2699 2746
2700 2747
2700 2748
2700 2749
2701 2702
2701 2750
2701 2751
2701 2752
2702 2703
2702 2751
2702 2752
2702 2753
2703 2704
2703 2752
2703 2753
2703 2754
2704 2705
2704 2753
2704 2754
2704 2755
2705 2706
2705 2754
2705 2755
2705 2756
2706 2755
2706 2756
2706 2757
2707 2708
2707 2757
2707 2758
2707 2759
2708 2709
2708 2758
2708 2759
2709 2710
2709 2759
2709 2760
2710 2711
2710 2760
2710 2761
2711 2712
2711 2760
2711 2761
2712 2713
2712 2761
2712 2762
2713 2714
2713 2762
2713 2763
2714 2715
2714 2762
2714 2763
2714 2764
2715 2716
2715 2763
2715 2764
2715 2765
2716 2717
2716 2764
2716 2765
2716 2766
2717 2765
2717 2766
2717 2767
2718 2719
2718 2767
2718 2768
2718 2769
2719 2720
2719 2768
2719 2769
2719 2770
2720 2721
2720 2769
2720 2770
2720 2771
2721 2722
2721 2770
2721 2771
2721 2772
2722 2723
2722 2771
2722 2772
2722 2773
2723 2772
2723 2773
2723 2774
2724 2725
2724 2774
2724 2775
2725 2726
2725 2775
2725 2776
2726 2776
2726 2777
2727 2777
2727 2778
2727 2779
2728 2729
2728 2779
2728 2780
2729 2780
2730 2731
2730 2782
2730 2783
2730 2784
2731 2732
2731 2783
2731 2784
2731 2785
2732 2784
2732 2785
2733 2734
2733 2786
2733 2787
2734 2735
2734 2786
2734 2787
2734 2788
2735 2736
2735 2787
2735 2788
2735 2789
2736 2737
2736 2788
2736 2789
2737 2789
2737 2790
2738 2739
2738 2790
2738 2791
2738 2792
2739 2740
2739 2791
2739 2792
2739 2793
2740 2741
2740 2792
2740 2793
2740 2794
2741 2742
2741 2793
2741 2794
2742 2794
2743 2744
2743 2795
2743 2796
2744 2745
2744 2795
2744 2796
2744 2797
2745 2746
2745 2796
2745 2797
2745 2798
2746 2747
2746 2797
2746 2798
2747 2748
2747 2798
2747 2799
2748 2749
2748 2799
2749 2750
2749 2799
2749 2800
2750 2751
2750 2800
2750 2801
2751 2752
2751 2800
2751 2801
2751 2802
2752 2753
2752 2801
2752 2802
2753 2754
2753 2802
2753 2803
2754 2755
2754 2803
2754 2804
2755 2756
2755 2803
2755 2804
2755 2805
2756 2757
2756 2804
2756 2805
2757 2758
2757 2805
2757 2806
2758 2759
2758 2806
2759 2806
2759 2807
2760 2761
2760 2807
2760 2808
2761 2808
2761 2809
2762 2763
2762 2809
2762 2810
2762 2811
2763 2764
2763 2810
2763 2811
2763 2812
2764 2765
2764 2811
2764 2812
2764 2813
2765 2766
2765 2812
2765 2813
2765 2814
2766 2767
2766 2813
2766 2814
2766 2815
2767 2768
2767 2814
2767 2815
2767 2816
2768 2769
2768 2815
2768 2816
2768 2817
2769 2770
2769 2816
2769 2817
2770 2771
2770 2817
2770 2818
2771 2772
2771 2818
2771 2819
2772 2773
2772 2818
2772 2819
2772 2820
2773 2774
2773 2819
2773 2820
2773 2821
2774 2775
2774 2820
2774 2821
2774 2822
2775 2821
2775 2822
2775 2823
2776 2777
2776 2823
2776 2824
2776 2825
2777 2778
2777 2824
2777 2825
2777 2826
2778 2779
2778 2825
2778 2826
2778 2827
2779 2780
2779 2826
2779 2827
2779 2828
2780 2827
2780 2828
2780 2829
2781 2782
2781 2830
2781 2831
2782 2783
2782 2830
2782 2831
2782 2832
2783 2784
2783 2831
2783 2832
2783 2833
2784 2785
2784 2832
2784 2833
2784 2834
2785 2833
2785 2834
2785 2835
2786 2787
2786 2835
2786 2836
2786 2837
2787 2788
2787 2836
2787 2837
2787 2838
2788 2789
2788 2837
2788 2838
2788 2839
2789 2838
2789 2839
2789 2840
2790 2791
2790 2840
2790 2841
2790 2842
2791 2792
2791 2841
2791 2842
2792 2793
2792 2842
2792 2843
2793 2794
2793 2843
2793 2844
2794 2843
2794 2844
2794 2845
2795 2796
2795 2846
2795 2847
2796 2797
2796 2846
2796 2847
2796 2848
2797 2798
2797 2847
2797 2848
2797 2849
2798 2848
2798 2849
2798 2850
2799 2850
2799 2851
2799 2852
2800 2801
2800 2852
2800 2853
2800 2854
2801 2802
2801 2853
2801 2854
2801 2855
2802 2854
2802 2855
2802 2856
2803 2804
2803 2856
2803 2857
2804 2805
2804 2857
2804 2858
2805 2858
2806 2859
2806 2860
2807 2860
2807 2861
2808 2809
2808 2862
2808 2863
2809 2810
2809 2862
2809 2863
2809 2864
2810 2811
2810 2863
2810 2864
2810 2865
2811 2812
2811 2864
2811 2865
2811 2866
2812 2813
2812 2865
2812 2866
2812 2867
2813 2814
2813 2866
2813 2867
2814 2815
2814 2867
2815 2816
2815 2868
2816 2817
2816 2868
2816 2869
2817 2868
2817 2869
2817 2870
2818 2819
2818 2870
2818 2871
2819 2820
2819 2871
2819 2872
2820 2821
2820 2872
2820 2873
2821 2822
2821 2872
2821 2873
2821 2874
2822 2823
2822 2873
2822 2874
2822 2875
2823 2824
2823 2874
2823 2875
2823 2876
2824 2825
2824 2875
2824 2876
2824 2877
2825 2826
2825 2876
2825 2877
2826 2827
2826 2877
2826 2878
2827 2828
2827 2878
2828 2829
2828 2878
2828 2879
2829 2879
2830 2831
2831 2832
2832 2833
2833 2834
2834 2835
2835 2836
2836 2837
2837 2838
2838 2839
2839 2840
2840 2841
2841 2842
2843 2844
2844 2845
2846 2847
2847 2848
2848 2849
2849 2850
2850 2851
2851 2852
2852 2853
2853 2854
2854 2855
2855 2856
2856 2857
2859 2860
2860 2861
2862 2863
2863 2864
2864 2865
2865 2866
2866 2867
2868 2869
2869 2870
2870 2871
2872 2873
2873 2874
2874 2875
2875 2876
2876 2877
