# FromNodeId	ToNodeId
0 1
0 19
0 20
1 19
1 20
1 21
3 22
4 5
4 24
4 25
5 6
5 24
5 25
5 26
6 7
6 25
6 26
7 8
7 26
8 9
8 27
9 27
9 28
10 11
10 29
11 12
12 13
12 30
13 30
13 31
14 15
14 31
14 32
15 32
15 33
16 33
16 34
17 18
17 35
17 36
18 35
18 36
19 20
19 37
19 38
20 21
20 37
20 38
20 39
21 38
21 39
21 40
22 23
22 43
23 43
23 44
24 25
24 44
24 45
24 46
25 26
25 45
25 46
26 46
26 47
27 28
27 48
27 49
27 50
28 29
28 49
28 50
28 51
29 50
29 51
29 52
30 31
30 53
30 54
30 55
31 32
31 54
31 55
31 56
32 55
32 56
32 57
33 34
33 57
33 58
33 59
34 58
34 59
34 60
35 36
35 60
35 61
35 62
36 61
36 62
37 38
37 63
37 64
38 39
38 63
38 64
38 65
39 40
39 64
39 65
39 66
40 41
40 65
40 66
40 67
41 42
41 66
41 67
41 68
42 67
42 68
42 69
43 69
43 70
43 71
44 45
44 71
44 72
44 73
45 46
45 72
45 73
45 74
46 73
46 74
47 48
47 75
47 76
48 49
48 75
48 76
48 77
49 50
49 76
49 77
49 78
50 51
50 77
50 78
50 79
51 52
51 78
51 79
51 80
52 79
52 80
53 54
53 81
54 55
54 81
54 82
55 56
55 82
55 83
56 57
56 82
56 83
56 84
57 58
57 83
57 84
57 85
58 59
58 84
58 85
59 60
59 85
59 86
60 61
60 86
60 87
61 62
61 86
61 87
61 88
62 87
62 88
63 64
63 89
63 90
64 65
64 89
64 90
65 66
65 90
65 91
66 67
66 91
66 92
67 68
67 91
67 92
67 93
68 69
68 92
68 93
68 94
69 70
69 93
69 94
69 95
70 71
70 94
70 95
70 96
71 72
71 95
71 96
71 97
72 73
72 96
72 97
72 98
73 74
73 97
73 98
74 98
74 99
75 76
75 99
75 100
75 101
76 77
76 100
76 101
76 102
77 78
77 101
77 102
77 103
78 79
78 102
78 103
78 104
79 80
79 103
79 104
79 105
80 104
80 105
81 106
81 107
82 83
82 107
83 84
83 108
84 85
84 108
84 109
85 108
85 109
85 110
86 87
86 110
86 111
86 112
87 88
87 111
87 112
87 113
88 112
88 113
89 90
89 114
89 115
90 114
90 115
90 116
91 92
91 116
91 117
91 118
92 93
92 117
92 118
92 119
93 94
93 118
93 119
93 120
94 95
94 119
94 120
94 121
95 96
95 120
95 121
95 122
96 97
96 121
96 122
96 123
97 98
97 122
97 123
97 124
98 123
98 124
98 125
99 100
99 125
99 126
99 127
100 101
100 126
100 127
100 128
101 102
101 127
101 128
101 129
102 103
102 128
102 129
103 104
103 129
103 130
104 105
104 130
105 130
105 131
106 107
106 131
106 132
106 133
107 132
107 133
107 134
108 109
108 135
108 136
109 110
109 136
109 137
110 111
110 137
110 138
111 112
111 137
111 138
111 139
112 113
112 138
112 139
112 140
113 139
113 140
114 115
114 141
115 116
115 141
115 142
116 117
116 141
116 142
117 118
117 142
117 143
118 119
118 143
118 144
119 120
119 143
119 144
120 121
120 144
120 145
121 122
121 145
121 146
122 123
122 145
122 146
122 147
123 124
123 146
123 147
123 148
124 125
124 147
124 148
124 149
125 126
125 148
125 149
125 150
126 127
126 149
126 150
126 151
127 128
127 150
127 151
127 152
128 129
128 151
128 152
128 153
129 152
129 153
129 154
130 154
130 155
130 156
131 132
131 156
131 157
131 158
132 133
132 157
132 158
132 159
133 134
133 158
133 159
133 160
134 135
134 159
134 160
134 161
135 136
135 160
135 161
135 162
136 161
136 162
136 163
137 138
137 163
137 164
137 165
138 139
138 164
138 165
138 166
139 140
139 165
139 166
139 167
140 166
140 167
141 142
141 168
142 168
142 169
143 144
143 169
143 170
143 171
144 170
144 171
145 146
145 172
145 173
146 147
146 172
146 173
146 174
147 148
147 173
147 174
147 175
148 149
148 174
148 175
148 176
149 150
149 175
149 176
149 177
150 151
150 176
150 177
150 178
151 152
151 177
151 178
152 153
152 178
152 179
153 154
153 179
153 180
154 155
154 179
154 180
154 181
155 156
155 180
155 181
155 182
156 157
156 181
156 182
156 183
157 158
157 182
157 183
157 184
158 159
158 183
158 184
159 160
159 184
159 185
160 161
160 185
160 186
161 162
161 185
161 186
162 163
162 186
163 164
163 187
164 165
164 187
164 188
165 166
165 187
165 188
166 167
166 188
168 169
168 190
168 191
168 192
169 170
169 191
169 192
169 193
170 171
170 192
170 193
171 193
171 194
172 173
172 194
172 195
173 174
173 195
174 175
174 195
174 196
175 176
175 196
175 197
176 177
176 196
176 197
176 198
177 178
177 197
177 198
178 198
178 199
179 180
179 199
179 200
180 181
180 200
180 201
181 182
181 201
181 202
182 183
182 201
182 202
183 184
183 202
183 203
184 203
185 186
185 204
185 205
186 204
186 205
186 206
187 188
187 207
187 208
187 209
188 208
188 209
188 210
189 190
189 211
190 191
190 211
190 212
191 192
191 211
191 212
191 213
192 193
192 212
192 213
192 214
193 213
193 214
193 215
194 215
194 216
194 217
195 217
195 218
196 197
196 218
196 219
196 220
197 198
197 219
197 220
198 220
199 200
199 221
199 222
200 221
200 222
201 202
201 223
202 223
202 224
203 224
203 225
203 226
204 205
204 226
204 227
204 228
205 206
205 227
205 228
206 207
206 228
206 229
207 208
207 229
207 230
208 209
208 229
208 230
208 231
209 210
209 230
209 231
210 231
210 232
211 212
211 233
211 234
211 235
212 213
212 234
212 235
212 236
213 214
213 235
213 236
213 237
214 215
214 236
214 237
214 238
215 216
215 237
215 238
215 239
216 217
216 238
216 239
216 240
217 239
217 240
217 241
218 219
218 241
218 242
218 243
219 220
219 242
219 243
219 244
220 243
220 244
220 245
221 222
221 246
221 247
222 247
223 224
223 248
223 249
223 250
224 225
224 249
224 250
224 251
225 226
225 250
225 251
225 252
226 227
226 251
226 252
226 253
227 228
227 252
227 253
227 254
228 253
228 254
229 230
229 255
229 256
230 231
230 255
230 256
230 257
231 256
231 257
232 258
233 234
233 259
234 235
234 259
234 260
235 236
235 260
235 261
236 237
236 260
236 261
237 238
237 261
237 262
238 239
238 262
238 263
239 240
239 262
239 263
239 264
240 241
240 263
240 264
241 242
241 264
241 265
242 243
242 265
242 266
243 244
243 265
243 266
243 267
244 245
244 266
244 267
244 268
245 246
245 267
245 268
246 268
246 269
247 269
247 270
247 271
248 249
248 271
248 272
248 273
249 250
249 272
249 273
249 274
250 251
250 273
250 274
251 252
251 274
251 275
252 253
252 275
253 254
253 275
253 276
254 276
255 256
255 277
255 278
256 257
256 277
256 278
256 279
257 278
257 279
257 280
258 280
258 281
259 282
260 261
260 282
260 283
261 283
261 284
262 263
262 284
262 285
262 286
263 264
263 285
263 286
263 287
264 286
264 287
264 288
265 266
265 288
265 289
266 267
266 289
266 290
267 268
267 289
267 290
267 291
268 290
268 291
268 292
269 270
269 292
269 293
269 294
270 271
270 293
270 294
270 295
271 272
271 294
271 295
271 296
272 273
272 295
272 296
272 297
273 274
273 296
273 297
273 298
274 297
274 298
274 299
275 299
275 300
275 301
276 301
277 278
277 302
278 279
278 302
278 303
279 280
279 302
279 303
279 304
280 281
280 303
280 304
280 305
281 304
281 305
282 283
282 306
282 307
283 307
283 308
284 285
284 308
284 309
284 310
285 286
285 309
285 310
285 311
286 287
286 310
286 311
287 288
287 311
287 312
288 312
288 313
289 290
289 313
289 314
289 315
290 291
290 314
290 315
290 316
291 292
291 315
291 316
291 317
292 293
292 316
292 317
293 294
293 317
293 318
294 295
294 318
294 319
295 296
295 318
295 319
295 320
296 297
296 319
296 320
296 321
297 298
297 320
297 321
297 322
298 299
298 321
298 322
298 323
299 300
299 322
299 323
299 324
300 301
300 323
300 324
300 325
301 324
301 325
301 326
302 303
302 328
302 329
303 304
303 328
303 329
303 330
304 305
304 329
304 330
304 331
305 330
305 331
306 307
307 332
308 309
308 332
308 333
308 334
309 310
309 333
309 334
310 311
310 334
311 335
312 313
312 335
312 336
312 337
313 314
313 336
313 337
313 338
314 315
314 337
314 338
314 339
315 316
315 338
315 339
315 340
316 317
316 339
316 340
317 340
317 341
318 319
318 341
318 342
319 320
319 342
319 343
320 321
320 343
320 344
321 322
321 343
321 344
321 345
322 323
322 344
322 345
322 346
323 324
323 345
323 346
323 347
324 325
324 346
324 347
324 348
325 326
325 347
325 348
325 349
326 327
326 348
326 349
326 350
327 349
327 350
327 351
328 329
328 351
328 352
328 353
329 330
329 352
329 353
329 354
330 331
330 353
330 354
330 355
331 354
331 355
332 333
332 357
332 358
333 334
333 357
333 358
333 359
334 358
334 359
334 360
335 336
335 361
335 362
335 363
336 337
336 362
336 363
336 364
337 338
337 363
337 364
337 365
338 339
338 364
338 365
339 340
339 365
339 366
340 366
340 367
341 342
341 367
341 368
341 369
342 368
342 369
342 370
343 344
343 370
343 371
343 372
344 345
344 371
344 372
344 373
345 346
345 372
345 373
345 374
346 347
346 373
346 374
346 375
347 348
347 374
347 375
347 376
348 349
348 375
348 376
348 377
349 350
349 376
349 377
349 378
350 351
350 377
350 378
350 379
351 352
351 378
351 379
351 380
352 353
352 379
352 380
352 381
353 354
353 380
353 381
353 382
354 355
354 381
354 382
355 382
356 383
356 384
357 358
357 384
357 385
357 386
358 359
358 385
358 386
358 387
359 360
359 386
359 387
359 388
360 361
360 387
360 388
360 389
361 362
361 388
361 389
361 390
362 363
362 389
362 390
362 391
363 364
363 390
363 391
363 392
364 365
364 391
364 392
364 393
365 392
365 393
365 394
366 367
366 394
366 395
367 368
367 395
367 396
368 369
368 396
368 397
369 370
369 396
369 397
369 398
370 371
370 397
370 398
371 372
371 398
371 399
372 373
372 399
372 400
373 374
373 399
373 400
373 401
374 375
374 400
374 401
374 402
375 376
375 401
375 402
376 377
376 402
376 403
377 378
377 403
377 404
378 379
378 403
378 404
378 405
379 380
379 404
379 405
380 381
380 405
380 406
381 382
381 406
381 407
382 406
382 407
382 408
383 384
383 409
384 385
384 409
384 410
385 386
385 409
385 410
385 411
386 387
386 410
386 411
386 412
387 388
387 411
387 412
387 413
388 389
388 412
388 413
388 414
389 390
389 413
389 414
389 415
390 391
390 414
390 415
390 416
391 392
391 415
391 416
391 417
392 393
392 416
392 417
392 418
393 394
393 417
393 418
393 419
394 395
394 418
394 419
394 420
395 419
395 420
396 397
396 421
397 398
397 421
397 422
398 421
398 422
398 423
399 400
399 423
399 424
399 425
400 401
400 424
400 425
401 402
401 425
401 426
402 426
402 427
403 404
403 427
403 428
403 429
404 405
404 428
404 429
404 430
405 429
405 430
405 431
406 407
406 431
406 432
407 408
407 432
407 433
408 432
408 433
409 410
409 434
409 435
409 436
410 411
410 435
410 436
410 437
411 412
411 436
411 437
412 413
412 437
412 438
413 414
413 438
413 439
414 415
414 438
414 439
414 440
415 416
415 439
415 440
415 441
416 417
416 440
416 441
416 442
417 418
417 441
417 442
417 443
418 419
418 442
418 443
418 444
419 420
419 443
419 444
419 445
420 444
420 445
420 446
421 422
421 447
421 448
421 449
422 423
422 448
422 449
422 450
423 424
423 449
423 450
423 451
424 425
424 450
424 451
425 451
425 452
426 427
426 452
426 453
426 454
427 428
427 453
427 454
427 455
428 429
428 454
428 455
429 430
429 455
429 456
430 431
430 456
430 457
431 456
431 457
432 433
432 458
433 458
434 435
434 459
434 460
435 436
435 459
435 460
435 461
436 437
436 460
436 461
436 462
437 461
437 462
437 463
438 439
438 463
438 464
439 440
439 464
440 441
440 464
440 465
441 442
441 465
442 443
442 465
442 466
443 444
443 466
443 467
444 445
444 466
444 467
444 468
445 446
445 467
445 468
445 469
446 447
446 468
446 469
446 470
447 448
447 469
447 470
447 471
448 449
448 470
448 471
449 450
449 471
449 472
450 451
450 472
450 473
451 472
451 473
451 474
452 453
452 474
452 475
452 476
453 454
453 475
453 476
453 477
454 455
454 476
454 477
454 478
455 477
455 478
456 457
456 479
457 479
457 480
458 481
458 482
459 460
459 483
460 461
460 483
460 484
461 462
461 483
461 484
461 485
462 463
462 484
462 485
462 486
463 485
463 486
463 487
464 487
464 488
464 489
465 489
465 490
465 491
466 467
466 491
466 492
467 468
467 492
468 469
469 470
469 493
470 471
470 493
470 494
471 493
471 494
471 495
472 473
472 495
472 496
473 474
473 496
473 497
474 475
474 497
474 498
475 476
475 497
475 498
475 499
476 477
476 498
476 499
476 500
477 478
477 499
477 500
477 501
478 500
478 501
478 502
479 480
479 503
479 504
479 505
480 481
480 504
480 505
480 506
481 482
481 505
481 506
481 507
482 506
482 507
483 484
483 508
483 509
484 485
484 509
485 486
485 509
485 510
486 487
486 510
486 511
487 488
487 510
487 511
487 512
488 489
488 511
488 512
488 513
489 490
489 512
489 513
489 514
490 491
490 513
490 514
491 492
491 514
491 515
492 515
492 516
493 494
493 518
493 519
493 520
494 495
494 519
494 520
494 521
495 496
495 520
495 521
495 522
496 521
496 522
496 523
497 498
497 523
497 524
498 499
498 524
498 525
499 500
499 525
499 526
500 501
500 525
500 526
500 527
501 502
501 526
501 527
501 528
502 503
502 527
502 528
502 529
503 504
503 528
503 529
503 530
504 505
504 529
504 530
505 506
505 530
505 531
506 507
506 531
506 532
507 531
507 532
508 533
509 534
509 535
510 511
510 535
510 536
510 537
511 512
511 536
511 537
511 538
512 513
512 537
512 538
512 539
513 514
513 538
513 539
513 540
514 539
514 540
515 516
515 541
516 517
516 541
516 542
517 518
517 541
517 542
517 543
518 519
518 542
518 543
519 520
519 543
519 544
520 521
520 544
520 545
521 522
521 544
521 545
521 546
522 523
522 545
522 546
522 547
523 524
523 546
523 547
524 547
524 548
525 526
525 548
525 549
525 550
526 527
526 549
526 550
527 528
527 550
527 551
528 529
528 551
528 552
529 530
529 551
529 552
529 553
530 552
530 553
530 554
531 532
531 554
533 555
534 535
535 536
535 556
536 537
536 556
536 557
537 538
537 556
537 557
537 558
538 539
538 557
538 558
539 540
539 558
539 559
540 559
541 542
541 560
541 561
542 543
542 561
543 562
544 545
544 562
544 563
544 564
545 546
545 563
545 564
545 565
546 547
546 564
546 565
546 566
547 565
547 566
547 567
548 549
548 567
548 568
548 569
549 550
549 568
549 569
550 569
550 570
551 552
551 570
551 571
552 553
552 571
552 572
553 554
553 571
553 572
554 572
554 573
555 575
555 576
556 557
556 578
556 579
556 580
557 558
557 579
557 580
557 581
558 580
558 581
558 582
559 582
559 583
560 561
560 583
560 584
560 585
561 584
561 585
562 563
562 586
562 587
563 564
563 587
563 588
564 565
564 587
564 588
564 589
565 566
565 588
565 589
565 590
566 567
566 589
566 590
566 591
567 568
567 590
567 591
568 569
568 591
569 592
570 592
570 593
570 594
571 572
571 594
571 595
571 596
572 595
572 596
572 597
573 574
573 597
573 598
573 599
574 598
574 599
575 576
575 600
575 601
576 577
576 600
576 601
577 578
577 601
577 602
578 579
578 602
578 603
579 580
579 602
579 603
579 604
580 581
580 603
580 604
580 605
581 582
581 604
581 605
581 606
582 605
582 606
582 607
583 584
583 607
583 608
583 609
584 585
584 608
584 609
584 610
585 609
585 610
585 611
586 611
586 612
587 588
587 612
587 613
587 614
588 589
588 613
588 614
588 615
589 590
589 614
589 615
589 616
590 591
590 615
590 616
590 617
591 616
591 617
591 618
592 593
592 619
593 594
593 619
593 620
594 595
594 619
594 620
595 596
595 620
595 621
596 597
596 621
597 598
597 621
597 622
598 599
598 622
599 622
600 601
600 623
601 623
601 624
602 603
602 624
602 625
602 626
603 604
603 625
603 626
603 627
604 605
604 626
604 627
604 628
605 606
605 627
605 628
605 629
606 607
606 628
606 629
606 630
607 608
607 629
607 630
607 631
608 609
608 630
608 631
608 632
609 610
609 631
609 632
609 633
610 611
610 632
610 633
611 633
611 634
612 613
612 634
612 635
613 614
613 635
613 636
614 615
614 635
614 636
614 637
615 616
615 636
615 637
616 617
616 637
616 638
617 618
617 638
617 639
618 638
618 639
618 640
619 620
619 641
619 642
619 643
620 642
620 643
620 644
621 644
621 645
621 646
622 646
622 647
622 648
623 649
623 650
624 625
624 650
624 651
624 652
625 626
625 651
625 652
625 653
626 627
626 652
626 653
627 628
627 653
627 654
628 629
628 654
628 655
629 630
629 654
629 655
630 631
630 655
630 656
631 632
631 656
631 657
632 633
632 656
632 657
632 658
633 657
633 658
633 659
634 659
634 660
634 661
635 636
635 661
635 662
635 663
636 637
636 662
636 663
636 664
637 663
637 664
637 665
638 639
638 665
638 666
639 640
639 666
639 667
640 641
640 667
640 668
641 642
641 667
641 668
641 669
642 643
642 668
642 669
643 644
643 669
644 645
644 670
645 646
645 670
645 671
646 647
646 670
646 671
646 672
647 648
647 671
647 672
648 672
649 650
649 673
649 674
650 651
650 673
650 674
650 675
651 652
651 674
651 675
651 676
652 653
652 675
652 676
653 676
653 677
654 655
654 677
654 678
655 678
656 657
657 658
657 679
658 659
658 679
658 680
659 660
659 679
659 680
659 681
660 661
660 680
660 681
660 682
661 662
661 681
661 682
661 683
662 663
662 682
662 683
662 684
663 664
663 683
663 684
664 665
664 684
664 685
665 666
665 685
665 686
666 685
666 686
667 668
667 687
667 688
668 669
668 687
668 688
668 689
669 688
669 689
669 690
670 671
670 691
670 692
670 693
671 672
671 692
671 693
671 694
672 693
672 694
672 695
673 674
673 696
674 675
674 696
674 697
675 676
675 696
675 697
676 697
676 698
677 678
677 698
677 699
678 699
678 700
679 680
679 703
679 704
679 705
680 681
680 704
680 705
680 706
681 682
681 705
681 706
681 707
682 683
682 706
682 707
682 708
683 684
683 707
683 708
683 709
684 708
684 709
684 710
685 686
685 710
685 711
685 712
686 711
686 712
686 713
687 688
687 713
687 714
688 689
688 714
688 715
689 690
689 715
689 716
690 691
690 715
690 716
691 692
691 716
691 717
692 693
692 717
692 718
693 694
693 717
693 718
693 719
694 695
694 718
694 719
695 719
696 697
699 700
700 701
701 702
702 703
703 704
704 705
705 706
706 707
707 708
708 709
709 710
710 711
711 712
712 713
713 714
715 716
717 718
718 719
