# FromNodeId	ToNodeId
0 1
0 43
0 44
1 2
1 43
1 44
1 45
2 3
2 44
2 45
2 46
3 4
3 45
3 46
3 47
4 5
4 46
4 47
4 48
5 6
5 47
5 48
6 48
6 49
7 8
7 49
7 50
7 51
8 9
8 50
8 51
9 10
9 51
9 52
10 52
10 53
11 12
11 53
11 54
12 54
13 14
13 55
13 56
14 15
14 55
14 56
14 57
15 16
15 56
15 57
15 58
16 17
16 57
16 58
17 18
17 58
17 59
18 19
18 59
18 60
19 20
19 59
19 60
19 61
20 21
20 60
20 61
20 62
21 22
21 61
21 62
21 63
22 23
22 62
22 63
22 64
23 63
23 64
24 25
25 26
25 65
26 27
26 65
26 66
27 28
27 65
27 66
27 67
28 29
28 66
28 67
28 68
29 67
29 68
29 69
30 31
30 69
30 70
31 32
31 70
31 71
32 33
32 71
32 72
33 34
33 71
33 72
33 73
34 72
34 73
34 74
35 36
35 74
35 75
36 75
37 38
37 76
37 77
38 39
38 76
38 77
38 78
39 40
39 77
39 78
40 41
40 78
40 79
41 42
41 79
42 79
43 44
43 80
43 81
44 45
44 80
44 81
44 82
45 46
45 81
45 82
46 47
46 82
47 48
47 83
48 83
48 84
49 50
49 84
49 85
49 86
50 51
50 85
50 86
50 87
51 86
51 87
51 88
52 53
52 88
52 89
52 90
53 54
53 89
53 90
53 91
54 90
54 91
54 92
55 56
55 93
55 94
56 57
56 93
56 94
57 58
57 94
57 95
58 95
59 60
59 96
59 97
60 61
60 96
60 97
60 98
61 62
61 97
61 98
61 99
62 63
62 98
62 99
63 64
63 99
65 66
65 101
65 102
66 67
66 102
67 68
67 103
68 69
68 103
68 104
69 70
69 103
69 104
69 105
70 104
70 105
70 106
71 72
71 106
71 107
71 108
72 73
72 107
72 108
73 74
73 108
73 109
74 109
74 110
75 110
75 111
75 112
76 77
76 112
76 113
77 78
77 113
78 114
79 114
79 115
80 81
80 116
80 117
81 82
81 116
81 117
81 118
82 117
82 118
82 119
83 84
83 120
83 121
83 122
84 85
84 121
84 122
85 86
85 122
85 123
86 87
86 123
87 88
87 123
88 89
88 124
89 90
89 124
89 125
90 91
90 124
90 125
91 92
91 125
92 126
93 94
93 126
93 127
93 128
94 127
94 128
94 129
95 129
95 130
95 131
96 97
96 131
96 132
96 133
97 98
97 132
97 133
98 99
98 133
98 134
99 134
99 135
100 101
100 137
100 138
100 139
101 102
101 138
101 139
101 140
102 139
102 140
102 141
103 104
103 142
103 143
104 105
104 143
104 144
105 106
105 143
105 144
105 145
106 107
106 144
106 145
107 108
107 145
107 146
108 146
108 147
109 110
109 147
109 148
109 149
110 111
110 148
110 149
110 150
111 112
111 149
111 150
112 113
112 150
113 151
114 115
114 152
114 153
115 153
116 117
116 154
117 118
117 154
117 155
118 119
118 155
119 120
119 155
119 156
120 121
120 156
121 122
121 156
121 157
122 157
122 158
123 158
123 159
123 160
124 125
124 161
124 162
125 161
125 162
125 163
126 127
126 164
126 165
127 128
127 165
127 166
128 129
128 166
129 130
129 166
129 167
130 131
130 167
131 132
131 167
131 168
132 133
132 168
132 169
133 168
133 169
134 135
134 170
134 171
135 136
135 170
135 171
135 172
136 137
136 171
136 172
136 173
137 138
137 172
137 173
137 174
138 139
138 173
138 174
138 175
139 140
139 174
139 175
139 176
140 141
140 175
140 176
140 177
141 142
141 176
141 177
141 178
142 177
142 178
142 179
143 144
143 179
143 180
143 181
144 145
144 180
144 181
145 181
145 182
146 147
146 182
146 183
146 184
147 148
147 183
147 184
147 185
148 149
148 184
148 185
148 186
149 150
149 185
149 186
150 186
150 187
151 152
151 188
151 189
151 190
152 189
152 190
152 191
153 191
153 192
154 193
155 194
155 195
156 195
156 196
156 197
157 158
157 197
157 198
157 199
158 159
158 198
158 199
158 200
159 160
159 199
159 200
159 201
160 200
160 201
160 202
161 162
161 202
161 203
162 163
162 203
162 204
163 164
163 204
164 165
164 204
165 205
166 205
166 206
166 207
167 207
167 208
167 209
168 169
168 209
168 210
169 210
169 211
170 171
170 211
170 212
170 213
171 172
171 212
171 213
171 214
172 173
172 213
172 214
172 215
173 174
173 214
173 215
173 216
174 175
174 215
174 216
175 176
175 216
175 217
176 177
176 217
176 218
177 178
177 217
177 218
177 219
178 179
178 218
178 219
178 220
179 180
179 219
179 220
179 221
180 181
180 220
180 221
180 222
181 221
181 222
181 223
182 183
182 223
182 224
183 184
183 224
183 225
184 185
184 224
184 225
184 226
185 186
185 225
185 226
185 227
186 226
186 227
186 228
187 188
187 228
187 229
187 230
188 189
188 229
188 230
188 231
189 190
189 230
189 231
190 191
190 231
191 232
192 232
193 233
193 234
194 195
194 234
195 196
195 235
196 197
196 235
196 236
197 198
197 235
197 236
197 237
198 199
198 236
198 237
198 238
199 200
199 237
199 238
200 201
200 238
200 239
201 202
201 239
201 240
202 203
202 239
202 240
202 241
203 240
203 241
204 242
205 206
205 243
205 244
205 245
206 207
206 244
206 245
206 246
207 208
207 245
207 246
208 209
208 246
208 247
209 247
210 211
210 248
211 212
211 248
211 249
212 213
212 249
212 250
213 214
213 249
213 250
213 251
214 215
214 250
214 251
214 252
215 216
215 251
215 252
216 252
216 253
217 218
217 253
217 254
217 255
218 219
218 254
218 255
218 256
219 220
219 255
219 256
219 257
220 221
220 256
220 257
220 258
221 222
221 257
221 258
222 223
222 258
222 259
223 259
223 260
224 225
224 260
224 261
225 226
225 261
225 262
226 227
226 262
226 263
227 228
227 262
227 263
227 264
228 229
228 263
228 264
228 265
229 230
229 264
229 265
229 266
230 231
230 265
230 266
231 266
231 267
232 268
232 269
233 234
233 270
233 271
234 270
234 271
234 272
235 236
235 273
235 274
236 237
236 273
236 274
237 238
237 274
237 275
238 275
238 276
239 240
239 276
240 241
240 277
241 277
242 278
243 244
243 279
243 280
244 245
244 279
244 280
244 281
245 246
245 280
245 281
245 282
246 281
246 282
246 283
247 283
247 284
248 284
248 285
249 250
249 285
249 286
249 287
250 251
250 286
250 287
250 288
251 252
251 287
251 288
251 289
252 288
252 289
252 290
253 254
253 290
253 291
254 255
254 291
255 256
255 291
255 292
256 257
256 292
256 293
257 258
257 292
257 293
257 294
258 293
258 294
259 260
259 295
260 261
260 295
261 295
261 296
262 263
262 296
262 297
263 264
263 297
264 265
264 298
265 266
265 298
265 299
266 298
266 299
266 300
267 300
267 301
267 302
268 269
268 302
268 303
269 303
270 271
270 304
270 305
271 272
271 304
271 305
272 305
272 306
273 274
273 306
273 307
273 308
274 307
274 308
274 309
275 276
275 309
275 310
275 311
276 310
276 311
276 312
277 313
278 313
278 314
279 280
279 314
279 315
279 316
280 281
280 315
280 316
280 317
281 282
281 316
281 317
281 318
282 283
282 317
282 318
282 319
283 318
283 319
283 320
284 320
284 321
284 322
285 286
285 322
285 323
285 324
286 287
286 323
286 324
287 288
287 324
287 325
288 289
288 325
288 326
289 290
289 325
289 326
289 327
290 326
290 327
290 328
291 328
291 329
291 330
292 293
292 330
292 331
292 332
293 294
293 331
293 332
293 333
294 332
294 333
294 334
295 335
295 336
296 297
296 337
296 338
297 337
297 338
297 339
298 299
298 340
298 341
298 342
299 300
299 341
299 342
299 343
300 301
300 342
300 343
300 344
301 302
301 343
301 344
301 345
302 303
302 344
302 345
302 346
303 345
303 346
303 347
304 305
304 348
305 348
305 349
306 307
306 349
306 350
306 351
307 308
307 350
307 351
307 352
308 309
308 351
308 352
308 353
309 310
309 352
309 353
309 354
310 311
310 353
310 354
310 355
311 312
311 354
311 355
311 356
312 355
312 356
312 357
313 358
313 359
314 315
314 359
314 360
315 316
315 360
315 361
316 317
316 361
316 362
317 318
317 361
317 362
317 363
318 319
318 362
318 363
318 364
319 320
319 363
319 364
319 365
320 321
320 364
320 365
320 366
321 322
321 365
321 366
322 323
322 366
322 367
323 324
323 367
324 367
324 368
325 326
325 368
325 369
326 327
326 369
326 370
327 328
327 369
327 370
328 329
328 370
328 371
329 330
329 371
329 372
330 331
330 371
330 372
330 373
331 332
331 372
331 373
331 374
332 333
332 373
332 374
332 375
333 334
333 374
333 375
333 376
334 335
334 375
334 376
334 377
335 336
335 376
335 377
335 378
336 377
336 378
336 379
337 338
337 379
337 380
337 381
338 339
338 380
338 381
338 382
339 340
339 381
339 382
339 383
340 341
340 382
340 383
341 342
341 383
342 343
342 384
343 344
343 384
343 385
344 345
344 384
344 385
344 386
345 346
345 385
345 386
345 387
346 347
346 386
346 387
346 388
347 387
347 388
348 389
348 390
349 350
349 390
349 391
349 392
350 351
350 391
350 392
350 393
351 352
351 392
351 393
351 394
352 353
352 393
352 394
352 395
353 354
353 394
353 395
353 396
354 355
354 395
354 396
354 397
355 356
355 396
355 397
355 398
356 357
356 397
356 398
356 399
357 358
357 398
357 399
358 399
359 360
359 400
359 401
360 400
360 401
360 402
361 362
361 402
361 403
362 363
362 403
363 364
363 403
363 404
364 365
364 404
365 366
365 404
366 405
367 405
367 406
367 407
368 407
368 408
368 409
369 370
369 409
369 410
369 411
370 410
370 411
370 412
371 372
371 412
371 413
371 414
372 373
372 413
372 414
372 415
373 374
373 414
373 415
373 416
374 375
374 415
374 416
374 417
375 376
375 416
375 417
376 377
376 417
376 418
377 378
377 418
377 419
378 379
378 418
378 419
378 420
379 380
379 419
379 420
380 381
380 420
380 421
381 382
381 421
381 422
382 383
382 421
382 422
382 423
383 422
383 423
384 385
384 424
384 425
384 426
385 386
385 425
385 426
385 427
386 387
386 426
386 427
387 388
387 427
387 428
388 428
389 390
389 429
390 391
390 429
390 430
391 392
391 430
391 431
392 393
392 430
392 431
392 432
393 394
393 431
393 432
393 433
394 395
394 432
394 433
395 396
395 433
395 434
396 397
396 434
397 398
397 434
397 435
398 399
398 435
398 436
399 435
399 436
399 437
400 401
400 438
400 439
401 402
401 438
401 439
401 440
402 439
402 440
403 441
404 441
404 442
405 406
405 443
405 444
405 445
406 407
406 444
406 445
406 446
407 408
407 445
407 446
407 447
408 409
408 446
408 447
408 448
409 410
409 447
409 448
410 411
410 448
410 449
411 412
411 449
411 450
412 413
412 449
412 450
412 451
413 414
413 450
413 451
413 452
414 415
414 451
414 452
415 416
415 452
416 417
418 419
418 453
419 420
419 453
419 454
420 454
421 422
421 455
421 456
422 423
422 455
422 456
422 457
423 456
423 457
423 458
424 425
424 458
424 459
424 460
425 426
425 459
425 460
426 427
426 460
426 461
427 461
427 462
428 462
428 463
429 464
429 465
430 431
430 465
430 466
430 467
431 432
431 466
431 467
432 433
432 467
432 468
433 468
433 469
434 469
434 470
435 436
435 470
435 471
435 472
436 437
436 471
436 472
436 473
437 472
437 473
437 474
438 439
438 474
439 440
439 475
440 475
440 476
441 442
441 477
441 478
442 478
443 444
443 479
443 480
444 445
444 479
444 480
444 481
445 446
445 480
445 481
445 482
446 447
446 481
446 482
447 448
447 482
447 483
448 483
449 450
449 484
449 485
450 451
450 484
450 485
450 486
451 452
451 485
451 486
451 487
452 486
452 487
452 488
453 490
454 491
455 456
455 491
455 492
456 457
456 492
457 458
457 493
458 459
458 493
459 460
459 493
459 494
460 494
460 495
461 462
461 495
461 496
461 497
462 463
462 496
462 497
462 498
463 497
463 498
464 465
464 499
464 500
465 466
465 499
465 500
465 501
466 467
466 500
466 501
466 502
467 501
467 502
468 469
468 503
469 503
469 504
470 471
470 504
470 505
470 506
471 472
471 505
471 506
472 473
472 506
472 507
473 474
473 507
474 507
474 508
475 476
475 509
475 510
475 511
476 477
476 510
476 511
476 512
477 511
477 512
477 513
478 513
478 514
478 515
479 480
479 515
479 516
479 517
480 481
480 516
480 517
481 482
481 517
481 518
482 518
482 519
483 519
483 520
483 521
484 485
484 521
484 522
484 523
485 486
485 522
485 523
485 524
486 487
486 523
486 524
486 525
487 488
487 524
487 525
487 526
488 489
488 525
488 526
488 527
489 526
489 527
489 528
490 528
490 529
490 530
491 492
491 532
491 533
491 534
492 533
492 534
492 535
493 536
493 537
493 538
494 495
494 538
494 539
494 540
495 496
495 539
495 540
495 541
496 497
496 540
496 541
497 498
497 541
497 542
498 542
499 500
499 543
500 501
500 543
501 502
502 544
503 544
503 545
503 546
504 505
504 546
504 547
505 506
505 547
505 548
506 548
506 549
507 549
507 550
507 551
508 509
508 551
508 552
508 553
509 510
509 552
509 553
509 554
510 511
510 553
510 554
510 555
511 512
511 554
511 555
512 513
512 555
513 514
513 556
514 515
514 556
514 557
515 516
515 556
515 557
515 558
516 517
516 557
516 558
516 559
517 558
517 559
517 560
518 519
518 560
518 561
518 562
519 520
519 561
519 562
520 521
520 562
520 563
521 522
521 563
521 564
522 523
522 563
522 564
522 565
523 524
523 564
523 565
523 566
524 525
524 565
524 566
524 567
525 526
525 566
525 567
525 568
526 527
526 567
526 568
526 569
527 528
527 568
527 569
527 570
528 529
528 569
528 570
528 571
529 530
529 570
529 571
529 572
530 531
530 571
530 572
530 573
531 532
531 572
531 573
531 574
532 533
532 573
532 574
532 575
533 534
533 574
533 575
533 576
534 535
534 575
534 576
534 577
535 536
535 576
535 577
535 578
536 537
536 577
536 578
536 579
537 538
537 578
537 579
538 539
538 579
539 540
539 580
540 541
540 580
540 581
541 580
541 581
541 582
542 582
542 583
543 584
543 585
544 545
544 587
545 546
545 588
546 547
546 588
546 589
547 588
547 589
547 590
548 549
548 590
548 591
548 592
549 550
549 591
549 592
549 593
550 551
550 592
550 593
551 552
551 593
551 594
552 553
552 594
552 595
553 554
553 594
553 595
553 596
554 555
554 595
554 596
554 597
555 596
555 597
555 598
556 557
556 599
556 600
556 601
557 558
557 600
557 601
557 602
558 559
558 601
558 602
558 603
559 560
559 602
559 603
559 604
560 561
560 603
560 604
561 562
561 604
561 605
562 605
562 606
563 564
563 606
563 607
563 608
564 565
564 607
564 608
564 609
565 566
565 608
565 609
565 610
566 567
566 609
566 610
566 611
567 568
567 610
567 611
567 612
568 569
568 611
568 612
568 613
569 570
569 612
569 613
569 614
570 571
570 613
570 614
571 572
571 614
571 615
572 573
572 615
572 616
573 574
573 615
573 616
573 617
574 575
574 616
574 617
574 618
575 576
575 617
575 618
575 619
576 577
576 618
576 619
577 578
577 619
577 620
578 579
578 620
578 621
579 620
579 621
579 622
580 581
580 623
580 624
580 625
581 582
581 624
581 625
582 583
582 625
582 626
583 626
584 585
584 627
584 628
585 586
585 627
585 628
585 629
586 587
586 628
586 629
586 630
587 629
587 630
587 631
588 589
588 632
588 633
589 590
589 633
589 634
590 591
590 634
590 635
591 592
591 634
591 635
592 593
592 635
592 636
593 636
593 637
594 595
594 637
594 638
595 596
595 638
595 639
596 597
596 639
597 598
597 639
597 640
598 599
598 640
598 641
599 600
599 640
599 641
599 642
600 601
600 641
600 642
601 602
601 642
601 643
602 603
602 643
602 644
603 604
603 643
603 644
603 645
604 644
604 645
604 646
605 606
605 646
605 647
606 607
606 647
606 648
607 608
607 648
607 649
608 609
608 648
608 649
608 650
609 610
609 649
609 650
609 651
610 611
610 650
610 651
610 652
611 612
611 651
611 652
611 653
612 613
612 652
612 653
612 654
613 614
613 653
613 654
613 655
614 654
614 655
614 656
615 616
615 656
615 657
615 658
616 617
616 657
616 658
616 659
617 618
617 658
617 659
617 660
618 619
618 659
618 660
618 661
619 660
619 661
619 662
620 621
620 662
620 663
620 664
621 622
621 663
621 664
621 665
622 623
622 664
622 665
622 666
623 624
623 665
623 666
624 625
624 666
624 667
625 667
625 668
626 668
626 669
627 628
627 670
627 671
628 629
628 670
628 671
628 672
629 630
629 671
629 672
629 673
630 631
630 672
630 673
631 632
631 673
631 674
632 633
632 674
632 675
633 674
633 675
633 676
634 635
634 676
634 677
634 678
635 677
635 678
635 679
636 637
636 679
636 680
637 638
637 680
637 681
638 680
638 681
638 682
639 682
639 683
639 684
640 641
640 684
640 685
640 686
641 642
641 685
641 686
641 687
642 686
642 687
642 688
643 644
643 688
643 689
644 645
644 689
644 690
645 646
645 690
645 691
646 647
646 690
646 691
646 692
647 691
647 692
647 693
648 649
648 693
648 694
648 695
649 650
649 694
649 695
649 696
650 651
650 695
650 696
650 697
651 652
651 696
651 697
651 698
652 653
652 697
652 698
652 699
653 654
653 698
653 699
653 700
654 655
654 699
654 700
654 701
655 656
655 700
655 701
655 702
656 657
656 701
656 702
656 703
657 658
657 702
657 703
657 704
658 659
658 703
658 704
658 705
659 660
659 704
659 705
659 706
660 661
660 705
660 706
660 707
661 662
661 706
661 707
661 708
662 663
662 707
662 708
663 664
663 708
663 709
664 665
664 709
664 710
665 666
665 709
665 710
665 711
666 710
666 711
666 712
667 668
667 712
667 713
667 714
668 669
668 713
668 714
668 715
669 714
669 715
670 671
670 716
671 672
671 716
671 717
672 673
672 717
672 718
673 717
673 718
673 719
674 675
674 719
674 720
674 721
675 676
675 720
675 721
675 722
676 677
676 721
676 722
676 723
677 678
677 722
677 723
677 724
678 679
678 723
678 724
678 725
679 724
679 725
679 726
680 681
680 726
680 727
680 728
681 682
681 727
681 728
681 729
682 683
682 728
682 729
682 730
683 684
683 729
683 730
683 731
684 685
684 730
684 731
684 732
685 686
685 731
685 732
685 733
686 687
686 732
686 733
686 734
687 688
687 733
687 734
687 735
688 689
688 734
688 735
689 735
690 691
690 736
690 737
691 692
691 736
691 737
691 738
692 693
692 737
692 738
693 694
693 738
694 695
694 739
695 696
695 739
696 697
696 739
697 698
697 740
698 699
698 740
698 741
699 700
699 740
699 741
699 742
700 701
700 741
700 742
700 743
701 702
701 742
701 743
701 744
702 703
702 743
702 744
702 745
703 704
703 744
703 745
703 746
704 705
704 745
704 746
704 747
705 706
705 746
705 747
706 707
706 747
706 748
707 708
707 748
707 749
708 748
708 749
709 710
709 750
709 751
710 711
710 750
710 751
710 752
711 712
711 751
711 752
712 713
712 752
712 753
713 714
713 753
714 715
714 753
716 754
717 718
717 754
717 755
718 719
718 755
718 756
719 720
719 756
720 721
720 756
720 757
721 722
721 757
721 758
722 723
722 757
722 758
722 759
723 724
723 758
723 759
723 760
724 725
724 759
724 760
724 761
725 726
725 760
725 761
725 762
726 727
726 761
726 762
726 763
727 728
727 762
727 763
727 764
728 729
728 763
728 764
728 765
729 730
729 764
729 765
729 766
730 731
730 765
730 766
730 767
731 732
731 766
731 767
731 768
732 733
732 767
732 768
732 769
733 734
733 768
733 769
733 770
734 735
734 769
734 770
734 771
735 770
735 771
735 772
736 737
736 773
736 774
737 738
737 774
737 775
738 774
738 775
739 776
739 777
739 778
740 741
740 779
740 780
740 781
741 742
741 780
741 781
741 782
742 743
742 781
742 782
742 783
743 744
743 782
743 783
743 784
744 745
744 783
744 784
744 785
745 746
745 784
745 785
746 747
746 785
746 786
747 786
747 787
748 749
748 787
748 788
748 789
749 788
749 789
749 790
750 751
750 790
750 791
751 752
751 791
751 792
752 792
752 793
753 793
753 794
753 795
754 755
754 797
755 798
756 798
756 799
756 800
757 758
757 800
757 801
758 759
758 801
759 760
759 801
759 802
760 761
760 802
760 803
761 762
761 802
761 803
761 804
762 763
762 803
762 804
762 805
763 764
763 804
763 805
763 806
764 765
764 805
764 806
765 766
765 806
765 807
766 767
766 807
767 768
767 807
767 808
768 769
768 808
768 809
769 770
769 808
769 809
769 810
770 771
770 809
770 810
770 811
771 772
771 810
771 811
771 812
772 773
772 811
772 812
773 812
773 813
774 775
774 813
774 814
775 814
776 777
776 815
776 816
777 778
777 815
777 816
777 817
778 779
778 816
778 817
778 818
779 780
779 817
779 818
779 819
780 781
780 818
780 819
780 820
781 782
781 819
781 820
781 821
782 783
782 820
782 821
782 822
783 784
783 821
783 822
783 823
784 785
784 822
784 823
785 823
785 824
786 787
786 824
786 825
786 826
787 788
787 825
787 826
787 827
788 789
788 826
788 827
789 790
789 827
789 828
790 791
790 828
790 829
791 828
791 829
791 830
792 793
792 830
792 831
793 794
793 831
793 832
794 795
794 832
794 833
795 796
795 832
795 833
795 834
796 833
796 834
797 835
797 836
798 799
798 837
798 838
799 800
799 838
799 839
800 839
800 840
801 840
801 841
802 803
802 841
802 842
803 804
803 842
803 843
804 805
804 842
804 843
805 806
805 843
805 844
806 844
807 845
807 846
808 809
808 846
808 847
808 848
809 810
809 847
809 848
809 849
810 811
810 848
810 849
810 850
811 812
811 849
811 850
811 851
812 850
812 851
812 852
813 814
813 852
813 853
813 854
814 853
814 854
814 855
815 816
815 856
815 857
815 858
816 817
816 857
816 858
816 859
817 818
817 858
817 859
818 819
818 859
818 860
819 820
819 860
819 861
820 821
820 860
820 861
820 862
821 822
821 861
821 862
822 823
822 862
822 863
823 863
824 825
824 864
824 865
825 826
825 864
825 865
825 866
826 827
826 865
826 866
826 867
827 866
827 867
827 868
828 829
828 868
828 869
828 870
829 830
829 869
829 870
830 831
830 870
830 871
831 871
832 833
832 872
833 834
833 872
833 873
834 872
834 873
835 836
835 874
836 837
836 874
836 875
837 838
837 874
837 875
837 876
838 875
838 876
838 877
839 840
839 877
839 878
840 878
841 879
841 880
842 843
842 880
842 881
843 881
843 882
844 882
844 883
844 884
845 846
845 884
845 885
845 886
846 847
846 885
846 886
846 887
847 848
847 886
847 887
847 888
848 849
848 887
848 888
848 889
849 850
849 888
849 889
850 851
850 889
850 890
851 852
851 890
851 891
852 853
852 890
852 891
852 892
853 854
853 891
853 892
853 893
854 855
854 892
854 893
854 894
855 856
855 893
855 894
855 895
856 857
856 894
856 895
856 896
857 858
857 895
857 896
857 897
858 859
858 896
858 897
859 897
859 898
860 861
860 898
860 899
860 900
861 862
861 899
861 900
861 901
862 900
862 901
862 902
863 902
864 865
864 903
864 904
865 866
865 903
865 904
865 905
866 867
866 904
866 905
866 906
867 868
867 905
867 906
867 907
868 869
868 906
868 907
868 908
869 870
869 907
869 908
869 909
870 908
870 909
870 910
871 910
871 911
872 873
872 912
874 875
874 913
874 914
874 915
875 876
875 914
875 915
875 916
876 877
876 915
876 916
876 917
877 916
877 917
878 918
878 919
879 880
879 919
879 920
880 881
880 920
880 921
881 920
881 921
881 922
882 883
882 922
882 923
883 884
883 923
883 924
884 885
884 923
884 924
884 925
885 886
885 924
885 925
885 926
886 887
886 925
886 926
887 888
887 926
887 927
888 889
888 927
889 927
889 928
890 891
890 928
890 929
890 930
891 892
891 929
891 930
891 931
892 893
892 930
892 931
892 932
893 894
893 931
893 932
893 933
894 895
894 932
894 933
894 934
895 896
895 933
895 934
895 935
896 897
896 934
896 935
896 936
897 935
897 936
897 937
898 899
898 937
898 938
898 939
899 900
899 938
899 939
899 940
900 901
900 939
900 940
900 941
901 902
901 940
901 941
901 942
902 941
902 942
902 943
903 904
903 944
903 945
904 905
904 945
905 906
905 946
906 907
906 946
906 947
907 908
907 946
907 947
908 909
908 947
908 948
909 910
909 948
909 949
910 948
910 949
910 950
911 912
911 950
911 951
911 952
912 951
912 952
913 914
913 954
913 955
914 915
914 954
914 955
914 956
915 916
915 955
915 956
916 917
916 956
916 957
917 957
918 919
918 958
918 959
919 958
919 959
919 960
920 921
920 960
920 961
920 962
921 922
921 961
921 962
922 962
922 963
923 924
923 963
923 964
924 925
924 964
924 965
925 926
925 964
925 965
925 966
926 965
926 966
926 967
927 967
927 968
927 969
928 929
928 969
928 970
928 971
929 930
929 970
929 971
930 931
930 971
930 972
931 932
931 972
931 973
932 933
932 972
932 973
932 974
933 934
933 973
933 974
933 975
934 935
934 974
934 975
935 936
935 975
935 976
936 937
936 976
936 977
937 938
937 976
937 977
937 978
938 939
938 977
938 978
938 979
939 940
939 978
939 979
939 980
940 941
940 979
940 980
940 981
941 942
941 980
941 981
941 982
942 943
942 981
942 982
943 944
943 982
943 983
944 945
944 983
944 984
945 983
945 984
945 985
946 947
946 986
946 987
947 987
947 988
948 949
948 988
948 989
949 950
949 989
949 990
950 951
950 989
950 990
951 952
951 990
951 991
952 991
952 992
953 992
953 993
954 955
954 994
954 995
955 956
955 994
955 995
955 996
956 995
956 996
956 997
957 997
957 998
958 959
958 998
958 999
958 1000
959 960
959 999
959 1000
959 1001
960 961
960 1000
960 1001
960 1002
961 962
961 1001
961 1002
961 1003
962 1002
962 1003
962 1004
963 1004
963 1005
963 1006
964 965
964 1006
964 1007
965 966
965 1007
965 1008
966 967
966 1008
967 968
967 1008
967 1009
968 969
968 1009
968 1010
969 970
969 1009
969 1010
969 1011
970 971
970 1010
970 1011
970 1012
971 1011
971 1012
971 1013
972 973
972 1013
972 1014
973 974
973 1014
974 975
974 1014
974 1015
975 1015
975 1016
976 977
976 1016
976 1017
976 1018
977 978
977 1017
977 1018
977 1019
978 979
978 1018
978 1019
978 1020
979 980
979 1019
979 1020
979 1021
980 981
980 1020
980 1021
980 1022
981 982
981 1021
981 1022
981 1023
982 1022
982 1023
982 1024
983 984
983 1024
983 1025
984 985
984 1025
984 1026
985 986
985 1026
986 1026
986 1027
987 988
987 1027
987 1028
987 1029
988 1028
988 1029
988 1030
989 990
989 1030
989 1031
989 1032
990 1031
990 1032
990 1033
991 992
991 1033
991 1034
991 1035
992 993
992 1034
992 1035
992 1036
993 1035
993 1036
994 995
994 1037
994 1038
995 996
995 1037
995 1038
995 1039
996 997
996 1038
996 1039
996 1040
997 1039
997 1040
997 1041
998 999
998 1041
999 1000
999 1042
1000 1001
1000 1042
1001 1002
1001 1042
1001 1043
1002 1003
1002 1043
1002 1044
1003 1004
1003 1043
1003 1044
1003 1045
1004 1005
1004 1044
1004 1045
1004 1046
1005 1006
1005 1045
1005 1046
1005 1047
1006 1007
1006 1046
1006 1047
1007 1047
1007 1048
1008 1048
1008 1049
1008 1050
1009 1010
1009 1050
1009 1051
1009 1052
1010 1011
1010 1051
1010 1052
1010 1053
1011 1012
1011 1052
1011 1053
1012 1013
1012 1053
1012 1054
1013 1054
1013 1055
1014 1055
1014 1056
1014 1057
1015 1016
1015 1057
1015 1058
1016 1017
1016 1058
1016 1059
1017 1018
1017 1058
1017 1059
1017 1060
1018 1019
1018 1059
1018 1060
1018 1061
1019 1020
1019 1060
1019 1061
1019 1062
1020 1021
1020 1061
1020 1062
1020 1063
1021 1022
1021 1062
1021 1063
1021 1064
1022 1023
1022 1063
1022 1064
1022 1065
1023 1024
1023 1064
1023 1065
1023 1066
1024 1025
1024 1065
1024 1066
1025 1066
1025 1067
1026 1067
1026 1068
1026 1069
1027 1028
1027 1069
1027 1070
1027 1071
1028 1029
1028 1070
1028 1071
1028 1072
1029 1030
1029 1071
1029 1072
1030 1031
1030 1072
1030 1073
1031 1032
1031 1073
1031 1074
1032 1033
1032 1073
1032 1074
1032 1075
1033 1034
1033 1074
1033 1075
1033 1076
1034 1035
1034 1075
1034 1076
1034 1077
1035 1036
1035 1076
1035 1077
1036 1077
1037 1038
1037 1078
1037 1079
1038 1039
1038 1078
1038 1079
1038 1080
1039 1040
1039 1079
1039 1080
1039 1081
1040 1041
1040 1080
1040 1081
1041 1081
1041 1082
1042 1083
1042 1084
1043 1044
1043 1085
1043 1086
1044 1045
1044 1085
1044 1086
1045 1046
1045 1086
1046 1047
1046 1087
1047 1087
1047 1088
1048 1049
1048 1088
1048 1089
1049 1050
1049 1089
1049 1090
1050 1051
1050 1090
1050 1091
1051 1052
1051 1090
1051 1091
1051 1092
1052 1053
1052 1091
1052 1092
1052 1093
1053 1092
1053 1093
1053 1094
1054 1055
1054 1094
1054 1095
1054 1096
1055 1056
1055 1095
1055 1096
1055 1097
1056 1057
1056 1096
1056 1097
1056 1098
1057 1097
1057 1098
1057 1099
1058 1059
1058 1099
1059 1060
1059 1100
1060 1061
1060 1100
1061 1062
1061 1100
1061 1101
1062 1063
1062 1101
1063 1064
1063 1101
1063 1102
1064 1065
1064 1102
1064 1103
1065 1066
1065 1102
1065 1103
1065 1104
1066 1103
1066 1104
1066 1105
1067 1068
1067 1105
1067 1106
1067 1107
1068 1069
1068 1106
1068 1107
1068 1108
1069 1070
1069 1107
1069 1108
1069 1109
1070 1071
1070 1108
1070 1109
1070 1110
1071 1072
1071 1109
1071 1110
1071 1111
1072 1110
1072 1111
1072 1112
1073 1074
1073 1112
1073 1113
1074 1075
1074 1113
1074 1114
1075 1076
1075 1114
1075 1115
1076 1077
1076 1114
1076 1115
1076 1116
1077 1115
1077 1116
1077 1117
1078 1079
1079 1080
1080 1081
1080 1118
1081 1118
1081 1119
1082 1083
1082 1119
1082 1120
1082 1121
1083 1084
1083 1120
1083 1121
1083 1122
1084 1121
1084 1122
1084 1123
1085 1086
1085 1123
1085 1124
1085 1125
1086 1124
1086 1125
1086 1126
1087 1088
1087 1127
1087 1128
1087 1129
1088 1089
1088 1128
1088 1129
1088 1130
1089 1129
1089 1130
1089 1131
1090 1091
1090 1131
1090 1132
1090 1133
1091 1092
1091 1132
1091 1133
1091 1134
1092 1093
1092 1133
1092 1134
1092 1135
1093 1094
1093 1134
1093 1135
1094 1095
1094 1135
1095 1096
1096 1097
1096 1136
1097 1098
1097 1136
1097 1137
1098 1099
1098 1136
1098 1137
1098 1138
1099 1137
1099 1138
1100 1139
1100 1140
1101 1140
1101 1141
1101 1142
1102 1103
1102 1142
1103 1104
1103 1143
1104 1105
1104 1143
1104 1144
1105 1106
1105 1143
1105 1144
1105 1145
1106 1107
1106 1144
1106 1145
1106 1146
1107 1108
1107 1145
1107 1146
1107 1147
1108 1109
1108 1146
1108 1147
1108 1148
1109 1110
1109 1147
1109 1148
1110 1111
1110 1148
1111 1112
1111 1149
1112 1113
1112 1149
1112 1150
1113 1149
1113 1150
1113 1151
1114 1115
1114 1151
1114 1152
1114 1153
1115 1116
1115 1152
1115 1153
1115 1154
1116 1117
1116 1153
1116 1154
1116 1155
1117 1154
1117 1155
1118 1119
1118 1158
1118 1159
1118 1160
1119 1120
1119 1159
1119 1160
1120 1121
1120 1160
1121 1122
1122 1123
1122 1161
1123 1124
1123 1161
1123 1162
1124 1125
1124 1161
1124 1162
1124 1163
1125 1126
1125 1162
1125 1163
1126 1127
1126 1163
1126 1164
1127 1128
1127 1164
1127 1165
1128 1129
1128 1164
1128 1165
1129 1130
1129 1165
1129 1166
1130 1131
1130 1166
1130 1167
1131 1132
1131 1166
1131 1167
1131 1168
1132 1133
1132 1167
1132 1168
1133 1134
1133 1168
1133 1169
1134 1135
1134 1169
1134 1170
1135 1169
1135 1170
1135 1171
1136 1137
1136 1172
1136 1173
1136 1174
1137 1138
1137 1173
1137 1174
1137 1175
1138 1174
1138 1175
1138 1176
1139 1140
1139 1177
1139 1178
1139 1179
1140 1141
1140 1178
1140 1179
1140 1180
1141 1142
1141 1179
1141 1180
1142 1180
1142 1181
1143 1144
1143 1182
1143 1183
1143 1184
1144 1145
1144 1183
1144 1184
1145 1146
1145 1184
1145 1185
1146 1147
1146 1185
1146 1186
1147 1148
1147 1185
1147 1186
1147 1187
1148 1186
1148 1187
1148 1188
1149 1150
1149 1189
1149 1190
1150 1151
1150 1190
1150 1191
1151 1152
1151 1190
1151 1191
1151 1192
1152 1153
1152 1191
1152 1192
1152 1193
1153 1154
1153 1192
1153 1193
1153 1194
1154 1155
1154 1193
1154 1194
1155 1194
1156 1157
1156 1195
1156 1196
1157 1158
1157 1195
1157 1196
1157 1197
1158 1159
1158 1196
1158 1197
1158 1198
1159 1160
1159 1197
1159 1198
1159 1199
1160 1198
1160 1199
1160 1200
1161 1162
1161 1202
1161 1203
1162 1163
1162 1203
1163 1203
1164 1165
1164 1204
1165 1204
1165 1205
1166 1167
1166 1205
1166 1206
1166 1207
1167 1168
1167 1206
1167 1207
1167 1208
1168 1207
1168 1208
1168 1209
1169 1170
1169 1209
1169 1210
1169 1211
1170 1171
1170 1210
1170 1211
1170 1212
1171 1211
1171 1212
1171 1213
1172 1173
1172 1213
1172 1214
1173 1174
1173 1214
1173 1215
1174 1175
1174 1214
1174 1215
1174 1216
1175 1176
1175 1215
1175 1216
1175 1217
1176 1177
1176 1216
1176 1217
1176 1218
1177 1178
1177 1217
1177 1218
1178 1179
1178 1218
1178 1219
1179 1180
1179 1219
1179 1220
1180 1219
1180 1220
1180 1221
1181 1182
1181 1221
1182 1183
1182 1222
1183 1184
1183 1222
1184 1222
1184 1223
1185 1186
1185 1223
1185 1224
1186 1187
1186 1224
1186 1225
1187 1188
1187 1225
1187 1226
1188 1189
1188 1225
1188 1226
1188 1227
1189 1226
1189 1227
1189 1228
1190 1191
1190 1228
1190 1229
1190 1230
1191 1192
1191 1229
1191 1230
1191 1231
1192 1193
1192 1230
1192 1231
1192 1232
1193 1194
1193 1231
1193 1232
1193 1233
1194 1232
1194 1233
1194 1234
1195 1196
1196 1197
1196 1235
1197 1198
1197 1235
1197 1236
1198 1199
1198 1235
1198 1236
1198 1237
1199 1200
1199 1236
1199 1237
1200 1201
1200 1237
1201 1202
1201 1238
1202 1238
1202 1239
1203 1239
1203 1240
1204 1205
1204 1242
1204 1243
1204 1244
1205 1206
1205 1243
1205 1244
1206 1207
1206 1244
1206 1245
1207 1208
1207 1245
1207 1246
1208 1209
1208 1245
1208 1246
1208 1247
1209 1210
1209 1246
1209 1247
1209 1248
1210 1211
1210 1247
1210 1248
1210 1249
1211 1212
1211 1248
1211 1249
1211 1250
1212 1213
1212 1249
1212 1250
1213 1250
1213 1251
1214 1215
1214 1251
1214 1252
1215 1216
1215 1252
1215 1253
1216 1217
1216 1253
1216 1254
1217 1218
1217 1253
1217 1254
1217 1255
1218 1254
1218 1255
1218 1256
1219 1220
1219 1256
1219 1257
1219 1258
1220 1221
1220 1257
1220 1258
1220 1259
1221 1258
1221 1259
1222 1260
1223 1224
1223 1261
1224 1261
1224 1262
1225 1226
1225 1262
1225 1263
1225 1264
1226 1227
1226 1263
1226 1264
1226 1265
1227 1228
1227 1264
1227 1265
1227 1266
1228 1229
1228 1265
1228 1266
1228 1267
1229 1230
1229 1266
1229 1267
1230 1231
1230 1267
1230 1268
1231 1232
1231 1268
1232 1233
1232 1268
1232 1269
1233 1234
1233 1269
1233 1270
1234 1269
1234 1270
1235 1236
1235 1272
1235 1273
1235 1274
1236 1237
1236 1273
1236 1274
1236 1275
1237 1274
1237 1275
1237 1276
1238 1239
1238 1277
1238 1278
1238 1279
1239 1240
1239 1278
1239 1279
1239 1280
1240 1279
1240 1280
1240 1281
1241 1242
1241 1281
1241 1282
1241 1283
1242 1243
1242 1282
1242 1283
1242 1284
1243 1244
1243 1283
1243 1284
1244 1284
1244 1285
1245 1246
1245 1285
1245 1286
1245 1287
1246 1247
1246 1286
1246 1287
1246 1288
1247 1248
1247 1287
1247 1288
1247 1289
1248 1249
1248 1288
1248 1289
1248 1290
1249 1250
1249 1289
1249 1290
1249 1291
1250 1290
1250 1291
1250 1292
1251 1252
1251 1292
1251 1293
1251 1294
1252 1293
1252 1294
1253 1254
1253 1295
1253 1296
1254 1255
1254 1295
1254 1296
1254 1297
1255 1256
1255 1296
1255 1297
1255 1298
1256 1257
1256 1297
1256 1298
1256 1299
1257 1258
1257 1298
1257 1299
1257 1300
1258 1259
1258 1299
1258 1300
1259 1300
1259 1301
1260 1301
1260 1302
1261 1303
1261 1304
1261 1305
1262 1263
1262 1305
1262 1306
1262 1307
1263 1264
1263 1306
1263 1307
1264 1265
1264 1307
1264 1308
1265 1266
1265 1308
1265 1309
1266 1267
1266 1308
1266 1309
1266 1310
1267 1309
1267 1310
1268 1311
1268 1312
1269 1270
1269 1312
1269 1313
1270 1313
1271 1272
1271 1314
1271 1315
1272 1273
1272 1314
1272 1315
1272 1316
1273 1274
1273 1315
1273 1316
1274 1275
1274 1316
1274 1317
1275 1276
1275 1317
1276 1277
1276 1317
1276 1318
1277 1278
1277 1318
1277 1319
1278 1279
1278 1318
1278 1319
1279 1280
1279 1319
1279 1320
1280 1281
1280 1320
1280 1321
1281 1282
1281 1320
1281 1321
1281 1322
1282 1283
1282 1321
1282 1322
1282 1323
1283 1284
1283 1322
1283 1323
1284 1323
1284 1324
1285 1286
1285 1324
1285 1325
1286 1287
1286 1325
1286 1326
1287 1288
1287 1326
1287 1327
1288 1289
1288 1326
1288 1327
1288 1328
1289 1290
1289 1327
1289 1328
1289 1329
1290 1291
1290 1328
1290 1329
1291 1292
1291 1329
1292 1293
1292 1330
1293 1294
1293 1330
1293 1331
1294 1330
1294 1331
1294 1332
1295 1296
1295 1332
1296 1297
1296 1333
1297 1298
1297 1333
1297 1334
1298 1299
1298 1333
1298 1334
1298 1335
1299 1300
1299 1334
1299 1335
1299 1336
1300 1335
1300 1336
1301 1337
1302 1303
1302 1337
1302 1338
1302 1339
1303 1304
1303 1338
1303 1339
1304 1305
1304 1339
1304 1340
1305 1306
1305 1340
1306 1307
1306 1340
1306 1341
1307 1341
1307 1342
1308 1309
1308 1342
1308 1343
1309 1310
1309 1343
1309 1344
1310 1344
1311 1312
1311 1345
1311 1346
1312 1313
1312 1345
1312 1346
1312 1347
1313 1346
1313 1347
1313 1348
1314 1315
1314 1349
1315 1316
1315 1349
1315 1350
1316 1350
1316 1351
1317 1351
1317 1352
1317 1353
1318 1319
1318 1353
1318 1354
1319 1354
1319 1355
1320 1321
1320 1355
1320 1356
1320 1357
1321 1322
1321 1356
1321 1357
1321 1358
1322 1323
1322 1357
1322 1358
1322 1359
1323 1358
1323 1359
1324 1325
1324 1360
1325 1360
1325 1361
1326 1327
1326 1361
1326 1362
1327 1328
1327 1362
1327 1363
1328 1329
1328 1363
1328 1364
1329 1363
1329 1364
1329 1365
1330 1331
1330 1366
1330 1367
1330 1368
1331 1332
1331 1367
1331 1368
1331 1369
1332 1368
1332 1369
1332 1370
1333 1334
1333 1371
1333 1372
1333 1373
1334 1335
1334 1372
1334 1373
1334 1374
1335 1336
1335 1373
1335 1374
1335 1375
1336 1374
1336 1375
1336 1376
1337 1338
1337 1377
1337 1378
1337 1379
1338 1339
1338 1378
1338 1379
1338 1380
1339 1379
1339 1380
1339 1381
1340 1381
1340 1382
1340 1383
1341 1342
1341 1383
1341 1384
1342 1343
1342 1384
1343 1385
1344 1385
1344 1386
1345 1346
1345 1386
1345 1387
1345 1388
1346 1347
1346 1387
1346 1388
1346 1389
1347 1348
1347 1388
1347 1389
1348 1389
1349 1390
1349 1391
1350 1351
1350 1391
1350 1392
1350 1393
1351 1352
1351 1392
1351 1393
1351 1394
1352 1353
1352 1393
1352 1394
1352 1395
1353 1394
1353 1395
1353 1396
1354 1355
1354 1396
1354 1397
1354 1398
1355 1356
1355 1397
1355 1398
1355 1399
1356 1357
1356 1398
1356 1399
1356 1400
1357 1358
1357 1399
1357 1400
1357 1401
1358 1359
1358 1400
1358 1401
1358 1402
1359 1401
1359 1402
1360 1361
1360 1403
1360 1404
1361 1362
1361 1404
1361 1405
1362 1405
1362 1406
1363 1364
1363 1406
1364 1365
1364 1407
1365 1366
1365 1407
1365 1408
1366 1367
1366 1407
1366 1408
1367 1368
1367 1408
1367 1409
1368 1369
1368 1409
1369 1370
1369 1409
1369 1410
1370 1371
1370 1410
1370 1411
1371 1372
1371 1410
1371 1411
1371 1412
1372 1373
1372 1411
1372 1412
1372 1413
1373 1374
1373 1412
1373 1413
1373 1414
1374 1375
1374 1413
1374 1414
1374 1415
1375 1376
1375 1414
1375 1415
1375 1416
1376 1377
1376 1415
1376 1416
1377 1378
1377 1416
1377 1417
1378 1379
1378 1417
1379 1380
1379 1417
1379 1418
1380 1381
1380 1418
1380 1419
1381 1382
1381 1418
1381 1419
1382 1383
1382 1419
1382 1420
1383 1384
1383 1420
1383 1421
1384 1420
1384 1421
1385 1422
1386 1387
1386 1422
1386 1423
1386 1424
1387 1388
1387 1423
1387 1424
1388 1389
1388 1424
1388 1425
1389 1425
1390 1391
1390 1426
1390 1427
1391 1392
1391 1426
1391 1427
1391 1428
1392 1393
1392 1427
1392 1428
1392 1429
1393 1394
1393 1428
1393 1429
1394 1395
1394 1429
1394 1430
1395 1396
1395 1430
1395 1431
1396 1397
1396 1430
1396 1431
1396 1432
1397 1398
1397 1431
1397 1432
1397 1433
1398 1399
1398 1432
1398 1433
1398 1434
1399 1400
1399 1433
1399 1434
1399 1435
1400 1401
1400 1434
1400 1435
1401 1402
1401 1435
1401 1436
1402 1436
1402 1437
1403 1404
1403 1437
1403 1438
1403 1439
1404 1438
1404 1439
1405 1406
1405 1440
1405 1441
1406 1440
1406 1441
1406 1442
1407 1408
1407 1443
1407 1444
1408 1444
1409 1445
1409 1446
1410 1411
1410 1446
1410 1447
1411 1412
1411 1447
1412 1413
1412 1447
1412 1448
1413 1414
1413 1448
1413 1449
1414 1415
1414 1448
1414 1449
1414 1450
1415 1416
1415 1449
1415 1450
1415 1451
1416 1450
1416 1451
1416 1452
1417 1452
1417 1453
1417 1454
1418 1419
1418 1454
1418 1455
1419 1455
1419 1456
1420 1421
1420 1456
1420 1457
1420 1458
1421 1457
1421 1458
1421 1459
1422 1423
1422 1461
1422 1462
1422 1463
1423 1424
1423 1462
1423 1463
1423 1464
1424 1463
1424 1464
1424 1465
1425 1465
1425 1466
1425 1467
1426 1427
1426 1468
1426 1469
1427 1428
1427 1468
1427 1469
1427 1470
1428 1429
1428 1469
1428 1470
1428 1471
1429 1470
1429 1471
1429 1472
1430 1431
1430 1472
1430 1473
1430 1474
1431 1432
1431 1473
1431 1474
1431 1475
1432 1433
1432 1474
1432 1475
1432 1476
1433 1434
1433 1475
1433 1476
1433 1477
1434 1435
1434 1476
1434 1477
1435 1477
1436 1437
1436 1478
1436 1479
1437 1438
1437 1478
1437 1479
1438 1439
1438 1479
1438 1480
1439 1480
1439 1481
1440 1441
1440 1481
1440 1482
1441 1442
1441 1482
1441 1483
1442 1443
1442 1483
1442 1484
1443 1444
1443 1483
1443 1484
1443 1485
1444 1484
1444 1485
1444 1486
1445 1446
1445 1487
1445 1488
1446 1488
1446 1489
1447 1489
1447 1490
1447 1491
1448 1449
1448 1491
1448 1492
1448 1493
1449 1450
1449 1492
1449 1493
1450 1451
1450 1493
1450 1494
1451 1452
1451 1494
1451 1495
1452 1453
1452 1494
1452 1495
1453 1454
1453 1495
1454 1455
1454 1496
1455 1496
1455 1497
1456 1457
1456 1497
1456 1498
1456 1499
1457 1458
1457 1498
1457 1499
1457 1500
1458 1459
1458 1499
1458 1500
1458 1501
1459 1460
1459 1500
1459 1501
1459 1502
1460 1461
1460 1501
1460 1502
1460 1503
1461 1462
1461 1502
1461 1503
1461 1504
1462 1463
1462 1503
1462 1504
1463 1464
1463 1504
1463 1505
1464 1465
1464 1505
1464 1506
1465 1466
1465 1505
1465 1506
1466 1467
1466 1506
1466 1507
1467 1507
1468 1469
1468 1508
1468 1509
1469 1470
1469 1508
1469 1509
1469 1510
1470 1471
1470 1509
1470 1510
1470 1511
1471 1472
1471 1510
1471 1511
1471 1512
1472 1473
1472 1511
1472 1512
1472 1513
1473 1474
1473 1512
1473 1513
1473 1514
1474 1475
1474 1513
1474 1514
1474 1515
1475 1476
1475 1514
1475 1515
1475 1516
1476 1477
1476 1515
1476 1516
1477 1516
1477 1517
1478 1479
1478 1518
1478 1519
1478 1520
1479 1519
1479 1520
1479 1521
1480 1481
1480 1521
1480 1522
1480 1523
1481 1482
1481 1522
1481 1523
1481 1524
1482 1523
1482 1524
1482 1525
1483 1484
1483 1525
1483 1526
1483 1527
1484 1485
1484 1526
1484 1527
1485 1486
1485 1527
1485 1528
1486 1487
1486 1528
1486 1529
1487 1488
1487 1528
1487 1529
1487 1530
1488 1529
1488 1530
1489 1490
1489 1531
1489 1532
1490 1491
1490 1531
1490 1532
1491 1492
1491 1532
1491 1533
1492 1493
1492 1533
1492 1534
1493 1533
1493 1534
1493 1535
1494 1495
1494 1535
1494 1536
1495 1536
1495 1537
1496 1497
1496 1538
1496 1539
1496 1540
1497 1498
1497 1539
1497 1540
1497 1541
1498 1499
1498 1540
1498 1541
1498 1542
1499 1500
1499 1541
1499 1542
1499 1543
1500 1501
1500 1542
1500 1543
1500 1544
1501 1502
1501 1543
1501 1544
1501 1545
1502 1503
1502 1544
1502 1545
1502 1546
1503 1504
1503 1545
1503 1546
1503 1547
1504 1546
1504 1547
1504 1548
1505 1506
1505 1548
1505 1549
1506 1549
1506 1550
1507 1550
1508 1509
1508 1551
1508 1552
1509 1510
1509 1551
1509 1552
1509 1553
1510 1511
1510 1552
1510 1553
1510 1554
1511 1512
1511 1553
1511 1554
1511 1555
1512 1513
1512 1554
1512 1555
1512 1556
1513 1514
1513 1555
1513 1556
1513 1557
1514 1515
1514 1556
1514 1557
1514 1558
1515 1516
1515 1557
1515 1558
1516 1558
1516 1559
1517 1518
1517 1559
1517 1560
1518 1519
1518 1560
1518 1561
1519 1520
1519 1561
1519 1562
1520 1521
1520 1561
1520 1562
1521 1522
1521 1562
1521 1563
1522 1523
1522 1563
1522 1564
1523 1524
1523 1563
1523 1564
1523 1565
1524 1525
1524 1564
1524 1565
1524 1566
1525 1526
1525 1565
1525 1566
1525 1567
1526 1527
1526 1566
1526 1567
1526 1568
1527 1567
1527 1568
1527 1569
1528 1529
1528 1569
1528 1570
1529 1530
1529 1570
1529 1571
1530 1571
1531 1532
1531 1572
1532 1572
1532 1573
1533 1534
1533 1573
1534 1535
1535 1536
1536 1574
1537 1538
1537 1574
1537 1575
1538 1539
1538 1575
1538 1576
1539 1540
1539 1576
1539 1577
1540 1541
1540 1576
1540 1577
1540 1578
1541 1542
1541 1577
1541 1578
1542 1543
1542 1578
1542 1579
1543 1544
1543 1579
1543 1580
1544 1545
1544 1579
1544 1580
1545 1546
1545 1580
1546 1547
1546 1581
1547 1548
1547 1581
1548 1581
1548 1582
1549 1550
1549 1582
1549 1583
1549 1584
1550 1583
1550 1584
1550 1585
1551 1552
1551 1586
1551 1587
1552 1553
1552 1586
1552 1587
1552 1588
1553 1554
1553 1587
1553 1588
1553 1589
1554 1555
1554 1588
1554 1589
1554 1590
1555 1556
1555 1589
1555 1590
1556 1557
1556 1590
1557 1558
1557 1591
1558 1591
1558 1592
1559 1560
1559 1592
1559 1593
1560 1593
1560 1594
1561 1562
1561 1594
1561 1595
1561 1596
1562 1595
1562 1596
1562 1597
1563 1564
1563 1597
1563 1598
1564 1565
1564 1598
1564 1599
1565 1566
1565 1598
1565 1599
1565 1600
1566 1567
1566 1599
1566 1600
1566 1601
1567 1568
1567 1600
1567 1601
1567 1602
1568 1569
1568 1601
1568 1602
1569 1570
1569 1602
1569 1603
1570 1603
1570 1604
1571 1604
1571 1605
1571 1606
1572 1606
1572 1607
1573 1608
1573 1609
1574 1575
1574 1611
1574 1612
1574 1613
1575 1612
1575 1613
1575 1614
1576 1577
1576 1614
1576 1615
1577 1578
1577 1615
1577 1616
1578 1616
1578 1617
1579 1580
1579 1617
1580 1618
1581 1619
1581 1620
1581 1621
1582 1583
1582 1621
1582 1622
1582 1623
1583 1584
1583 1622
1583 1623
1583 1624
1584 1585
1584 1623
1584 1624
1584 1625
1585 1624
1585 1625
1586 1587
1586 1626
1586 1627
1587 1588
1587 1626
1587 1627
1587 1628
1588 1589
1588 1627
1588 1628
1589 1590
1589 1628
1589 1629
1590 1629
1591 1592
1591 1630
1591 1631
1591 1632
1592 1631
1592 1632
1592 1633
1593 1594
1593 1633
1593 1634
1593 1635
1594 1595
1594 1634
1594 1635
1594 1636
1595 1596
1595 1635
1595 1636
1595 1637
1596 1597
1596 1636
1596 1637
1596 1638
1597 1637
1597 1638
1597 1639
1598 1599
1598 1639
1598 1640
1599 1600
1599 1640
1599 1641
1600 1601
1600 1641
1600 1642
1601 1602
1601 1641
1601 1642
1601 1643
1602 1642
1602 1643
1603 1604
1603 1644
1604 1605
1604 1644
1604 1645
1605 1606
1605 1644
1605 1645
1605 1646
1606 1607
1606 1645
1606 1646
1606 1647
1607 1646
1607 1647
1607 1648
1608 1609
1608 1648
1608 1649
1608 1650
1609 1610
1609 1649
1609 1650
1609 1651
1610 1650
1610 1651
1610 1652
1611 1612
1611 1652
1611 1653
1612 1613
1612 1653
1613 1614
1613 1653
1613 1654
1614 1615
1614 1654
1614 1655
1615 1654
1615 1655
1616 1617
1616 1656
1616 1657
1617 1656
1617 1657
1617 1658
1618 1619
1618 1659
1618 1660
1618 1661
1619 1620
1619 1660
1619 1661
1619 1662
1620 1621
1620 1661
1620 1662
1621 1622
1621 1662
1621 1663
1622 1623
1622 1663
1622 1664
1623 1624
1623 1663
1623 1664
1624 1625
1624 1664
1624 1665
1625 1665
1626 1627
1626 1666
1626 1667
1627 1628
1627 1666
1627 1667
1627 1668
1628 1667
1628 1668
1628 1669
1629 1669
1629 1670
1630 1631
1630 1670
1630 1671
1630 1672
1631 1632
1631 1671
1631 1672
1631 1673
1632 1633
1632 1672
1632 1673
1632 1674
1633 1634
1633 1673
1633 1674
1633 1675
1634 1635
1634 1674
1634 1675
1634 1676
1635 1636
1635 1675
1635 1676
1635 1677
1636 1637
1636 1676
1636 1677
1637 1638
1637 1677
1637 1678
1638 1639
1638 1678
1638 1679
1639 1640
1639 1678
1639 1679
1639 1680
1640 1679
1640 1680
1640 1681
1641 1642
1641 1681
1641 1682
1642 1643
1642 1682
1642 1683
1643 1683
1643 1684
1644 1645
1644 1685
1644 1686
1644 1687
1645 1646
1645 1686
1645 1687
1645 1688
1646 1647
1646 1687
1646 1688
1646 1689
1647 1648
1647 1688
1647 1689
1647 1690
1648 1649
1648 1689
1648 1690
1648 1691
1649 1650
1649 1690
1649 1691
1650 1651
1650 1691
1650 1692
1651 1652
1651 1692
1652 1692
1653 1693
1654 1655
1654 1694
1654 1695
1655 1694
1655 1695
1655 1696
1656 1657
1656 1696
1656 1697
1656 1698
1657 1658
1657 1697
1657 1698
1657 1699
1658 1659
1658 1698
1658 1699
1658 1700
1659 1660
1659 1699
1659 1700
1659 1701
1660 1661
1660 1700
1660 1701
1660 1702
1661 1662
1661 1701
1661 1702
1662 1702
1662 1703
1663 1664
1663 1703
1663 1704
1663 1705
1664 1704
1664 1705
1664 1706
1665 1706
1665 1707
1666 1667
1666 1708
1666 1709
1667 1668
1667 1708
1667 1709
1667 1710
1668 1669
1668 1709
1668 1710
1668 1711
1669 1710
1669 1711
1669 1712
1670 1671
1670 1712
1670 1713
1670 1714
1671 1672
1671 1713
1671 1714
1671 1715
1672 1673
1672 1714
1672 1715
1672 1716
1673 1674
1673 1715
1673 1716
1674 1675
1674 1716
1675 1676
1675 1717
1676 1677
1676 1717
1676 1718
1677 1717
1677 1718
1677 1719
1678 1679
1678 1719
1678 1720
1679 1680
1679 1720
1679 1721
1680 1681
1680 1721
1680 1722
1681 1682
1681 1721
1681 1722
1681 1723
1682 1722
1682 1723
1682 1724
1683 1684
1683 1724
1683 1725
1683 1726
1684 1685
1684 1725
1684 1726
1684 1727
1685 1686
1685 1726
1685 1727
1685 1728
1686 1687
1686 1727
1686 1728
1686 1729
1687 1688
1687 1728
1687 1729
1687 1730
1688 1689
1688 1729
1688 1730
1688 1731
1689 1690
1689 1730
1689 1731
1689 1732
1690 1691
1690 1731
1690 1732
1690 1733
1691 1732
1691 1733
1691 1734
1692 1734
1692 1735
1693 1736
1693 1737
1694 1695
1694 1738
1694 1739
1695 1696
1695 1738
1695 1739
1695 1740
1696 1697
1696 1739
1696 1740
1696 1741
1697 1698
1697 1740
1697 1741
1697 1742
1698 1699
1698 1741
1698 1742
1698 1743
1699 1700
1699 1742
1699 1743
1699 1744
1700 1701
1700 1743
1700 1744
1700 1745
1701 1702
1701 1744
1701 1745
1702 1745
1702 1746
1703 1704
1703 1746
1703 1747
1703 1748
1704 1705
1704 1747
1704 1748
1704 1749
1705 1706
1705 1748
1705 1749
1705 1750
1706 1707
1706 1749
1706 1750
1706 1751
1707 1750
1707 1751
1708 1709
1708 1752
1708 1753
1709 1710
1709 1752
1709 1753
1709 1754
1710 1711
1710 1753
1710 1754
1710 1755
1711 1712
1711 1754
1711 1755
1711 1756
1712 1713
1712 1755
1712 1756
1712 1757
1713 1714
1713 1756
1713 1757
1714 1715
1714 1757
1714 1758
1715 1716
1715 1758
1715 1759
1716 1758
1716 1759
1716 1760
1717 1718
1717 1761
1717 1762
1717 1763
1718 1719
1718 1762
1718 1763
1718 1764
1719 1720
1719 1763
1719 1764
1719 1765
1720 1764
1720 1765
1720 1766
1721 1722
1721 1766
1721 1767
1721 1768
1722 1723
1722 1767
1722 1768
1723 1724
1723 1768
1723 1769
1724 1725
1724 1769
1725 1726
1725 1769
1725 1770
1726 1727
1726 1770
1726 1771
1727 1728
1727 1770
1727 1771
1727 1772
1728 1729
1728 1771
1728 1772
1729 1730
1729 1772
1730 1731
1730 1773
1731 1732
1731 1773
1731 1774
1732 1733
1732 1773
1732 1774
1732 1775
1733 1734
1733 1774
1733 1775
1733 1776
1734 1775
1734 1776
1734 1777
1735 1736
1735 1777
1735 1778
1735 1779
1736 1737
1736 1778
1736 1779
1737 1779
1737 1780
1738 1739
1738 1780
1738 1781
1738 1782
1739 1740
1739 1781
1739 1782
1739 1783
1740 1741
1740 1782
1740 1783
1740 1784
1741 1742
1741 1783
1741 1784
1742 1743
1742 1784
1742 1785
1743 1744
1743 1785
1744 1745
1744 1785
1744 1786
1745 1786
1745 1787
1746 1747
1746 1787
1747 1748
1748 1749
1748 1788
1749 1750
1749 1788
1749 1789
1750 1751
1750 1788
1750 1789
1750 1790
1751 1789
1751 1790
1752 1753
1752 1791
1753 1754
1753 1791
1754 1755
1754 1791
1754 1792
1755 1756
1755 1792
1755 1793
1756 1757
1756 1792
1756 1793
1757 1793
1758 1759
1758 1794
1759 1760
1759 1794
1759 1795
1760 1761
1760 1794
1760 1795
1761 1762
1761 1795
1761 1796
1762 1763
1762 1796
1762 1797
1763 1764
1763 1796
1763 1797
1764 1765
1764 1797
1764 1798
1765 1766
1765 1798
1766 1767
1766 1798
1766 1799
1767 1768
1767 1799
1767 1800
1768 1799
1768 1800
1768 1801
1769 1801
1769 1802
1769 1803
1770 1771
1770 1803
1770 1804
1770 1805
1771 1772
1771 1804
1771 1805
1771 1806
1772 1805
1772 1806
1772 1807
1773 1774
1773 1808
1773 1809
1773 1810
1774 1775
1774 1809
1774 1810
1775 1776
1775 1810
1775 1811
1776 1777
1776 1811
1776 1812
1777 1778
1777 1811
1777 1812
1777 1813
1778 1779
1778 1812
1778 1813
1778 1814
1779 1813
1779 1814
1779 1815
1780 1781
1780 1815
1780 1816
1781 1782
1781 1816
1781 1817
1782 1783
1782 1817
1782 1818
1783 1784
1783 1817
1783 1818
1783 1819
1784 1818
1784 1819
1784 1820
1785 1820
1785 1821
1785 1822
1786 1787
1786 1822
1786 1823
1786 1824
1787 1823
1787 1824
1787 1825
1788 1789
1788 1827
1788 1828
1789 1790
1789 1828
1791 1829
1791 1830
1792 1793
1792 1830
1792 1831
1792 1832
1793 1831
1793 1832
1793 1833
1794 1795
1794 1835
1794 1836
1794 1837
1795 1836
1795 1837
1795 1838
1796 1797
1796 1838
1796 1839
1796 1840
1797 1839
1797 1840
1798 1841
1798 1842
1799 1800
1799 1842
1799 1843
1800 1801
1800 1843
1800 1844
1801 1802
1801 1843
1801 1844
1801 1845
1802 1803
1802 1844
1802 1845
1802 1846
1803 1804
1803 1845
1803 1846
1803 1847
1804 1805
1804 1846
1804 1847
1804 1848
1805 1806
1805 1847
1805 1848
1805 1849
1806 1807
1806 1848
1806 1849
1806 1850
1807 1808
1807 1849
1807 1850
1808 1809
1808 1850
1808 1851
1809 1810
1809 1851
1809 1852
1810 1851
1810 1852
1810 1853
1811 1812
1811 1853
1811 1854
1811 1855
1812 1813
1812 1854
1812 1855
1812 1856
1813 1814
1813 1855
1813 1856
1813 1857
1814 1815
1814 1856
1814 1857
1814 1858
1815 1816
1815 1857
1815 1858
1815 1859
1816 1858
1816 1859
1816 1860
1817 1818
1817 1860
1817 1861
1817 1862
1818 1819
1818 1861
1818 1862
1819 1820
1819 1862
1819 1863
1820 1821
1820 1863
1821 1822
1821 1863
1821 1864
1822 1823
1822 1864
1823 1824
1823 1864
1823 1865
1824 1825
1824 1865
1825 1826
1825 1865
1825 1866
1826 1827
1826 1866
1826 1867
1827 1828
1827 1866
1827 1867
1827 1868
1828 1867
1828 1868
1828 1869
1829 1830
1829 1870
1829 1871
1829 1872
1830 1831
1830 1871
1830 1872
1830 1873
1831 1832
1831 1872
1831 1873
1831 1874
1832 1833
1832 1873
1832 1874
1832 1875
1833 1834
1833 1874
1833 1875
1834 1835
1834 1875
1834 1876
1835 1836
1835 1876
1835 1877
1836 1837
1836 1876
1836 1877
1836 1878
1837 1838
1837 1877
1837 1878
1837 1879
1838 1839
1838 1878
1838 1879
1838 1880
1839 1840
1839 1879
1839 1880
1839 1881
1840 1880
1840 1881
1840 1882
1841 1842
1841 1882
1841 1883
1841 1884
1842 1883
1842 1884
1842 1885
1843 1844
1843 1885
1843 1886
1844 1845
1844 1886
1845 1846
1845 1887
1846 1847
1846 1887
1846 1888
1847 1848
1847 1887
1847 1888
1847 1889
1848 1849
1848 1888
1848 1889
1848 1890
1849 1850
1849 1889
1849 1890
1849 1891
1850 1890
1850 1891
1850 1892
1851 1852
1851 1892
1851 1893
1851 1894
1852 1853
1852 1893
1852 1894
1852 1895
1853 1854
1853 1894
1853 1895
1853 1896
1854 1855
1854 1895
1854 1896
1854 1897
1855 1856
1855 1896
1855 1897
1855 1898
1856 1857
1856 1897
1856 1898
1856 1899
1857 1858
1857 1898
1857 1899
1857 1900
1858 1859
1858 1899
1858 1900
1858 1901
1859 1860
1859 1900
1859 1901
1859 1902
1860 1861
1860 1901
1860 1902
1860 1903
1861 1862
1861 1902
1861 1903
1861 1904
1862 1903
1862 1904
1862 1905
1863 1905
1863 1906
1863 1907
1864 1907
1864 1908
1865 1909
1865 1910
1866 1867
1866 1910
1866 1911
1867 1868
1867 1911
1867 1912
1868 1869
1868 1911
1868 1912
1868 1913
1869 1912
1869 1913
1869 1914
1870 1871
1870 1915
1871 1872
1871 1915
1871 1916
1872 1873
1872 1916
1872 1917
1873 1874
1873 1916
1873 1917
1873 1918
1874 1875
1874 1917
1874 1918
1874 1919
1875 1918
1875 1919
1875 1920
1876 1877
1876 1920
1876 1921
1876 1922
1877 1878
1877 1921
1877 1922
1877 1923
1878 1879
1878 1922
1878 1923
1878 1924
1879 1880
1879 1923
1879 1924
1879 1925
1880 1881
1880 1924
1880 1925
1881 1882
1881 1925
1881 1926
1882 1883
1882 1926
1882 1927
1883 1884
1883 1926
1883 1927
1883 1928
1884 1885
1884 1927
1884 1928
1884 1929
1885 1886
1885 1928
1885 1929
1885 1930
1886 1929
1886 1930
1886 1931
1887 1888
1887 1932
1887 1933
1887 1934
1888 1889
1888 1933
1888 1934
1888 1935
1889 1890
1889 1934
1889 1935
1889 1936
1890 1891
1890 1935
1890 1936
1890 1937
1891 1892
1891 1936
1891 1937
1891 1938
1892 1893
1892 1937
1892 1938
1892 1939
1893 1894
1893 1938
1893 1939
1893 1940
1894 1895
1894 1939
1894 1940
1894 1941
1895 1896
1895 1940
1895 1941
1895 1942
1896 1897
1896 1941
1896 1942
1896 1943
1897 1898
1897 1942
1897 1943
1897 1944
1898 1899
1898 1943
1898 1944
1898 1945
1899 1900
1899 1944
1899 1945
1899 1946
1900 1901
1900 1945
1900 1946
1900 1947
1901 1902
1901 1946
1901 1947
1902 1903
1902 1947
1902 1948
1903 1904
1903 1948
1903 1949
1904 1905
1904 1948
1904 1949
1904 1950
1905 1906
1905 1949
1905 1950
1905 1951
1906 1907
1906 1950
1906 1951
1906 1952
1907 1908
1907 1951
1907 1952
1907 1953
1908 1952
1908 1953
1908 1954
1909 1910
1909 1954
1909 1955
1909 1956
1910 1955
1910 1956
1910 1957
1911 1912
1911 1957
1911 1958
1912 1913
1912 1958
1913 1914
1913 1958
1916 1917
1916 1959
1916 1960
1917 1918
1917 1959
1917 1960
1917 1961
1918 1919
1918 1960
1918 1961
1918 1962
1919 1920
1919 1961
1919 1962
1919 1963
1920 1921
1920 1962
1920 1963
1920 1964
1921 1922
1921 1963
1921 1964
1921 1965
1922 1923
1922 1964
1922 1965
1922 1966
1923 1924
1923 1965
1923 1966
1923 1967
1924 1925
1924 1966
1924 1967
1925 1967
1925 1968
1926 1927
1926 1968
1926 1969
1927 1928
1927 1969
1927 1970
1928 1929
1928 1969
1928 1970
1929 1930
1929 1970
1929 1971
1930 1931
1930 1971
1930 1972
1931 1932
1931 1971
1931 1972
1931 1973
1932 1933
1932 1972
1932 1973
1932 1974
1933 1934
1933 1973
1933 1974
1933 1975
1934 1935
1934 1974
1934 1975
1934 1976
1935 1936
1935 1975
1935 1976
1935 1977
1936 1937
1936 1976
1936 1977
1937 1938
1937 1977
1937 1978
1938 1939
1938 1978
1938 1979
1939 1940
1939 1978
1939 1979
1939 1980
1940 1941
1940 1979
1940 1980
1940 1981
1941 1942
1941 1980
1941 1981
1941 1982
1942 1943
1942 1981
1942 1982
1942 1983
1943 1944
1943 1982
1943 1983
1943 1984
1944 1945
1944 1983
1944 1984
1944 1985
1945 1946
1945 1984
1945 1985
1945 1986
1946 1947
1946 1985
1946 1986
1947 1986
1947 1987
1948 1949
1948 1987
1948 1988
1948 1989
1949 1950
1949 1988
1949 1989
1949 1990
1950 1951
1950 1989
1950 1990
1950 1991
1951 1952
1951 1990
1951 1991
1951 1992
1952 1953
1952 1991
1952 1992
1953 1954
1953 1992
1953 1993
1954 1955
1954 1993
1954 1994
1955 1956
1955 1993
1955 1994
1955 1995
1956 1957
1956 1994
1956 1995
1956 1996
1957 1995
1957 1996
1957 1997
1958 1997
1958 1998
1959 1960
1960 1961
1961 1962
1962 1963
1963 1964
1964 1965
1965 1966
1966 1967
1969 1970
1971 1972
1972 1973
1973 1974
1974 1975
1975 1976
1976 1977
1978 1979
1979 1980
1980 1981
1981 1982
1982 1983
1983 1984
1984 1985
1985 1986
1987 1988
1988 1989
1989 1990
1990 1991
1991 1992
1993 1994
1994 1995
1995 1996
1996 1997
1997 1998
