# FromNodeId	ToNodeId
0 1
0 41
0 42
1 2
1 41
1 42
1 43
2 3
2 42
2 43
2 44
3 4
3 43
3 44
3 45
4 5
4 44
4 45
4 46
5 45
5 46
5 47
6 7
6 47
6 48
7 8
7 48
8 49
9 49
9 50
10 11
10 51
11 12
11 51
11 52
12 13
12 52
12 53
13 14
13 52
13 53
13 54
14 15
14 53
14 54
14 55
15 16
15 54
15 55
15 56
16 17
16 55
16 56
17 18
17 56
17 57
18 57
18 58
19 58
19 59
19 60
20 21
20 60
20 61
20 62
21 61
21 62
21 63
22 23
22 63
22 64
22 65
23 24
23 64
23 65
23 66
24 25
24 65
24 66
24 67
25 66
25 67
25 68
26 27
26 68
26 69
26 70
27 28
27 69
27 70
27 71
28 29
28 70
28 71
28 72
29 30
29 71
29 72
29 73
30 31
30 72
30 73
30 74
31 32
31 73
31 74
31 75
32 33
32 74
32 75
33 75
33 76
34 35
34 76
34 77
34 78
35 36
35 77
35 78
35 79
36 37
36 78
36 79
37 79
37 80
38 39
38 80
38 81
39 40
39 81
39 82
40 81
40 82
41 42
41 83
41 84
42 43
42 83
42 84
42 85
43 44
43 84
43 85
44 45
44 85
45 46
45 86
46 47
46 86
46 87
47 48
47 86
47 87
47 88
48 87
48 88
49 50
49 89
49 90
49 91
50 90
50 91
50 92
51 92
51 93
51 94
52 53
52 94
52 95
52 96
53 54
53 95
53 96
53 97
54 55
54 96
54 97
55 56
55 97
55 98
56 98
56 99
57 58
57 99
57 100
57 101
58 59
58 100
58 101
58 102
59 60
59 101
59 102
59 103
60 61
60 102
60 103
60 104
61 62
61 103
61 104
61 105
62 63
62 104
62 105
62 106
63 64
63 105
63 106
64 65
64 106
65 66
65 107
66 67
66 107
67 68
67 107
68 69
68 108
69 70
69 108
69 109
70 71
70 108
70 109
70 110
71 72
71 109
71 110
72 73
72 110
72 111
73 74
73 111
74 75
74 111
74 112
75 112
75 113
76 77
76 113
76 114
77 78
77 114
77 115
78 79
78 115
78 116
79 115
79 116
79 117
80 117
80 118
81 82
81 118
81 119
82 119
83 84
83 120
84 85
84 120
84 121
85 120
85 121
85 122
86 87
86 123
86 124
86 125
87 88
87 124
87 125
88 125
89 90
89 126
90 91
90 126
91 92
91 126
91 127
92 93
92 127
92 128
93 94
93 127
93 128
93 129
94 95
94 128
94 129
94 130
95 96
95 129
95 130
95 131
96 97
96 130
96 131
96 132
97 131
97 132
97 133
98 99
98 133
98 134
98 135
99 100
99 134
99 135
99 136
100 101
100 135
100 136
101 102
101 136
102 103
102 137
103 104
103 137
103 138
104 105
104 137
104 138
105 106
105 138
106 139
107 140
107 141
108 109
108 142
108 143
109 110
109 143
110 143
110 144
111 144
111 145
111 146
112 113
112 146
112 147
112 148
113 114
113 147
113 148
113 149
114 148
114 149
114 150
115 116
115 150
115 151
116 117
116 151
116 152
117 152
117 153
118 153
118 154
119 154
119 155
120 121
120 156
120 157
121 122
121 157
121 158
122 123
122 158
122 159
123 124
123 158
123 159
123 160
124 125
124 159
124 160
124 161
125 160
125 161
125 162
126 163
126 164
127 128
127 165
127 166
128 129
128 165
128 166
128 167
129 130
129 166
129 167
129 168
130 131
130 167
130 168
130 169
131 132
131 168
131 169
131 170
132 133
132 169
132 170
132 171
133 134
133 170
133 171
133 172
134 135
134 171
134 172
134 173
135 136
135 172
135 173
135 174
136 173
136 174
136 175
137 138
137 176
137 177
137 178
138 177
138 178
138 179
139 140
139 180
139 181
139 182
140 181
140 182
140 183
141 142
141 183
141 184
142 184
142 185
143 185
143 186
144 145
144 186
144 187
144 188
145 146
145 187
145 188
146 147
146 188
146 189
147 148
147 189
148 149
148 189
149 150
150 151
150 190
151 190
151 191
152 153
152 191
152 192
152 193
153 192
153 193
153 194
154 155
154 194
154 195
154 196
155 195
155 196
156 157
156 197
156 198
157 197
157 198
157 199
158 159
158 199
158 200
159 160
159 200
160 161
160 200
161 162
161 201
162 201
162 202
163 164
163 202
163 203
163 204
164 203
164 204
164 205
165 166
165 205
165 206
165 207
166 167
166 206
166 207
166 208
167 168
167 207
167 208
167 209
168 169
168 208
168 209
168 210
169 170
169 209
169 210
169 211
170 171
170 210
170 211
170 212
171 172
171 211
171 212
172 173
172 212
172 213
173 174
173 213
173 214
174 175
174 213
174 214
174 215
175 176
175 214
175 215
175 216
176 177
176 215
176 216
176 217
177 178
177 216
177 217
177 218
178 179
178 217
178 218
179 180
179 218
179 219
180 181
180 219
181 182
181 219
181 220
182 183
182 220
182 221
183 220
183 221
183 222
184 185
184 222
184 223
185 223
185 224
186 187
186 224
186 225
186 226
187 188
187 225
187 226
187 227
188 226
188 227
189 228
190 191
190 230
190 231
191 192
191 231
191 232
192 193
192 232
192 233
193 194
193 232
193 233
193 234
194 195
194 233
194 234
194 235
195 196
195 234
195 235
196 235
197 198
197 236
197 237
198 199
198 236
198 237
198 238
199 237
199 238
199 239
200 239
200 240
200 241
201 202
201 242
201 243
201 244
202 203
202 243
202 244
203 204
203 244
203 245
204 205
204 245
204 246
205 206
205 245
205 246
206 207
206 246
206 247
207 208
207 247
207 248
208 209
208 247
208 248
208 249
209 210
209 248
209 249
209 250
210 211
210 249
210 250
210 251
211 212
211 250
211 251
211 252
212 251
212 252
212 253
213 214
213 253
213 254
213 255
214 215
214 254
214 255
214 256
215 216
215 255
215 256
215 257
216 217
216 256
216 257
216 258
217 218
217 257
217 258
217 259
218 258
218 259
218 260
219 260
219 261
220 221
220 261
220 262
220 263
221 222
221 262
221 263
221 264
222 223
222 263
222 264
222 265
223 264
223 265
223 266
224 225
224 266
224 267
224 268
225 226
225 267
225 268
225 269
226 227
226 268
226 269
226 270
227 269
227 270
227 271
228 271
228 272
228 273
229 230
229 273
230 231
230 274
231 274
232 233
232 275
232 276
233 234
233 275
233 276
233 277
234 235
234 276
234 277
235 277
235 278
236 237
236 279
237 238
237 279
238 239
238 279
238 280
239 240
239 280
239 281
240 241
240 280
240 281
240 282
241 242
241 281
241 282
241 283
242 243
242 282
242 283
242 284
243 244
243 283
243 284
243 285
244 284
244 285
244 286
245 246
245 286
245 287
245 288
246 287
246 288
246 289
247 248
247 289
247 290
247 291
248 249
248 290
248 291
249 250
249 291
250 251
250 292
251 252
251 292
251 293
252 253
252 292
252 293
252 294
253 254
253 293
253 294
253 295
254 255
254 294
254 295
254 296
255 256
255 295
255 296
255 297
256 257
256 296
256 297
256 298
257 258
257 297
257 298
257 299
258 259
258 298
258 299
258 300
259 260
259 299
259 300
259 301
260 300
260 301
260 302
261 262
261 302
261 303
261 304
262 263
262 303
262 304
262 305
263 264
263 304
263 305
263 306
264 265
264 305
264 306
264 307
265 266
265 306
265 307
265 308
266 267
266 307
266 308
266 309
267 268
267 308
267 309
268 269
268 309
269 270
269 310
270 271
270 310
270 311
271 272
271 310
271 311
271 312
272 273
272 311
272 312
272 313
273 312
273 313
273 314
274 315
274 316
275 276
275 316
275 317
276 277
276 317
276 318
277 317
277 318
277 319
278 319
278 320
279 321
279 322
280 281
280 323
280 324
281 282
281 323
281 324
281 325
282 283
282 324
282 325
282 326
283 284
283 325
283 326
283 327
284 285
284 326
284 327
284 328
285 286
285 327
285 328
285 329
286 287
286 328
286 329
286 330
287 288
287 329
287 330
288 289
288 330
288 331
289 290
289 331
289 332
290 291
290 331
290 332
291 332
291 333
292 293
292 334
292 335
292 336
293 294
293 335
293 336
293 337
294 295
294 336
294 337
294 338
295 296
295 337
295 338
295 339
296 297
296 338
296 339
296 340
297 298
297 339
297 340
297 341
298 299
298 340
298 341
298 342
299 300
299 341
299 342
299 343
300 301
300 342
300 343
301 302
301 343
301 344
302 303
302 344
303 304
303 344
303 345
304 305
304 345
304 346
305 306
305 345
305 346
305 347
306 307
306 346
306 347
306 348
307 308
307 347
307 348
307 349
308 309
308 348
308 349
309 349
309 350
310 311
310 351
310 352
311 312
311 352
311 353
312 313
312 353
312 354
313 314
313 353
313 354
313 355
314 315
314 354
314 355
314 356
315 355
315 356
315 357
316 357
316 358
316 359
317 318
317 359
317 360
317 361
318 319
318 360
318 361
318 362
319 320
319 361
319 362
320 362
321 322
321 363
321 364
322 363
322 364
322 365
323 324
323 365
323 366
323 367
324 325
324 366
324 367
324 368
325 326
325 367
325 368
325 369
326 327
326 368
326 369
327 328
327 369
327 370
328 329
328 370
328 371
329 330
329 370
329 371
329 372
330 371
330 372
330 373
331 332
331 373
331 374
332 374
332 375
333 334
333 375
333 376
333 377
334 335
334 376
334 377
334 378
335 336
335 377
335 378
335 379
336 337
336 378
336 379
336 380
337 338
337 379
337 380
337 381
338 339
338 380
338 381
338 382
339 340
339 381
339 382
339 383
340 341
340 382
340 383
340 384
341 342
341 383
341 384
341 385
342 343
342 384
342 385
342 386
343 385
343 386
343 387
344 387
344 388
344 389
345 346
345 389
345 390
345 391
346 347
346 390
346 391
347 348
347 391
347 392
348 349
348 392
348 393
349 392
349 393
349 394
350 351
350 394
350 395
351 352
351 395
351 396
352 395
352 396
352 397
353 354
353 397
353 398
353 399
354 355
354 398
354 399
355 356
355 399
355 400
356 357
356 400
356 401
357 358
357 400
357 401
357 402
358 359
358 401
358 402
358 403
359 360
359 402
359 403
359 404
360 361
360 403
360 404
360 405
361 362
361 404
361 405
361 406
362 405
362 406
363 364
363 407
363 408
364 365
364 407
364 408
364 409
365 366
365 408
365 409
365 410
366 367
366 409
366 410
366 411
367 368
367 410
367 411
368 369
368 411
368 412
369 412
370 371
370 413
370 414
371 372
371 413
371 414
371 415
372 373
372 414
372 415
372 416
373 374
373 415
373 416
373 417
374 416
374 417
374 418
375 376
375 418
375 419
375 420
376 377
376 419
376 420
376 421
377 378
377 420
377 421
377 422
378 379
378 421
378 422
378 423
379 380
379 422
379 423
379 424
380 381
380 423
380 424
380 425
381 382
381 424
381 425
381 426
382 383
382 425
382 426
383 384
383 426
383 427
384 385
384 427
384 428
385 386
385 427
385 428
385 429
386 387
386 428
386 429
386 430
387 388
387 429
387 430
388 389
388 430
388 431
389 390
389 431
389 432
390 391
390 431
390 432
390 433
391 432
391 433
391 434
392 393
392 434
392 435
393 394
393 435
393 436
394 436
395 396
395 437
395 438
396 397
396 437
396 438
397 398
397 438
397 439
398 399
398 439
398 440
399 439
399 440
399 441
400 401
400 441
400 442
400 443
401 402
401 442
401 443
402 403
402 443
402 444
403 404
403 444
403 445
404 405
404 444
404 445
404 446
405 406
405 445
405 446
405 447
406 446
406 447
406 448
407 408
407 449
407 450
408 409
408 449
408 450
409 410
409 450
409 451
410 411
410 451
410 452
411 451
411 452
412 453
412 454
413 414
413 454
413 455
414 415
414 455
414 456
415 416
415 455
415 456
415 457
416 417
416 456
416 457
416 458
417 418
417 457
417 458
418 419
418 458
418 459
419 420
419 459
419 460
420 421
420 459
420 460
420 461
421 422
421 460
421 461
421 462
422 423
422 461
422 462
423 424
423 462
423 463
424 425
424 463
424 464
425 426
425 463
425 464
426 464
426 465
427 428
427 465
427 466
427 467
428 429
428 466
428 467
428 468
429 430
429 467
429 468
429 469
430 468
430 469
430 470
431 432
431 470
431 471
431 472
432 433
432 471
432 472
432 473
433 434
433 472
433 473
433 474
434 435
434 473
434 474
434 475
435 474
435 475
435 476
436 476
436 477
436 478
437 438
437 478
437 479
437 480
438 479
438 480
438 481
439 440
439 481
439 482
439 483
440 441
440 482
440 483
441 442
441 483
441 484
442 443
442 484
443 484
443 485
444 445
444 485
444 486
444 487
445 446
445 486
445 487
445 488
446 447
446 487
446 488
447 448
447 488
447 489
448 489
449 450
449 490
450 490
450 491
451 452
451 491
451 492
451 493
452 492
452 493
452 494
453 454
453 494
453 495
454 495
454 496
455 456
455 496
455 497
456 457
456 497
457 458
457 498
458 498
458 499
459 460
459 499
459 500
460 461
460 500
461 462
462 501
463 464
463 501
463 502
464 502
465 466
465 503
465 504
466 467
466 503
466 504
466 505
467 468
467 504
467 505
467 506
468 469
468 505
468 506
469 470
469 506
469 507
470 471
470 507
470 508
471 472
471 507
471 508
472 473
472 508
472 509
473 474
473 509
473 510
474 475
474 509
474 510
474 511
475 476
475 510
475 511
475 512
476 477
476 511
476 512
476 513
477 478
477 512
477 513
477 514
478 479
478 513
478 514
479 480
479 514
479 515
480 481
480 515
481 482
481 515
481 516
482 483
482 516
483 516
483 517
484 517
484 518
484 519
485 486
485 519
485 520
485 521
486 487
486 520
486 521
486 522
487 488
487 521
487 522
487 523
488 522
488 523
488 524
489 524
490 491
491 492
491 525
492 493
492 525
492 526
493 494
493 525
493 526
493 527
494 495
494 526
494 527
494 528
495 527
495 528
495 529
496 497
496 529
496 530
496 531
497 530
497 531
497 532
498 499
498 533
498 534
499 500
499 534
499 535
500 534
500 535
500 536
501 502
501 538
501 539
501 540
502 539
502 540
502 541
503 504
503 542
503 543
504 505
504 542
504 543
504 544
505 506
505 543
505 544
505 545
506 544
506 545
506 546
507 508
507 546
507 547
507 548
508 547
508 548
508 549
509 510
509 549
509 550
510 511
510 550
510 551
511 512
511 551
511 552
512 513
512 551
512 552
513 514
513 552
513 553
514 553
514 554
515 554
515 555
515 556
516 556
516 557
516 558
517 518
517 558
517 559
517 560
518 519
518 559
518 560
518 561
519 520
519 560
519 561
519 562
520 521
520 561
520 562
520 563
521 522
521 562
521 563
521 564
522 523
522 563
522 564
522 565
523 524
523 564
523 565
523 566
524 565
524 566
525 526
525 568
525 569
526 527
526 568
526 569
526 570
527 528
527 569
527 570
527 571
528 529
528 570
528 571
528 572
529 530
529 571
529 572
529 573
530 531
530 572
530 573
531 532
531 573
531 574
532 533
532 574
533 574
533 575
534 535
534 575
534 576
534 577
535 536
535 576
535 577
535 578
536 537
536 577
536 578
536 579
537 538
537 578
537 579
537 580
538 539
538 579
538 580
538 581
539 540
539 580
539 581
539 582
540 541
540 581
540 582
541 582
541 583
542 543
542 583
542 584
542 585
543 544
543 584
543 585
543 586
544 545
544 585
544 586
544 587
545 546
545 586
545 587
545 588
546 547
546 587
546 588
547 548
547 588
547 589
548 549
548 589
549 550
549 589
549 590
550 590
550 591
551 552
551 591
551 592
551 593
552 592
552 593
552 594
553 554
553 594
553 595
553 596
554 555
554 595
554 596
554 597
555 556
555 596
555 597
555 598
556 557
556 597
556 598
556 599
557 558
557 598
557 599
557 600
558 559
558 599
558 600
558 601
559 560
559 600
559 601
559 602
560 561
560 601
560 602
560 603
561 562
561 602
561 603
561 604
562 563
562 603
562 604
562 605
563 564
563 604
563 605
563 606
564 565
564 605
564 606
564 607
565 566
565 606
565 607
566 607
567 608
567 609
568 569
568 609
568 610
568 611
569 570
569 610
569 611
569 612
570 571
570 611
570 612
570 613
571 572
571 612
571 613
571 614
572 573
572 613
572 614
572 615
573 614
573 615
574 616
574 617
575 576
575 617
575 618
576 577
576 618
576 619
577 578
577 618
577 619
577 620
578 579
578 619
578 620
578 621
579 580
579 620
579 621
579 622
580 581
580 621
580 622
580 623
581 582
581 622
581 623
581 624
582 623
582 624
582 625
583 584
583 625
583 626
583 627
584 585
584 626
584 627
584 628
585 586
585 627
585 628
585 629
586 587
586 628
586 629
586 630
587 588
587 629
587 630
588 630
588 631
589 631
590 591
590 632
591 592
591 632
591 633
592 593
592 633
592 634
593 594
593 633
593 634
593 635
594 595
594 634
594 635
594 636
595 596
595 635
595 636
595 637
596 597
596 636
596 637
597 598
597 637
598 599
598 638
599 600
599 638
599 639
600 601
600 638
600 639
600 640
601 602
601 639
601 640
601 641
602 603
602 640
602 641
602 642
603 604
603 641
603 642
603 643
604 605
604 642
604 643
605 606
605 643
605 644
606 607
606 644
606 645
607 644
607 645
607 646
608 647
608 648
609 610
609 648
609 649
609 650
610 611
610 649
610 650
610 651
611 612
611 650
611 651
612 613
612 651
612 652
613 614
613 652
613 653
614 615
614 652
614 653
614 654
615 653
615 654
616 617
616 655
616 656
617 655
617 656
617 657
618 619
618 657
618 658
618 659
619 620
619 658
619 659
619 660
620 621
620 659
620 660
620 661
621 622
621 660
621 661
622 623
622 661
622 662
623 624
623 662
623 663
624 625
624 662
624 663
624 664
625 626
625 663
625 664
625 665
626 627
626 664
626 665
626 666
627 628
627 665
627 666
627 667
628 629
628 666
628 667
629 630
629 667
629 668
630 668
630 669
631 669
631 670
632 671
632 672
632 673
633 634
633 673
633 674
633 675
634 635
634 674
634 675
634 676
635 636
635 675
635 676
635 677
636 637
636 676
636 677
636 678
637 677
637 678
637 679
638 639
638 680
639 640
639 681
640 641
640 681
641 642
641 681
641 682
642 643
642 682
642 683
643 682
643 683
643 684
644 645
644 684
644 685
644 686
645 646
645 685
645 686
646 686
646 687
647 648
647 688
647 689
648 649
648 688
648 689
648 690
649 650
649 689
649 690
650 651
650 690
650 691
651 691
651 692
652 653
652 692
652 693
652 694
653 654
653 693
653 694
654 694
654 695
655 656
655 695
655 696
655 697
656 657
656 696
656 697
656 698
657 658
657 697
657 698
657 699
658 659
658 698
658 699
658 700
659 660
659 699
659 700
659 701
660 661
660 700
660 701
660 702
661 701
661 702
661 703
662 663
662 703
662 704
662 705
663 664
663 704
663 705
663 706
664 665
664 705
664 706
665 666
665 706
666 667
666 707
667 707
668 669
668 708
668 709
669 708
669 709
670 671
670 710
670 711
671 672
671 710
671 711
671 712
672 673
672 711
672 712
672 713
673 674
673 712
673 713
673 714
674 675
674 713
674 714
675 676
675 714
675 715
676 677
676 715
676 716
677 678
677 715
677 716
678 679
678 716
678 717
679 680
679 717
679 718
680 717
680 718
681 719
681 720
681 721
682 683
682 721
682 722
682 723
683 684
683 722
683 723
683 724
684 685
684 723
684 724
684 725
685 686
685 724
685 725
685 726
686 725
686 726
688 689
688 727
688 728
689 690
689 727
689 728
689 729
690 728
690 729
691 692
692 693
692 730
693 694
693 730
693 731
694 730
694 731
694 732
695 696
695 732
695 733
695 734
696 697
696 733
696 734
696 735
697 698
697 734
697 735
697 736
698 699
698 735
698 736
698 737
699 700
699 736
699 737
700 701
700 737
700 738
701 702
701 738
701 739
702 703
702 738
702 739
702 740
703 704
703 739
703 740
704 705
704 740
705 706
705 741
706 741
706 742
707 743
707 744
708 709
708 744
708 745
708 746
709 745
709 746
709 747
710 711
710 747
710 748
711 712
711 748
711 749
712 713
712 749
712 750
713 714
713 749
713 750
713 751
714 750
714 751
714 752
715 716
715 752
715 753
715 754
716 753
716 754
716 755
717 718
717 755
717 756
717 757
718 756
718 757
718 758
719 720
719 758
719 759
720 721
720 759
720 760
721 722
721 760
721 761
722 723
722 760
722 761
723 724
723 761
723 762
724 725
724 762
724 763
725 726
725 762
725 763
725 764
726 763
726 764
726 765
727 728
727 767
728 729
728 767
728 768
729 767
729 768
729 769
730 731
730 771
730 772
730 773
731 732
731 772
731 773
731 774
732 733
732 773
732 774
732 775
733 734
733 774
733 775
733 776
734 735
734 775
734 776
735 736
735 776
735 777
736 737
736 777
736 778
737 777
737 778
737 779
738 739
738 779
738 780
739 740
739 780
739 781
740 780
740 781
740 782
741 742
741 783
741 784
741 785
742 743
742 784
742 785
742 786
743 785
743 786
744 745
744 787
744 788
745 746
745 787
745 788
746 747
746 788
746 789
747 748
747 789
747 790
748 789
748 790
748 791
749 750
749 791
749 792
749 793
750 751
750 792
750 793
750 794
751 752
751 793
751 794
751 795
752 753
752 794
752 795
753 754
753 795
753 796
754 755
754 796
754 797
755 756
755 796
755 797
755 798
756 757
756 797
756 798
756 799
757 758
757 798
757 799
757 800
758 759
758 799
758 800
759 800
760 761
760 801
760 802
761 801
761 802
762 763
762 803
763 764
763 803
763 804
764 765
764 803
764 804
764 805
765 766
765 804
765 805
765 806
766 805
766 806
767 768
767 807
767 808
768 769
768 807
768 808
768 809
769 770
769 808
769 809
769 810
770 771
770 809
770 810
770 811
771 772
771 810
771 811
772 773
772 811
772 812
773 774
773 812
773 813
774 775
774 812
774 813
774 814
775 776
775 813
775 814
775 815
776 814
776 815
777 778
777 816
777 817
778 779
778 816
778 817
779 817
779 818
780 781
780 818
780 819
780 820
781 782
781 819
781 820
782 783
782 820
783 784
784 785
784 821
785 786
785 821
785 822
786 821
786 822
786 823
787 788
787 823
787 824
787 825
788 824
788 825
788 826
789 790
789 826
789 827
789 828
790 791
790 827
790 828
790 829
791 792
791 828
791 829
791 830
792 793
792 829
792 830
792 831
793 794
793 830
793 831
793 832
794 795
794 831
794 832
795 832
795 833
796 797
796 833
796 834
796 835
797 798
797 834
797 835
797 836
798 799
798 835
798 836
798 837
799 800
799 836
799 837
799 838
800 837
800 838
801 802
801 839
802 839
802 840
803 804
803 841
803 842
804 805
804 842
804 843
805 806
805 843
805 844
806 843
806 844
807 808
807 845
808 809
809 810
809 846
810 811
810 846
810 847
811 846
811 847
811 848
812 813
812 848
812 849
813 814
813 849
813 850
814 815
814 849
814 850
815 850
815 851
816 817
816 851
816 852
816 853
817 852
817 853
817 854
818 819
818 854
818 855
818 856
819 820
819 855
819 856
819 857
820 856
820 857
820 858
821 822
821 860
821 861
822 823
822 860
822 861
822 862
823 824
823 861
823 862
824 825
824 862
824 863
825 826
825 863
825 864
826 827
826 863
826 864
827 828
827 864
827 865
828 829
828 865
828 866
829 830
829 865
829 866
829 867
830 831
830 866
830 867
830 868
831 832
831 867
831 868
831 869
832 868
832 869
832 870
833 834
833 870
833 871
834 835
834 871
834 872
835 836
835 872
835 873
836 837
836 872
836 873
836 874
837 838
837 873
837 874
837 875
838 874
838 875
839 840
839 877
839 878
840 841
840 877
840 878
841 842
841 878
841 879
842 879
842 880
843 844
843 880
843 881
843 882
844 881
844 882
845 883
846 847
846 885
846 886
847 848
847 885
847 886
847 887
848 886
848 887
848 888
849 850
849 888
849 889
849 890
850 889
850 890
851 852
851 891
852 853
852 891
852 892
853 854
853 892
853 893
854 855
854 892
854 893
854 894
855 856
855 893
855 894
856 857
856 894
856 895
857 858
857 895
857 896
858 859
858 895
858 896
858 897
859 896
859 897
859 898
860 861
860 898
860 899
861 862
861 899
861 900
862 899
862 900
862 901
863 864
863 901
863 902
864 902
864 903
865 866
865 903
865 904
865 905
866 867
866 904
866 905
867 868
867 905
867 906
868 869
868 906
868 907
869 870
869 906
869 907
869 908
870 871
870 907
870 908
870 909
871 908
871 909
871 910
872 873
872 910
872 911
873 874
873 911
873 912
874 875
874 912
875 912
875 913
876 913
876 914
876 915
877 878
877 915
877 916
877 917
878 916
878 917
878 918
879 880
879 918
879 919
880 881
880 919
880 920
881 882
881 919
881 920
881 921
882 920
882 921
883 922
883 923
884 923
884 924
884 925
885 886
885 925
885 926
885 927
886 887
886 926
886 927
886 928
887 888
887 927
887 928
887 929
888 889
888 928
888 929
888 930
889 890
889 929
889 930
889 931
890 930
890 931
891 932
891 933
892 893
892 933
892 934
893 894
893 934
895 896
895 935
896 897
896 935
896 936
897 898
897 935
897 936
897 937
898 936
898 937
898 938
899 900
899 938
899 939
900 901
900 939
900 940
901 902
901 939
901 940
902 940
903 904
903 941
903 942
904 905
904 941
904 942
904 943
905 942
905 943
905 944
906 907
906 944
906 945
906 946
907 908
907 945
907 946
908 909
908 946
908 947
909 910
909 947
909 948
910 911
910 947
910 948
911 948
911 949
912 949
913 914
913 950
914 915
914 950
914 951
915 916
915 951
915 952
916 917
916 951
916 952
916 953
917 918
917 952
917 953
918 953
918 954
919 920
919 954
919 955
920 921
920 955
920 956
921 956
922 923
922 957
922 958
923 924
923 957
923 958
923 959
924 925
924 958
924 959
924 960
925 926
925 959
925 960
925 961
926 927
926 960
926 961
926 962
927 928
927 961
927 962
928 929
928 962
928 963
929 930
929 963
930 931
930 963
930 964
931 964
931 965
932 933
932 965
932 966
933 934
933 966
934 966
935 936
935 969
935 970
936 937
936 970
936 971
937 938
937 970
937 971
937 972
938 971
938 972
938 973
939 940
939 973
939 974
940 974
941 942
941 975
941 976
942 943
942 976
942 977
943 944
943 977
943 978
944 945
944 977
944 978
945 946
945 978
945 979
946 979
946 980
947 948
947 980
947 981
947 982
948 981
948 982
948 983
949 983
949 984
950 985
950 986
951 952
951 986
951 987
952 953
952 987
952 988
953 988
953 989
954 955
954 989
954 990
954 991
955 990
955 991
955 992
956 992
956 993
957 958
957 994
957 995
958 959
958 994
958 995
958 996
959 960
959 995
959 996
959 997
960 961
960 996
960 997
960 998
961 962
961 997
961 998
962 998
962 999
963 999
963 1000
963 1001
964 965
964 1001
964 1002
964 1003
965 1002
965 1003
965 1004
966 1004
966 1005
966 1006
967 968
967 1007
967 1008
967 1009
968 969
968 1008
968 1009
968 1010
969 1009
969 1010
970 971
970 1011
970 1012
971 972
971 1011
971 1012
971 1013
972 973
972 1012
972 1013
972 1014
973 974
973 1013
973 1014
973 1015
974 1014
974 1015
974 1016
975 976
975 1017
975 1018
976 1017
976 1018
976 1019
977 978
977 1019
977 1020
977 1021
978 1020
978 1021
978 1022
979 980
979 1022
979 1023
979 1024
980 981
980 1023
980 1024
981 982
981 1024
981 1025
982 983
982 1025
982 1026
983 1025
983 1026
984 985
984 1027
984 1028
985 1027
985 1028
985 1029
986 987
986 1029
986 1030
987 1030
987 1031
988 989
988 1031
988 1032
989 990
989 1032
990 991
990 1033
991 992
991 1033
992 993
992 1033
992 1034
993 1034
994 995
994 1035
995 996
995 1035
995 1036
996 997
996 1035
996 1036
996 1037
997 998
997 1036
997 1037
997 1038
998 1037
998 1038
998 1039
999 1000
999 1039
999 1040
999 1041
1000 1001
1000 1040
1000 1041
1000 1042
1001 1002
1001 1041
1001 1042
1001 1043
1002 1003
1002 1042
1002 1043
1002 1044
1003 1004
1003 1043
1003 1044
1003 1045
1004 1005
1004 1044
1004 1045
1004 1046
1005 1006
1005 1045
1005 1046
1005 1047
1006 1007
1006 1046
1006 1047
1006 1048
1007 1008
1007 1047
1007 1048
1007 1049
1008 1009
1008 1048
1008 1049
1008 1050
1009 1010
1009 1049
1009 1050
1009 1051
1010 1050
1010 1051
1010 1052
1011 1012
1011 1052
1011 1053
1011 1054
1012 1013
1012 1053
1012 1054
1012 1055
1013 1014
1013 1054
1013 1055
1013 1056
1014 1015
1014 1055
1014 1056
1014 1057
1015 1016
1015 1056
1015 1057
1015 1058
1016 1057
1016 1058
1016 1059
1017 1018
1017 1059
1017 1060
1018 1019
1018 1060
1018 1061
1019 1020
1019 1060
1019 1061
1019 1062
1020 1021
1020 1061
1020 1062
1020 1063
1021 1022
1021 1062
1021 1063
1021 1064
1022 1023
1022 1063
1022 1064
1022 1065
1023 1024
1023 1064
1023 1065
1023 1066
1024 1065
1024 1066
1024 1067
1025 1026
1025 1067
1025 1068
1026 1068
1026 1069
1027 1028
1027 1069
1027 1070
1028 1029
1028 1070
1028 1071
1029 1030
1029 1070
1029 1071
1029 1072
1030 1071
1030 1072
1030 1073
1031 1032
1031 1073
1031 1074
1031 1075
1032 1074
1032 1075
1032 1076
1033 1077
1033 1078
1034 1078
1034 1079
1035 1036
1035 1080
1035 1081
1035 1082
1036 1037
1036 1081
1036 1082
1036 1083
1037 1038
1037 1082
1037 1083
1037 1084
1038 1039
1038 1083
1038 1084
1038 1085
1039 1040
1039 1084
1039 1085
1039 1086
1040 1041
1040 1085
1040 1086
1040 1087
1041 1042
1041 1086
1041 1087
1041 1088
1042 1043
1042 1087
1042 1088
1042 1089
1043 1044
1043 1088
1043 1089
1043 1090
1044 1045
1044 1089
1044 1090
1045 1046
1045 1090
1046 1047
1046 1091
1047 1048
1047 1091
1047 1092
1048 1049
1048 1091
1048 1092
1048 1093
1049 1050
1049 1092
1049 1093
1049 1094
1050 1051
1050 1093
1050 1094
1050 1095
1051 1052
1051 1094
1051 1095
1052 1053
1052 1095
1052 1096
1053 1054
1053 1096
1053 1097
1054 1055
1054 1096
1054 1097
1054 1098
1055 1056
1055 1097
1055 1098
1056 1057
1056 1098
1056 1099
1057 1058
1057 1099
1058 1059
1058 1099
1058 1100
1059 1100
1059 1101
1060 1061
1060 1101
1060 1102
1060 1103
1061 1062
1061 1102
1061 1103
1062 1063
1062 1103
1062 1104
1063 1064
1063 1104
1063 1105
1064 1065
1064 1104
1064 1105
1064 1106
1065 1066
1065 1105
1065 1106
1065 1107
1066 1067
1066 1106
1066 1107
1066 1108
1067 1068
1067 1107
1067 1108
1068 1108
1068 1109
1069 1109
1069 1110
1069 1111
1070 1071
1070 1111
1070 1112
1070 1113
1071 1072
1071 1112
1071 1113
1071 1114
1072 1073
1072 1113
1072 1114
1073 1074
1073 1114
1073 1115
1074 1075
1074 1115
1074 1116
1075 1076
1075 1115
1075 1116
1076 1077
1076 1116
1076 1117
1077 1117
1077 1118
1078 1079
1078 1118
1078 1119
1078 1120
1079 1119
1079 1120
1080 1081
1080 1121
1080 1122
1081 1082
1081 1121
1081 1122
1081 1123
1082 1083
1082 1122
1082 1123
1083 1084
1083 1123
1083 1124
1084 1085
1084 1124
1084 1125
1085 1086
1085 1124
1085 1125
1085 1126
1086 1087
1086 1125
1086 1126
1087 1088
1087 1126
1087 1127
1088 1089
1088 1127
1089 1090
1089 1127
1089 1128
1090 1128
1090 1129
1091 1092
1091 1130
1092 1093
1092 1130
1092 1131
1093 1094
1093 1131
1094 1095
1094 1131
1094 1132
1095 1132
1095 1133
1096 1097
1096 1133
1096 1134
1096 1135
1097 1098
1097 1134
1097 1135
1097 1136
1098 1135
1098 1136
1098 1137
1099 1137
1099 1138
1100 1101
1100 1138
1100 1139
1100 1140
1101 1102
1101 1139
1101 1140
1101 1141
1102 1103
1102 1140
1102 1141
1102 1142
1103 1141
1103 1142
1103 1143
1104 1105
1104 1143
1104 1144
1104 1145
1105 1106
1105 1144
1105 1145
1105 1146
1106 1107
1106 1145
1106 1146
1107 1108
1107 1146
1108 1147
1109 1110
1109 1147
1109 1148
1109 1149
1110 1111
1110 1148
1110 1149
1110 1150
1111 1112
1111 1149
1111 1150
1111 1151
1112 1113
1112 1150
1112 1151
1113 1114
1113 1151
1113 1152
1114 1152
1114 1153
1115 1116
1115 1153
1115 1154
1115 1155
1116 1154
1116 1155
1116 1156
1117 1118
1117 1156
1117 1157
1117 1158
1118 1119
1118 1157
1118 1158
1118 1159
1119 1120
1119 1158
1119 1159
1119 1160
1120 1159
1120 1160
1121 1122
1121 1161
1121 1162
1122 1123
1122 1161
1122 1162
1122 1163
1123 1162
1123 1163
1123 1164
1124 1125
1124 1164
1124 1165
1124 1166
1125 1126
1125 1165
1125 1166
1125 1167
1126 1166
1126 1167
1126 1168
1127 1168
1127 1169
1128 1129
1128 1170
1129 1170
1129 1171
1130 1171
1131 1172
1131 1173
1132 1133
1132 1173
1132 1174
1132 1175
1133 1134
1133 1174
1133 1175
1133 1176
1134 1135
1134 1175
1134 1176
1134 1177
1135 1136
1135 1176
1135 1177
1135 1178
1136 1137
1136 1177
1136 1178
1136 1179
1137 1178
1137 1179
1137 1180
1138 1139
1138 1180
1138 1181
1139 1140
1139 1181
1140 1141
1140 1181
1140 1182
1141 1142
1141 1182
1141 1183
1142 1143
1142 1182
1142 1183
1142 1184
1143 1144
1143 1183
1143 1184
1143 1185
1144 1145
1144 1184
1144 1185
1145 1146
1145 1185
1145 1186
1146 1186
1146 1187
1147 1148
1147 1188
1147 1189
1148 1149
1148 1189
1148 1190
1149 1150
1149 1190
1149 1191
1150 1151
1150 1190
1150 1191
1151 1191
1151 1192
1152 1153
1152 1192
1152 1193
1153 1154
1153 1193
1154 1155
1154 1194
1155 1156
1155 1194
1155 1195
1156 1157
1156 1194
1156 1195
1156 1196
1157 1158
1157 1195
1157 1196
1157 1197
1158 1159
1158 1196
1158 1197
1158 1198
1159 1160
1159 1197
1159 1198
1159 1199
1160 1198
1160 1199
1161 1162
1161 1200
1161 1201
1162 1163
1162 1200
1162 1201
1162 1202
1163 1164
1163 1201
1163 1202
1163 1203
1164 1165
1164 1202
1164 1203
1164 1204
1165 1166
1165 1203
1165 1204
1166 1167
1166 1204
1166 1205
1167 1168
1167 1205
1168 1169
1168 1205
1168 1206
1169 1206
1169 1207
1170 1171
1170 1208
1170 1209
1170 1210
1171 1209
1171 1210
1171 1211
1172 1173
1172 1212
1172 1213
1172 1214
1173 1174
1173 1213
1173 1214
1174 1175
1174 1214
1174 1215
1175 1176
1175 1215
1175 1216
1176 1177
1176 1215
1176 1216
1176 1217
1177 1178
1177 1216
1177 1217
1177 1218
1178 1179
1178 1217
1178 1218
1178 1219
1179 1180
1179 1218
1179 1219
1179 1220
1180 1219
1180 1220
1180 1221
1181 1221
1181 1222
1182 1183
1182 1222
1182 1223
1182 1224
1183 1184
1183 1223
1183 1224
1184 1185
1184 1224
1184 1225
1185 1225
1185 1226
1186 1187
1186 1226
1186 1227
1187 1188
1187 1227
1187 1228
1188 1189
1188 1227
1188 1228
1188 1229
1189 1228
1189 1229
1189 1230
1190 1191
1190 1230
1190 1231
1191 1231
1192 1193
1192 1232
1192 1233
1193 1232
1193 1233
1194 1195
1194 1234
1194 1235
1195 1196
1195 1235
1196 1197
1196 1235
1196 1236
1197 1198
1197 1236
1197 1237
1198 1199
1198 1236
1198 1237
1198 1238
1199 1237
1199 1238
1200 1201
1200 1239
1200 1240
1201 1202
1201 1239
1201 1240
1201 1241
1202 1203
1202 1240
1202 1241
1203 1204
1203 1241
1203 1242
1204 1242
1205 1243
1206 1207
1206 1244
1207 1208
1207 1244
1208 1209
1208 1245
1209 1210
1209 1245
1209 1246
1210 1211
1210 1245
1210 1246
1210 1247
1211 1212
1211 1246
1211 1247
1211 1248
1212 1213
1212 1247
1212 1248
1212 1249
1213 1214
1213 1248
1213 1249
1213 1250
1214 1249
1214 1250
1214 1251
1215 1216
1215 1251
1215 1252
1216 1217
1216 1252
1216 1253
1217 1218
1217 1253
1217 1254
1218 1219
1218 1253
1218 1254
1218 1255
1219 1220
1219 1254
1219 1255
1219 1256
1220 1221
1220 1255
1220 1256
1220 1257
1221 1256
1221 1257
1221 1258
1222 1223
1222 1258
1222 1259
1222 1260
1223 1224
1223 1259
1223 1260
1223 1261
1224 1260
1224 1261
1225 1226
1225 1262
1225 1263
1226 1262
1226 1263
1227 1228
1227 1264
1227 1265
1228 1229
1228 1264
1228 1265
1228 1266
1229 1230
1229 1265
1229 1266
1229 1267
1230 1266
1230 1267
1230 1268
1231 1268
1231 1269
1231 1270
1232 1233
1232 1270
1232 1271
1232 1272
1233 1271
1233 1272
1235 1273
1235 1274
1236 1237
1236 1274
1236 1275
1237 1238
1237 1275
1237 1276
1238 1275
1238 1276
1239 1240
1239 1277
1240 1241
1240 1277
1241 1278
1242 1278
1242 1279
1242 1280
1243 1280
1243 1281
1243 1282
1244 1282
1244 1283
1244 1284
1245 1246
1245 1285
1245 1286
1245 1287
1246 1247
1246 1286
1246 1287
1246 1288
1247 1248
1247 1287
1247 1288
1247 1289
1248 1249
1248 1288
1248 1289
1248 1290
1249 1250
1249 1289
1249 1290
1249 1291
1250 1251
1250 1290
1250 1291
1250 1292
1251 1252
1251 1291
1251 1292
1251 1293
1252 1292
1252 1293
1252 1294
1253 1254
1253 1294
1253 1295
1253 1296
1254 1255
1254 1295
1254 1296
1254 1297
1255 1256
1255 1296
1255 1297
1255 1298
1256 1257
1256 1297
1256 1298
1256 1299
1257 1258
1257 1298
1257 1299
1257 1300
1258 1259
1258 1299
1258 1300
1258 1301
1259 1260
1259 1300
1259 1301
1260 1261
1260 1301
1260 1302
1261 1302
1261 1303
1262 1263
1262 1303
1262 1304
1262 1305
1263 1304
1263 1305
1263 1306
1264 1265
1264 1306
1264 1307
1264 1308
1265 1266
1265 1307
1265 1308
1265 1309
1266 1267
1266 1308
1266 1309
1266 1310
1267 1268
1267 1309
1267 1310
1267 1311
1268 1269
1268 1310
1268 1311
1268 1312
1269 1270
1269 1311
1269 1312
1269 1313
1270 1271
1270 1312
1270 1313
1271 1272
1271 1313
1271 1314
1272 1314
1272 1315
1273 1274
1273 1317
1273 1318
1274 1317
1274 1318
1274 1319
1275 1276
1275 1319
1275 1320
1276 1320
1277 1321
1277 1322
1278 1279
1278 1323
1278 1324
1278 1325
1279 1280
1279 1324
1279 1325
1279 1326
1280 1281
1280 1325
1280 1326
1280 1327
1281 1282
1281 1326
1281 1327
1281 1328
1282 1283
1282 1327
1282 1328
1282 1329
1283 1284
1283 1328
1283 1329
1283 1330
1284 1285
1284 1329
1284 1330
1285 1286
1285 1330
1285 1331
1286 1287
1286 1331
1287 1288
1287 1331
1287 1332
1288 1289
1288 1332
1288 1333
1289 1290
1289 1332
1289 1333
1290 1291
1290 1333
1290 1334
1291 1292
1291 1334
1291 1335
1292 1293
1292 1334
1292 1335
1292 1336
1293 1294
1293 1335
1293 1336
1293 1337
1294 1295
1294 1336
1294 1337
1295 1296
1295 1337
1296 1297
1296 1338
1297 1298
1297 1338
1298 1299
1298 1338
1298 1339
1299 1300
1299 1339
1299 1340
1300 1301
1300 1339
1300 1340
1300 1341
1301 1340
1301 1341
1301 1342
1302 1303
1302 1342
1302 1343
1302 1344
1303 1304
1303 1343
1303 1344
1303 1345
1304 1305
1304 1344
1304 1345
1305 1306
1305 1345
1306 1307
1307 1308
1307 1346
1308 1309
1308 1346
1308 1347
1309 1310
1309 1346
1309 1347
1309 1348
1310 1311
1310 1347
1310 1348
1311 1312
1311 1348
1312 1313
1312 1349
1313 1349
1314 1315
1314 1350
1314 1351
1315 1316
1315 1350
1315 1351
1315 1352
1316 1351
1316 1352
1317 1318
1317 1353
1317 1354
1318 1319
1318 1353
1318 1354
1318 1355
1319 1354
1319 1355
1319 1356
1320 1356
1320 1357
1321 1322
1321 1358
1321 1359
1322 1323
1322 1358
1322 1359
1322 1360
1323 1324
1323 1359
1323 1360
1323 1361
1324 1325
1324 1360
1324 1361
1324 1362
1325 1326
1325 1361
1325 1362
1325 1363
1326 1327
1326 1362
1326 1363
1327 1328
1327 1363
1328 1329
1328 1364
1329 1330
1329 1364
1329 1365
1330 1364
1330 1365
1330 1366
1331 1366
1331 1367
1332 1333
1332 1367
1332 1368
1333 1368
1334 1335
1334 1369
1334 1370
1335 1336
1335 1369
1335 1370
1335 1371
1336 1337
1336 1370
1336 1371
1336 1372
1337 1371
1337 1372
1337 1373
1338 1374
1339 1340
1339 1374
1339 1375
1340 1341
1340 1375
1340 1376
1341 1342
1341 1376
1341 1377
1342 1343
1342 1376
1342 1377
1342 1378
1343 1344
1343 1377
1343 1378
1343 1379
1344 1345
1344 1378
1344 1379
1344 1380
1345 1379
1345 1380
1345 1381
1346 1347
1346 1382
1346 1383
1347 1348
1347 1383
1347 1384
1348 1384
1349 1385
1349 1386
1349 1387
1350 1351
1350 1387
1350 1388
1351 1352
1351 1388
1351 1389
1352 1388
1352 1389
1352 1390
1353 1354
1353 1390
1353 1391
1353 1392
1354 1355
1354 1391
1354 1392
1354 1393
1355 1356
1355 1392
1355 1393
1355 1394
1356 1357
1356 1393
1356 1394
1356 1395
1357 1394
1357 1395
1358 1359
1358 1396
1358 1397
1359 1360
1359 1396
1359 1397
1359 1398
1360 1361
1360 1397
1360 1398
1360 1399
1361 1362
1361 1398
1361 1399
1361 1400
1362 1363
1362 1399
1362 1400
1362 1401
1363 1400
1363 1401
1363 1402
1364 1365
1364 1403
1364 1404
1365 1366
1365 1404
1365 1405
1366 1405
1366 1406
1367 1368
1367 1406
1367 1407
1367 1408
1368 1407
1368 1408
1368 1409
1369 1370
1369 1410
1369 1411
1370 1371
1370 1411
1370 1412
1371 1372
1371 1412
1371 1413
1372 1373
1372 1412
1372 1413
1372 1414
1373 1413
1373 1414
1374 1375
1374 1415
1374 1416
1375 1415
1375 1416
1375 1417
1376 1377
1376 1417
1376 1418
1377 1378
1377 1418
1377 1419
1378 1379
1378 1419
1378 1420
1379 1380
1379 1419
1379 1420
1379 1421
1380 1381
1380 1420
1380 1421
1380 1422
1381 1421
1381 1422
1381 1423
1382 1383
1382 1423
1382 1424
1382 1425
1383 1424
1383 1425
1383 1426
1384 1426
1384 1427
1385 1386
1385 1427
1385 1428
1385 1429
1386 1387
1386 1428
1386 1429
1387 1429
1387 1430
1388 1389
1388 1430
1388 1431
1388 1432
1389 1390
1389 1431
1389 1432
1389 1433
1390 1391
1390 1432
1390 1433
1390 1434
1391 1392
1391 1433
1391 1434
1391 1435
1392 1393
1392 1434
1392 1435
1392 1436
1393 1394
1393 1435
1393 1436
1394 1395
1394 1436
1396 1397
1396 1437
1397 1398
1397 1437
1397 1438
1398 1399
1398 1437
1398 1438
1398 1439
1399 1400
1399 1438
1399 1439
1399 1440
1400 1401
1400 1439
1400 1440
1400 1441
1401 1402
1401 1440
1401 1441
1401 1442
1402 1403
1402 1441
1402 1442
1403 1404
1403 1442
1403 1443
1404 1443
1404 1444
1405 1406
1405 1444
1406 1407
1407 1408
1407 1445
1408 1409
1408 1445
1408 1446
1409 1410
1409 1445
1409 1446
1409 1447
1410 1411
1410 1446
1410 1447
1410 1448
1411 1447
1411 1448
1411 1449
1412 1413
1412 1449
1412 1450
1412 1451
1413 1414
1413 1450
1413 1451
1413 1452
1414 1451
1414 1452
1415 1416
1415 1453
1415 1454
1416 1417
1416 1454
1416 1455
1417 1418
1417 1454
1417 1455
1417 1456
1418 1455
1418 1456
1418 1457
1419 1420
1419 1457
1419 1458
1420 1421
1420 1458
1420 1459
1421 1422
1421 1459
1421 1460
1422 1423
1422 1459
1422 1460
1423 1424
1423 1460
1424 1425
1424 1461
1425 1426
1425 1461
1425 1462
1426 1461
1426 1462
1426 1463
1427 1428
1427 1463
1427 1464
1428 1429
1428 1464
1428 1465
1429 1464
1429 1465
1430 1431
1430 1466
1430 1467
1431 1432
1431 1466
1431 1467
1431 1468
1432 1433
1432 1467
1432 1468
1432 1469
1433 1434
1433 1468
1433 1469
1433 1470
1434 1435
1434 1469
1434 1470
1434 1471
1435 1436
1435 1470
1435 1471
1435 1472
1436 1471
1436 1472
1436 1473
1437 1438
1437 1474
1438 1439
1438 1474
1438 1475
1439 1440
1439 1475
1439 1476
1440 1441
1440 1475
1440 1476
1440 1477
1441 1442
1441 1476
1441 1477
1441 1478
1442 1477
1442 1478
1442 1479
1443 1444
1443 1479
1443 1480
1443 1481
1444 1480
1444 1481
1445 1446
1445 1483
1445 1484
1445 1485
1446 1447
1446 1484
1446 1485
1446 1486
1447 1448
1447 1485
1447 1486
1447 1487
1448 1449
1448 1486
1448 1487
1448 1488
1449 1450
1449 1487
1449 1488
1449 1489
1450 1451
1450 1488
1450 1489
1450 1490
1451 1452
1451 1489
1451 1490
1451 1491
1452 1490
1452 1491
1452 1492
1453 1492
1453 1493
1453 1494
1454 1455
1454 1494
1455 1456
1455 1495
1456 1457
1456 1495
1456 1496
1457 1458
1457 1495
1457 1496
1457 1497
1458 1496
1458 1497
1458 1498
1459 1460
1459 1498
1459 1499
1460 1499
1461 1462
1461 1500
1461 1501
1462 1463
1462 1501
1463 1501
1463 1502
1464 1465
1464 1502
1464 1503
1464 1504
1465 1503
1465 1504
1465 1505
1466 1467
1466 1505
1466 1506
1466 1507
1467 1468
1467 1506
1467 1507
1468 1469
1468 1507
1468 1508
1469 1470
1469 1508
1469 1509
1470 1471
1470 1508
1470 1509
1471 1472
1471 1509
1472 1473
1472 1510
1473 1510
1473 1511
1474 1512
1474 1513
1474 1514
1475 1476
1475 1514
1475 1515
1476 1477
1476 1515
1476 1516
1477 1478
1477 1515
1477 1516
1477 1517
1478 1479
1478 1516
1478 1517
1478 1518
1479 1480
1479 1517
1479 1518
1480 1481
1480 1518
1481 1519
1482 1483
1482 1519
1482 1520
1482 1521
1483 1484
1483 1520
1483 1521
1483 1522
1484 1485
1484 1521
1484 1522
1485 1486
1485 1522
1485 1523
1486 1487
1486 1523
1486 1524
1487 1488
1487 1523
1487 1524
1487 1525
1488 1489
1488 1524
1488 1525
1488 1526
1489 1490
1489 1525
1489 1526
1489 1527
1490 1491
1490 1526
1490 1527
1490 1528
1491 1492
1491 1527
1491 1528
1491 1529
1492 1493
1492 1528
1492 1529
1492 1530
1493 1494
1493 1529
1493 1530
1493 1531
1494 1530
1494 1531
1495 1496
1495 1532
1495 1533
1495 1534
1496 1497
1496 1533
1496 1534
1496 1535
1497 1498
1497 1534
1497 1535
1497 1536
1498 1535
1498 1536
1499 1537
1500 1537
1500 1538
1501 1538
1501 1539
1501 1540
1502 1503
1502 1540
1502 1541
1502 1542
1503 1504
1503 1541
1503 1542
1503 1543
1504 1505
1504 1542
1504 1543
1504 1544
1505 1506
1505 1543
1505 1544
1505 1545
1506 1507
1506 1544
1506 1545
1506 1546
1507 1545
1507 1546
1507 1547
1508 1509
1508 1547
1508 1548
1508 1549
1509 1548
1509 1549
1509 1550
1510 1511
1510 1551
1510 1552
1510 1553
1511 1552
1511 1553
1512 1513
1512 1554
1512 1555
1513 1514
1513 1554
1513 1555
1513 1556
1514 1555
1514 1556
1514 1557
1515 1516
1515 1557
1515 1558
1516 1517
1516 1558
1516 1559
1517 1518
1517 1558
1517 1559
1518 1559
1519 1520
1519 1560
1519 1561
1519 1562
1520 1521
1520 1561
1520 1562
1520 1563
1521 1522
1521 1562
1521 1563
1522 1563
1522 1564
1523 1524
1523 1564
1523 1565
1524 1525
1524 1565
1525 1526
1525 1565
1525 1566
1526 1527
1526 1566
1526 1567
1527 1528
1527 1566
1527 1567
1527 1568
1528 1529
1528 1567
1528 1568
1528 1569
1529 1530
1529 1568
1529 1569
1529 1570
1530 1531
1530 1569
1530 1570
1531 1570
1531 1571
1532 1533
1532 1571
1532 1572
1532 1573
1533 1534
1533 1572
1533 1573
1533 1574
1534 1535
1534 1573
1534 1574
1534 1575
1535 1536
1535 1574
1535 1575
1535 1576
1536 1575
1536 1576
1536 1577
1537 1578
1537 1579
1537 1580
1538 1539
1538 1580
1538 1581
1538 1582
1539 1540
1539 1581
1539 1582
1539 1583
1540 1541
1540 1582
1540 1583
1540 1584
1541 1542
1541 1583
1541 1584
1541 1585
1542 1543
1542 1584
1542 1585
1543 1544
1543 1585
1543 1586
1544 1545
1544 1586
1545 1546
1545 1586
1545 1587
1546 1547
1546 1587
1547 1548
1547 1587
1547 1588
1548 1549
1548 1588
1548 1589
1549 1550
1549 1588
1549 1589
1549 1590
1550 1551
1550 1589
1550 1590
1550 1591
1551 1552
1551 1590
1551 1591
1551 1592
1552 1553
1552 1591
1552 1592
1552 1593
1553 1592
1553 1593
1554 1555
1554 1594
1555 1556
1555 1594
1555 1595
1556 1557
1556 1595
1556 1596
1557 1595
1557 1596
1557 1597
1558 1559
1558 1597
1558 1598
1558 1599
1559 1598
1559 1599
1559 1600
1560 1561
1560 1601
1560 1602
1561 1562
1561 1601
1561 1602
1561 1603
1562 1563
1562 1602
1562 1603
1562 1604
1563 1603
1563 1604
1563 1605
1564 1605
1564 1606
1564 1607
1565 1607
1565 1608
1565 1609
1566 1567
1566 1609
1566 1610
1566 1611
1567 1568
1567 1610
1567 1611
1567 1612
1568 1569
1568 1611
1568 1612
1568 1613
1569 1570
1569 1612
1569 1613
1569 1614
1570 1613
1570 1614
1570 1615
1571 1572
1571 1615
1572 1573
1572 1616
1573 1574
1573 1616
1574 1575
1574 1616
1575 1576
1575 1617
1576 1577
1576 1617
1576 1618
1577 1578
1577 1617
1577 1618
1577 1619
1578 1579
1578 1618
1578 1619
1578 1620
1579 1580
1579 1619
1579 1620
1579 1621
1580 1581
1580 1620
1580 1621
1580 1622
1581 1582
1581 1621
1581 1622
1581 1623
1582 1583
1582 1622
1582 1623
1582 1624
1583 1584
1583 1623
1583 1624
1583 1625
1584 1585
1584 1624
1584 1625
1584 1626
1585 1625
1585 1626
1585 1627
1586 1627
1586 1628
1586 1629
1587 1629
1587 1630
1587 1631
1588 1589
1588 1631
1588 1632
1589 1590
1589 1632
1589 1633
1590 1591
1590 1632
1590 1633
1590 1634
1591 1592
1591 1633
1591 1634
1591 1635
1592 1593
1592 1634
1592 1635
1592 1636
1593 1635
1593 1636
1594 1637
1595 1596
1595 1637
1595 1638
1595 1639
1596 1597
1596 1638
1596 1639
1597 1598
1597 1639
1598 1599
1598 1640
1599 1600
1599 1640
1600 1640
1600 1641
1601 1602
1601 1641
1601 1642
1601 1643
1602 1603
1602 1642
1602 1643
1602 1644
1603 1604
1603 1643
1603 1644
1603 1645
1604 1605
1604 1644
1604 1645
1604 1646
1605 1606
1605 1645
1605 1646
1606 1607
1606 1646
1607 1608
1607 1647
1608 1609
1608 1647
1608 1648
1609 1610
1609 1647
1609 1648
1610 1611
1610 1648
1610 1649
1611 1612
1611 1649
1612 1613
1612 1649
1612 1650
1613 1614
1613 1650
1613 1651
1614 1615
1614 1650
1614 1651
1614 1652
1615 1651
1615 1652
1615 1653
1616 1654
1616 1655
1617 1618
1617 1656
1617 1657
1617 1658
1618 1619
1618 1657
1618 1658
1618 1659
1619 1620
1619 1658
1619 1659
1620 1621
1620 1659
1620 1660
1621 1622
1621 1660
1621 1661
1622 1623
1622 1660
1622 1661
1622 1662
1623 1624
1623 1661
1623 1662
1623 1663
1624 1625
1624 1662
1624 1663
1625 1626
1625 1663
1625 1664
1626 1627
1626 1664
1626 1665
1627 1628
1627 1664
1627 1665
1627 1666
1628 1629
1628 1665
1628 1666
1628 1667
1629 1630
1629 1666
1629 1667
1629 1668
1630 1631
1630 1667
1630 1668
1630 1669
1631 1668
1631 1669
1631 1670
1632 1633
1632 1670
1633 1634
1634 1635
1634 1671
1635 1636
1635 1671
1635 1672
1636 1671
1636 1672
1637 1638
1637 1673
1637 1674
1638 1639
1638 1674
1640 1675
1640 1676
1640 1677
1641 1642
1641 1677
1642 1643
1642 1678
1643 1644
1643 1678
1643 1679
1644 1645
1644 1678
1644 1679
1644 1680
1645 1646
1645 1679
1645 1680
1645 1681
1646 1680
1646 1681
1646 1682
1647 1648
1647 1683
1647 1684
1647 1685
1648 1684
1648 1685
1648 1686
1649 1686
1649 1687
1650 1651
1650 1688
1650 1689
1651 1652
1651 1688
1651 1689
1651 1690
1652 1653
1652 1689
1652 1690
1653 1690
1653 1691
1654 1655
1654 1691
1654 1692
1655 1656
1655 1692
1655 1693
1656 1657
1656 1692
1656 1693
1656 1694
1657 1658
1657 1693
1657 1694
1657 1695
1658 1659
1658 1694
1658 1695
1658 1696
1659 1695
1659 1696
1659 1697
1660 1661
1660 1697
1660 1698
1661 1662
1661 1698
1661 1699
1662 1663
1662 1698
1662 1699
1662 1700
1663 1699
1663 1700
1664 1665
1664 1701
1664 1702
1665 1666
1665 1701
1665 1702
1665 1703
1666 1667
1666 1702
1666 1703
1666 1704
1667 1668
1667 1703
1667 1704
1667 1705
1668 1669
1668 1704
1668 1705
1668 1706
1669 1670
1669 1705
1669 1706
1669 1707
1670 1706
1670 1707
1671 1672
1671 1709
1671 1710
1671 1711
1672 1710
1672 1711
1673 1674
1673 1712
1673 1713
1674 1712
1674 1713
1674 1714
1675 1676
1675 1716
1675 1717
1675 1718
1676 1677
1676 1717
1676 1718
1676 1719
1677 1718
1677 1719
1678 1679
1678 1720
1678 1721
1678 1722
1679 1680
1679 1721
1679 1722
1680 1681
1680 1722
1680 1723
1681 1682
1681 1723
1682 1683
1682 1723
1682 1724
1683 1684
1683 1724
1684 1685
1684 1724
1684 1725
1685 1686
1685 1725
1685 1726
1686 1687
1686 1725
1686 1726
1686 1727
1687 1726
1687 1727
1687 1728
1688 1689
1688 1728
1688 1729
1689 1690
1689 1729
1689 1730
1690 1730
1690 1731
1691 1731
1691 1732
1691 1733
1692 1693
1692 1733
1692 1734
1692 1735
1693 1694
1693 1734
1693 1735
1694 1695
1694 1735
1694 1736
1695 1696
1695 1736
1695 1737
1696 1697
1696 1736
1696 1737
1696 1738
1697 1737
1697 1738
1698 1699
1698 1739
1699 1700
1699 1739
1699 1740
1700 1739
1700 1740
1700 1741
1701 1702
1701 1741
1701 1742
1701 1743
1702 1703
1702 1742
1702 1743
1702 1744
1703 1704
1703 1743
1703 1744
1703 1745
1704 1705
1704 1744
1704 1745
1704 1746
1705 1706
1705 1745
1705 1746
1705 1747
1706 1707
1706 1746
1706 1747
1706 1748
1707 1747
1707 1748
1708 1709
1708 1749
1709 1710
1709 1749
1709 1750
1710 1711
1710 1750
1710 1751
1711 1750
1711 1751
1712 1713
1712 1752
1712 1753
1713 1714
1713 1752
1713 1753
1713 1754
1714 1715
1714 1753
1714 1754
1714 1755
1715 1716
1715 1754
1715 1755
1715 1756
1716 1717
1716 1755
1716 1756
1716 1757
1717 1718
1717 1756
1717 1757
1717 1758
1718 1719
1718 1757
1718 1758
1718 1759
1719 1758
1719 1759
1719 1760
1720 1721
1720 1760
1720 1761
1721 1722
1721 1761
1721 1762
1722 1762
1723 1763
1724 1763
1724 1764
1725 1726
1725 1765
1726 1727
1726 1765
1727 1728
1727 1765
1727 1766
1728 1729
1728 1766
1729 1766
1729 1767
1730 1731
1730 1767
1730 1768
1730 1769
1731 1732
1731 1768
1731 1769
1731 1770
1732 1733
1732 1769
1732 1770
1732 1771
1733 1734
1733 1770
1733 1771
1734 1735
1734 1771
1734 1772
1735 1772
1735 1773
1736 1737
1736 1773
1736 1774
1736 1775
1737 1738
1737 1774
1737 1775
1737 1776
1738 1775
1738 1776
1738 1777
1739 1740
1739 1778
1739 1779
1739 1780
1740 1741
1740 1779
1740 1780
1740 1781
1741 1742
1741 1780
1741 1781
1741 1782
1742 1743
1742 1781
1742 1782
1742 1783
1743 1744
1743 1782
1743 1783
1743 1784
1744 1745
1744 1783
1744 1784
1744 1785
1745 1746
1745 1784
1745 1785
1745 1786
1746 1747
1746 1785
1746 1786
1746 1787
1747 1748
1747 1786
1747 1787
1747 1788
1748 1787
1748 1788
1748 1789
1749 1789
1749 1790
1750 1751
1750 1791
1750 1792
1751 1791
1751 1792
1752 1753
1752 1793
1753 1754
1753 1793
1753 1794
1754 1755
1754 1794
1754 1795
1755 1756
1755 1794
1755 1795
1755 1796
1756 1757
1756 1795
1756 1796
1756 1797
1757 1758
1757 1796
1757 1797
1757 1798
1758 1759
1758 1797
1758 1798
1758 1799
1759 1760
1759 1798
1759 1799
1759 1800
1760 1761
1760 1799
1760 1800
1760 1801
1761 1800
1761 1801
1761 1802
1762 1802
1762 1803
1762 1804
1763 1764
1763 1805
1763 1806
1763 1807
1764 1806
1764 1807
1764 1808
1765 1809
1765 1810
1765 1811
1766 1811
1766 1812
1767 1768
1767 1813
1767 1814
1768 1769
1768 1813
1768 1814
1768 1815
1769 1770
1769 1814
1769 1815
1769 1816
1770 1771
1770 1815
1770 1816
1770 1817
1771 1816
1771 1817
1771 1818
1772 1773
1772 1818
1772 1819
1772 1820
1773 1774
1773 1819
1773 1820
1773 1821
1774 1775
1774 1820
1774 1821
1774 1822
1775 1776
1775 1821
1775 1822
1775 1823
1776 1777
1776 1822
1776 1823
1776 1824
1777 1778
1777 1823
1777 1824
1777 1825
1778 1779
1778 1824
1778 1825
1778 1826
1779 1780
1779 1825
1779 1826
1779 1827
1780 1781
1780 1826
1780 1827
1780 1828
1781 1782
1781 1827
1781 1828
1781 1829
1782 1783
1782 1828
1782 1829
1783 1784
1783 1829
1783 1830
1784 1785
1784 1830
1784 1831
1785 1786
1785 1830
1785 1831
1785 1832
1786 1787
1786 1831
1786 1832
1786 1833
1787 1788
1787 1832
1787 1833
1787 1834
1788 1789
1788 1833
1788 1834
1788 1835
1789 1790
1789 1834
1789 1835
1789 1836
1790 1835
1790 1836
1790 1837
1791 1792
1791 1837
1791 1838
1791 1839
1792 1838
1792 1839
1793 1840
1794 1795
1794 1840
1794 1841
1794 1842
1795 1796
1795 1841
1795 1842
1795 1843
1796 1797
1796 1842
1796 1843
1797 1798
1797 1843
1797 1844
1798 1799
1798 1844
1798 1845
1799 1800
1799 1844
1799 1845
1799 1846
1800 1801
1800 1845
1800 1846
1800 1847
1801 1802
1801 1846
1801 1847
1801 1848
1802 1803
1802 1847
1802 1848
1802 1849
1803 1804
1803 1848
1803 1849
1803 1850
1804 1805
1804 1849
1804 1850
1805 1806
1805 1850
1805 1851
1806 1807
1806 1851
1806 1852
1807 1808
1807 1851
1807 1852
1807 1853
1808 1809
1808 1852
1808 1853
1808 1854
1809 1810
1809 1853
1809 1854
1810 1811
1810 1854
1810 1855
1811 1812
1811 1855
1811 1856
1812 1855
1812 1856
1812 1857
1813 1814
1813 1857
1813 1858
1814 1815
1814 1858
1815 1816
1815 1859
1816 1817
1816 1859
1816 1860
1817 1818
1817 1859
1817 1860
1818 1819
1818 1860
1819 1820
1819 1861
1820 1821
1820 1861
1820 1862
1821 1822
1821 1861
1821 1862
1821 1863
1822 1823
1822 1862
1822 1863
1822 1864
1823 1824
1823 1863
1823 1864
1823 1865
1824 1825
1824 1864
1824 1865
1824 1866
1825 1826
1825 1865
1825 1866
1825 1867
1826 1827
1826 1866
1826 1867
1826 1868
1827 1828
1827 1867
1827 1868
1828 1829
1828 1868
1829 1869
1830 1831
1830 1869
1830 1870
1831 1832
1831 1870
1831 1871
1832 1833
1832 1871
1832 1872
1833 1834
1833 1871
1833 1872
1834 1835
1834 1872
1834 1873
1835 1836
1835 1873
1835 1874
1836 1837
1836 1873
1836 1874
1836 1875
1837 1838
1837 1874
1837 1875
1837 1876
1838 1839
1838 1875
1838 1876
1838 1877
1839 1876
1839 1877
1840 1841
1840 1878
1841 1842
1841 1879
1842 1843
1842 1879
1842 1880
1843 1879
1843 1880
1844 1845
1844 1881
1844 1882
1845 1846
1845 1881
1845 1882
1845 1883
1846 1847
1846 1882
1846 1883
1846 1884
1847 1848
1847 1883
1847 1884
1847 1885
1848 1849
1848 1884
1848 1885
1848 1886
1849 1850
1849 1885
1849 1886
1849 1887
1850 1886
1850 1887
1850 1888
1851 1852
1851 1888
1851 1889
1851 1890
1852 1853
1852 1889
1852 1890
1852 1891
1853 1854
1853 1890
1853 1891
1853 1892
1854 1891
1854 1892
1854 1893
1855 1856
1855 1893
1855 1894
1856 1857
1856 1894
1857 1858
1857 1895
1858 1895
1858 1896
1859 1860
1859 1897
1859 1898
1859 1899
1860 1898
1860 1899
1861 1862
1861 1900
1861 1901
1861 1902
1862 1863
1862 1901
1862 1902
1862 1903
1863 1864
1863 1902
1863 1903
1864 1865
1864 1903
1864 1904
1865 1866
1865 1904
1866 1867
1866 1904
1866 1905
1867 1868
1867 1905
1867 1906
1868 1905
1868 1906
1868 1907
1869 1870
1869 1908
1869 1909
1870 1909
1870 1910
1871 1872
1871 1910
1871 1911
1871 1912
1872 1911
1872 1912
1872 1913
1873 1874
1873 1913
1873 1914
1873 1915
1874 1875
1874 1914
1874 1915
1874 1916
1875 1876
1875 1915
1875 1916
1875 1917
1876 1877
1876 1916
1876 1917
1876 1918
1877 1917
1877 1918
1878 1919
1878 1920
1879 1880
1879 1921
1879 1922
1880 1922
1880 1923
1881 1882
1881 1923
1881 1924
1881 1925
1882 1883
1882 1924
1882 1925
1882 1926
1883 1884
1883 1925
1883 1926
1883 1927
1884 1885
1884 1926
1884 1927
1885 1886
1885 1927
1885 1928
1886 1887
1886 1928
1886 1929
1887 1888
1887 1928
1887 1929
1887 1930
1888 1889
1888 1929
1888 1930
1889 1890
1889 1930
1889 1931
1890 1891
1890 1931
1890 1932
1891 1892
1891 1931
1891 1932
1891 1933
1892 1893
1892 1932
1892 1933
1892 1934
1893 1894
1893 1933
1893 1934
1893 1935
1894 1934
1894 1935
1895 1896
1895 1936
1895 1937
1895 1938
1896 1897
1896 1937
1896 1938
1896 1939
1897 1898
1897 1938
1897 1939
1897 1940
1898 1899
1898 1939
1898 1940
1898 1941
1899 1940
1899 1941
1900 1901
1900 1942
1900 1943
1901 1902
1901 1942
1901 1943
1901 1944
1902 1903
1902 1943
1902 1944
1902 1945
1903 1944
1903 1945
1903 1946
1904 1946
1904 1947
1905 1906
1905 1947
1905 1948
1906 1907
1906 1948
1906 1949
1907 1908
1907 1948
1907 1949
1907 1950
1908 1909
1908 1949
1908 1950
1908 1951
1909 1950
1909 1951
1909 1952
1910 1911
1910 1952
1910 1953
1911 1912
1911 1953
1912 1913
1912 1954
1913 1914
1913 1954
1913 1955
1914 1915
1914 1954
1914 1955
1914 1956
1915 1916
1915 1955
1915 1956
1915 1957
1916 1917
1916 1956
1916 1957
1916 1958
1917 1918
1917 1957
1917 1958
1917 1959
1918 1958
1918 1959
1919 1920
1919 1960
1919 1961
1920 1921
1920 1960
1920 1961
1920 1962
1921 1961
1921 1962
1921 1963
1922 1923
1922 1963
1922 1964
1922 1965
1923 1924
1923 1964
1923 1965
1924 1925
1924 1965
1925 1926
1925 1966
1926 1927
1926 1966
1926 1967
1927 1966
1927 1967
1927 1968
1928 1929
1928 1968
1928 1969
1928 1970
1929 1930
1929 1969
1929 1970
1930 1970
1930 1971
1931 1932
1931 1971
1931 1972
1931 1973
1932 1933
1932 1972
1932 1973
1932 1974
1933 1934
1933 1973
1933 1974
1933 1975
1934 1935
1934 1974
1934 1975
1934 1976
1935 1975
1935 1976
1935 1977
1936 1937
1936 1977
1936 1978
1937 1938
1937 1978
1937 1979
1938 1939
1938 1978
1938 1979
1939 1940
1939 1979
1939 1980
1940 1941
1940 1980
1940 1981
1941 1980
1941 1981
1941 1982
1942 1943
1942 1982
1942 1983
1943 1944
1943 1983
1943 1984
1944 1945
1944 1984
1944 1985
1945 1946
1945 1984
1945 1985
1945 1986
1946 1985
1946 1986
1946 1987
1947 1987
1947 1988
1947 1989
1948 1949
1948 1989
1949 1950
1949 1990
1950 1951
1950 1990
1950 1991
1951 1952
1951 1990
1951 1991
1951 1992
1952 1953
1952 1991
1952 1992
1952 1993
1953 1992
1953 1993
1953 1994
1954 1955
1954 1995
1954 1996
1954 1997
1955 1956
1955 1996
1955 1997
1955 1998
1956 1957
1956 1997
1956 1998
1956 1999
1957 1958
1957 1998
1957 1999
1958 1959
1958 1999
1960 1961
1961 1962
1962 1963
1963 1964
1964 1965
1966 1967
1967 1968
1968 1969
1969 1970
1971 1972
1972 1973
1973 1974
1974 1975
1975 1976
1976 1977
1978 1979
1980 1981
1981 1982
1982 1983
1984 1985
1985 1986
1986 1987
1987 1988
1988 1989
1990 1991
1991 1992
1992 1993
1993 1994
1994 1995
1995 1996
1996 1997
1997 1998
1998 1999
