# FromNodeId	ToNodeId
0 1
0 24
0 25
1 2
1 24
1 25
2 3
2 25
2 26
3 4
3 26
3 27
4 5
4 26
4 27
4 28
5 6
5 27
5 28
5 29
6 7
6 28
6 29
7 29
7 30
8 9
8 30
9 10
10 11
10 31
11 31
11 32
12 13
12 32
12 33
13 14
13 33
13 34
14 34
14 35
15 36
15 37
15 38
16 17
16 38
16 39
17 18
17 39
17 40
18 19
18 40
18 41
19 20
19 40
19 41
19 42
20 41
20 42
20 43
21 22
21 43
21 44
21 45
22 23
22 44
22 45
22 46
23 45
23 46
24 25
24 47
24 48
25 47
25 48
25 49
26 27
26 49
26 50
26 51
27 28
27 50
27 51
27 52
28 29
28 51
28 52
28 53
29 52
29 53
29 54
30 54
30 55
31 32
31 56
31 57
31 58
32 33
32 57
32 58
32 59
33 58
33 59
33 60
34 35
34 60
35 36
35 61
36 37
36 61
36 62
37 38
37 61
37 62
37 63
38 39
38 62
38 63
38 64
39 63
39 64
39 65
40 41
40 65
40 66
40 67
41 42
41 66
41 67
41 68
42 43
42 67
42 68
42 69
43 44
43 68
43 69
43 70
44 45
44 69
44 70
44 71
45 46
45 70
45 71
45 72
46 71
46 72
47 48
48 49
49 50
50 51
50 73
51 52
51 73
51 74
52 53
52 73
52 74
52 75
53 54
53 74
53 75
53 76
54 75
54 76
54 77
55 77
56 57
56 78
56 79
57 58
57 78
57 79
57 80
58 59
58 79
58 80
58 81
59 60
59 80
59 81
60 81
60 82
61 62
61 83
61 84
61 85
62 63
62 84
62 85
62 86
63 64
63 85
63 86
63 87
64 65
64 86
64 87
64 88
65 66
65 87
65 88
65 89
66 67
66 88
66 89
66 90
67 68
67 89
67 90
67 91
68 69
68 90
68 91
68 92
69 70
69 91
69 92
69 93
70 71
70 92
70 93
71 72
71 93
71 94
72 94
73 74
73 96
73 97
73 98
74 75
74 97
74 98
74 99
75 76
75 98
75 99
76 77
76 99
77 100
78 79
78 101
78 102
78 103
79 80
79 102
79 103
79 104
80 81
80 103
80 104
80 105
81 104
81 105
82 83
82 106
83 84
83 106
84 85
84 107
85 86
85 107
85 108
86 87
86 107
86 108
86 109
87 88
87 108
87 109
87 110
88 89
88 109
88 110
88 111
89 90
89 110
89 111
89 112
90 91
90 111
90 112
90 113
91 92
91 112
91 113
91 114
92 93
92 113
92 114
92 115
93 114
93 115
94 116
95 117
95 118
96 97
96 119
97 98
97 120
98 99
98 120
98 121
99 120
99 121
100 101
100 122
101 102
101 122
102 103
102 123
103 104
103 123
103 124
104 105
104 123
104 124
104 125
105 124
105 125
105 126
106 126
106 127
107 108
107 128
107 129
107 130
108 109
108 129
108 130
108 131
109 110
109 130
109 131
110 111
110 131
111 112
111 132
112 113
112 132
112 133
113 114
113 132
113 133
113 134
114 115
114 133
114 134
114 135
115 134
115 135
115 136
116 136
116 137
117 118
117 138
117 139
118 119
118 138
118 139
118 140
119 139
119 140
119 141
120 121
120 142
120 143
120 144
121 143
121 144
121 145
122 146
122 147
122 148
123 124
123 149
123 150
123 151
124 125
124 150
124 151
124 152
125 126
125 151
125 152
125 153
126 127
126 152
126 153
126 154
127 153
127 154
127 155
128 129
128 155
128 156
128 157
129 130
129 156
129 157
130 131
130 157
130 158
131 158
131 159
132 133
132 160
132 161
132 162
133 134
133 161
133 162
134 135
134 162
134 163
135 136
135 163
135 164
136 137
136 163
136 164
136 165
137 164
137 165
138 139
138 166
139 140
139 166
139 167
140 141
140 166
140 167
140 168
141 142
141 167
141 168
141 169
142 143
142 168
142 169
142 170
143 144
143 169
143 170
143 171
144 145
144 170
144 171
145 146
145 171
145 172
146 147
146 172
147 148
147 172
147 173
148 149
148 173
149 150
149 173
149 174
150 151
150 174
150 175
151 152
151 174
151 175
151 176
152 153
152 175
152 176
153 154
153 176
153 177
154 155
154 177
154 178
155 156
155 177
155 178
155 179
156 157
156 178
156 179
156 180
157 179
157 180
157 181
158 159
158 181
158 182
158 183
159 160
159 182
159 183
159 184
160 161
160 183
160 184
160 185
161 162
161 184
161 185
161 186
162 185
162 186
162 187
163 164
163 187
163 188
163 189
164 165
164 188
164 189
164 190
165 189
165 190
166 167
166 191
166 192
166 193
167 168
167 192
167 193
167 194
168 169
168 193
168 194
169 170
169 194
169 195
170 171
170 195
170 196
171 195
171 196
171 197
172 197
172 198
173 198
173 199
174 175
174 200
174 201
175 176
175 200
175 201
175 202
176 201
176 202
176 203
177 178
177 203
178 179
178 204
179 180
179 204
179 205
180 181
180 204
180 205
180 206
181 182
181 205
181 206
181 207
182 183
182 206
182 207
182 208
183 184
183 207
183 208
183 209
184 185
184 208
184 209
184 210
185 186
185 209
185 210
186 187
186 210
186 211
187 188
187 211
187 212
188 189
188 211
188 212
188 213
189 190
189 212
189 213
189 214
190 213
190 214
191 192
191 215
192 193
192 215
192 216
193 194
193 216
194 216
194 217
195 196
195 217
195 218
195 219
196 197
196 218
196 219
196 220
197 219
197 220
197 221
198 199
198 221
198 222
198 223
199 222
199 223
199 224
200 201
200 224
200 225
200 226
201 202
201 225
201 226
201 227
202 203
202 226
202 227
202 228
203 227
203 228
203 229
204 205
204 230
205 206
205 231
206 207
206 231
206 232
207 208
207 231
207 232
207 233
208 209
208 232
208 233
208 234
209 210
209 233
209 234
209 235
210 234
210 235
210 236
211 212
211 236
211 237
211 238
212 213
212 237
212 238
213 214
213 238
213 239
214 239
215 240
215 241
216 241
216 242
217 218
217 242
217 243
217 244
218 219
218 243
218 244
218 245
219 220
219 244
219 245
219 246
220 221
220 245
220 246
220 247
221 222
221 246
221 247
221 248
222 223
222 247
222 248
222 249
223 224
223 248
223 249
223 250
224 225
224 249
224 250
224 251
225 226
225 250
225 251
226 227
226 251
226 252
227 228
227 252
227 253
228 229
228 252
228 253
228 254
229 230
229 253
229 254
229 255
230 254
230 255
231 232
231 256
231 257
231 258
232 233
232 257
232 258
233 234
233 258
234 235
234 259
235 236
235 259
235 260
236 237
236 259
236 260
236 261
237 238
237 260
237 261
237 262
238 261
238 262
239 263
240 241
240 264
240 265
241 264
241 265
241 266
242 243
242 266
242 267
242 268
243 244
243 267
243 268
243 269
244 245
244 268
244 269
244 270
245 246
245 269
245 270
245 271
246 247
246 270
246 271
246 272
247 248
247 271
247 272
248 249
248 272
248 273
249 250
249 273
249 274
250 251
250 273
250 274
250 275
251 274
251 275
252 253
252 276
253 254
253 276
253 277
254 255
254 276
254 277
255 277
255 278
256 257
256 278
256 279
256 280
257 258
257 279
257 280
257 281
258 280
258 281
259 260
259 282
259 283
259 284
260 261
260 283
260 284
260 285
261 262
261 284
261 285
261 286
262 285
262 286
262 287
263 287
264 265
264 288
264 289
265 266
265 288
265 289
265 290
266 267
266 289
266 290
266 291
267 268
267 290
267 291
267 292
268 269
268 291
268 292
268 293
269 270
269 292
269 293
269 294
270 271
270 293
270 294
270 295
271 272
271 294
271 295
271 296
272 295
272 296
273 274
273 297
273 298
274 275
274 297
274 298
274 299
275 298
275 299
275 300
276 277
276 301
276 302
276 303
277 302
277 303
278 279
278 304
278 305
279 280
279 304
279 305
279 306
280 281
280 305
280 306
280 307
281 306
281 307
281 308
282 283
282 308
283 284
283 309
284 285
284 309
284 310
285 286
285 309
285 310
286 287
286 310
286 311
287 311
287 312
288 289
288 313
288 314
289 290
289 313
289 314
289 315
290 291
290 314
290 315
290 316
291 292
291 315
291 316
291 317
292 293
292 316
292 317
293 294
293 317
294 295
294 318
295 296
295 318
296 318
296 319
297 298
297 319
297 320
297 321
298 299
298 320
298 321
298 322
299 300
299 321
299 322
299 323
300 301
300 322
300 323
301 302
301 323
301 324
302 303
302 324
302 325
303 324
303 325
303 326
304 305
304 326
304 327
304 328
305 306
305 327
305 328
305 329
306 307
306 328
306 329
306 330
307 308
307 329
307 330
307 331
308 330
308 331
308 332
309 310
309 333
309 334
310 334
310 335
311 312
311 335
311 336
311 337
312 336
312 337
313 314
313 338
313 339
314 315
314 338
314 339
314 340
315 316
315 339
315 340
315 341
316 317
316 340
316 341
317 341
317 342
318 343
318 344
318 345
319 320
319 345
319 346
319 347
320 321
320 346
320 347
320 348
321 322
321 347
321 348
321 349
322 323
322 348
322 349
322 350
323 349
323 350
323 351
324 325
324 351
324 352
325 326
325 352
325 353
326 327
326 352
326 353
327 328
327 353
327 354
328 329
328 354
328 355
329 330
329 354
329 355
329 356
330 331
330 355
330 356
330 357
331 332
331 356
331 357
331 358
332 333
332 357
332 358
332 359
333 358
333 359
334 335
334 360
334 361
335 336
335 360
335 361
335 362
336 337
336 361
336 362
336 363
337 362
337 363
338 339
338 364
338 365
339 340
339 364
339 365
340 341
340 365
340 366
341 366
341 367
342 343
342 367
342 368
342 369
343 344
343 368
343 369
343 370
344 345
344 369
344 370
344 371
345 346
345 370
345 371
345 372
346 347
346 371
346 372
347 348
347 372
348 349
348 373
349 350
349 373
349 374
350 351
350 373
350 374
350 375
351 374
351 375
352 353
352 376
352 377
353 376
353 377
353 378
354 355
354 378
354 379
355 356
355 379
355 380
356 357
356 379
356 380
357 358
357 380
357 381
358 359
358 381
358 382
359 381
359 382
359 383
360 361
360 383
360 384
361 362
361 384
361 385
362 363
362 385
362 386
363 385
363 386
364 365
364 387
364 388
365 387
365 388
366 367
366 389
366 390
367 368
367 389
367 390
368 369
368 390
368 391
369 370
369 391
369 392
370 371
370 391
370 392
370 393
371 372
371 392
371 393
371 394
372 393
372 394
372 395
373 374
373 396
373 397
373 398
374 375
374 397
374 398
374 399
375 398
375 399
375 400
376 377
376 400
376 401
376 402
377 378
377 401
377 402
378 402
378 403
379 380
379 403
379 404
379 405
380 404
380 405
380 406
381 382
381 406
381 407
381 408
382 383
382 407
382 408
382 409
383 384
383 408
383 409
383 410
384 409
384 410
385 386
385 411
386 411
387 388
387 412
388 412
388 413
389 390
389 413
389 414
389 415
390 414
390 415
390 416
391 392
391 416
391 417
391 418
392 393
392 417
392 418
392 419
393 394
393 418
393 419
393 420
394 395
394 419
394 420
395 396
395 420
395 421
396 397
396 421
396 422
397 398
397 421
397 422
398 399
398 422
398 423
399 400
399 423
400 401
400 423
400 424
401 402
401 424
401 425
402 424
402 425
402 426
403 404
403 426
403 427
403 428
404 405
404 427
404 428
404 429
405 406
405 428
405 429
405 430
406 407
406 429
406 430
407 408
407 430
407 431
408 409
408 431
409 410
409 431
409 432
410 432
410 433
411 434
411 435
412 436
412 437
413 414
413 437
413 438
414 415
414 438
415 416
415 438
415 439
416 417
416 439
417 418
417 439
417 440
418 419
418 440
418 441
419 420
419 440
419 441
419 442
420 441
420 442
421 422
421 443
422 443
422 444
423 444
423 445
423 446
424 425
424 446
424 447
424 448
425 426
425 447
425 448
425 449
426 427
426 448
426 449
426 450
427 428
427 449
427 450
427 451
428 429
428 450
428 451
428 452
429 430
429 451
429 452
429 453
430 452
430 453
431 454
431 455
432 433
432 455
432 456
432 457
433 434
433 456
433 457
434 435
434 457
434 458
435 458
436 437
436 459
436 460
437 459
437 460
437 461
438 461
438 462
438 463
439 463
439 464
440 441
440 465
440 466
441 442
441 465
441 466
441 467
442 466
442 467
442 468
443 444
443 469
443 470
444 445
444 469
444 470
444 471
445 446
445 470
445 471
445 472
446 447
446 471
446 472
446 473
447 448
447 472
447 473
447 474
448 449
448 473
448 474
448 475
449 450
449 474
449 475
450 451
450 475
451 452
451 476
452 453
452 476
452 477
453 476
453 477
454 455
454 478
454 479
455 456
455 478
455 479
455 480
456 457
456 479
456 480
456 481
457 480
457 481
457 482
458 482
458 483
459 460
459 484
459 485
460 461
460 484
460 485
460 486
461 462
461 485
461 486
461 487
462 463
462 486
462 487
462 488
463 464
463 487
463 488
463 489
464 488
464 489
464 490
465 466
465 490
465 491
465 492
466 467
466 491
466 492
466 493
467 468
467 492
467 493
467 494
468 493
468 494
468 495
469 470
469 495
469 496
469 497
470 471
470 496
470 497
470 498
471 472
471 497
471 498
471 499
472 473
472 498
472 499
472 500
473 474
473 499
473 500
474 475
474 500
475 501
476 477
476 502
476 503
477 503
477 504
478 479
478 504
478 505
478 506
479 480
479 505
479 506
479 507
480 481
480 506
480 507
481 482
481 507
481 508
482 483
482 508
482 509
483 508
483 509
484 485
484 510
484 511
485 486
485 510
485 511
485 512
486 487
486 511
486 512
486 513
487 488
487 512
487 513
488 489
488 513
488 514
489 490
489 514
490 491
490 514
490 515
491 492
491 515
491 516
492 493
492 515
492 516
492 517
493 494
493 516
493 517
493 518
494 495
494 517
494 518
495 496
495 518
495 519
496 497
496 519
496 520
497 498
497 519
497 520
497 521
498 499
498 520
498 521
498 522
499 500
499 521
499 522
499 523
500 522
500 523
500 524
501 502
501 525
501 526
501 527
502 526
502 527
502 528
503 504
503 528
503 529
503 530
504 505
504 529
504 530
505 506
505 530
505 531
506 507
506 531
506 532
507 531
507 532
507 533
508 509
508 533
508 534
508 535
509 534
509 535
510 511
510 536
511 512
511 536
511 537
512 513
512 537
512 538
513 537
513 538
513 539
514 539
514 540
515 516
515 541
515 542
516 517
516 541
516 542
517 518
517 542
517 543
518 543
518 544
519 520
519 544
519 545
520 521
520 545
520 546
521 522
521 545
521 546
521 547
522 523
522 546
522 547
522 548
523 524
523 547
523 548
523 549
524 525
524 548
524 549
524 550
525 526
525 549
525 550
525 551
526 527
526 550
526 551
526 552
527 528
527 551
527 552
527 553
528 529
528 552
528 553
529 530
529 553
529 554
530 554
530 555
531 532
531 555
531 556
531 557
532 533
532 556
532 557
533 534
533 557
534 535
534 558
535 558
536 559
536 560
537 538
537 560
537 561
537 562
538 539
538 561
538 562
539 540
539 562
539 563
540 563
540 564
541 542
541 564
541 565
541 566
542 565
542 566
542 567
543 544
543 567
543 568
543 569
544 568
544 569
545 546
545 570
545 571
546 547
546 570
546 571
546 572
547 548
547 571
547 572
547 573
548 549
548 572
548 573
549 550
549 573
549 574
550 551
550 574
550 575
551 552
551 574
551 575
552 553
552 575
553 576
554 555
554 576
554 577
555 556
555 577
555 578
556 557
556 577
556 578
556 579
557 578
557 579
557 580
558 581
558 582
559 560
559 583
559 584
560 561
560 583
560 584
560 585
561 562
561 584
561 585
561 586
562 585
562 586
562 587
563 564
563 587
563 588
563 589
564 565
564 588
564 589
564 590
565 566
565 589
565 590
565 591
566 567
566 590
566 591
566 592
567 568
567 591
567 592
567 593
568 569
568 592
568 593
569 593
569 594
570 571
570 594
570 595
571 572
571 595
571 596
572 573
572 596
572 597
573 596
573 597
573 598
574 575
574 598
574 599
574 600
575 599
575 600
575 601
576 602
577 578
577 602
577 603
577 604
578 579
578 603
578 604
578 605
579 580
579 604
579 605
579 606
580 581
580 605
580 606
581 582
581 606
583 584
583 607
583 608
584 585
584 607
584 608
584 609
585 586
585 608
585 609
585 610
586 587
586 609
586 610
586 611
587 588
587 610
587 611
587 612
588 589
588 611
588 612
588 613
589 590
589 612
589 613
589 614
590 591
590 613
590 614
590 615
591 592
591 614
591 615
591 616
592 593
592 615
592 616
592 617
593 616
593 617
593 618
594 595
594 618
596 597
596 619
596 620
597 598
597 619
597 620
598 599
598 620
598 621
599 600
599 621
599 622
600 601
600 621
600 622
601 622
602 603
602 623
602 624
602 625
603 604
603 624
603 625
604 605
604 625
604 626
605 606
605 626
605 627
606 626
606 627
606 628
607 608
608 609
608 630
609 610
609 630
610 611
610 630
610 631
611 612
611 631
611 632
612 613
612 631
612 632
612 633
613 614
613 632
613 633
614 615
614 633
614 634
615 616
615 634
615 635
616 617
616 634
616 635
616 636
617 618
617 635
617 636
617 637
618 636
618 637
618 638
619 620
619 640
619 641
619 642
620 641
620 642
620 643
621 622
621 643
621 644
622 644
622 645
623 624
623 646
624 625
624 646
624 647
625 646
625 647
625 648
626 627
626 648
626 649
626 650
627 628
627 649
627 650
627 651
628 629
628 650
628 651
628 652
629 651
629 652
630 653
630 654
630 655
631 632
631 655
631 656
631 657
632 633
632 656
632 657
632 658
633 657
633 658
633 659
634 635
634 659
634 660
634 661
635 636
635 660
635 661
635 662
636 637
636 661
636 662
636 663
637 638
637 662
637 663
637 664
638 639
638 663
638 664
638 665
639 640
639 664
639 665
639 666
640 641
640 665
640 666
640 667
641 642
641 666
641 667
641 668
642 643
642 667
642 668
643 668
644 645
644 669
644 670
645 669
645 670
646 647
646 671
646 672
646 673
647 648
647 672
647 673
648 649
648 673
648 674
649 650
649 674
649 675
650 651
650 674
650 675
650 676
651 652
651 675
651 676
651 677
652 676
652 677
653 654
653 678
654 655
654 679
655 656
655 679
655 680
656 657
656 679
656 680
656 681
657 658
657 680
657 681
658 659
658 681
659 660
659 682
660 661
660 682
660 683
661 662
661 682
661 683
661 684
662 663
662 683
662 684
662 685
663 664
663 684
663 685
663 686
664 665
664 685
664 686
665 666
665 686
665 687
666 667
666 687
666 688
667 668
667 687
667 688
668 688
668 689
669 670
669 690
669 691
670 691
670 692
671 672
671 692
671 693
672 673
672 693
673 694
674 675
674 694
674 695
674 696
675 676
675 695
675 696
675 697
676 677
676 696
676 697
676 698
677 697
677 698
678 699
678 700
679 680
679 701
679 702
680 681
680 702
682 683
682 703
682 704
682 705
683 684
683 704
683 705
683 706
684 685
684 705
684 706
684 707
685 686
685 706
685 707
685 708
686 707
686 708
686 709
687 688
687 709
687 710
688 710
689 690
689 711
690 691
690 711
690 712
691 711
691 712
691 713
692 693
692 713
692 714
693 714
693 715
694 695
694 716
695 696
695 716
695 717
696 697
696 717
696 718
697 698
697 717
697 718
697 719
698 718
698 719
699 700
700 701
701 702
703 704
704 705
705 706
706 707
707 708
708 709
711 712
712 713
714 715
717 718
718 719
