# FromNodeId	ToNodeId
0 1
0 27
0 28
1 2
1 27
1 28
1 29
2 3
2 28
2 29
2 30
3 4
3 29
3 30
3 31
4 30
4 31
4 32
5 6
5 32
5 33
5 34
6 33
6 34
6 35
7 8
7 36
8 9
8 36
8 37
9 10
9 37
9 38
10 11
10 37
10 38
10 39
11 38
11 39
11 40
12 40
12 41
13 14
13 42
14 15
14 42
14 43
15 16
15 42
15 43
15 44
16 17
16 43
16 44
16 45
17 18
17 44
17 45
18 19
18 45
19 20
19 46
20 46
20 47
21 22
21 47
21 48
22 23
22 48
23 48
23 49
24 25
24 49
24 50
24 51
25 50
25 51
25 52
26 52
26 53
27 28
27 54
28 29
28 54
29 30
29 55
30 31
30 55
30 56
31 32
31 55
31 56
31 57
32 33
32 56
32 57
32 58
33 34
33 57
33 58
33 59
34 35
34 58
34 59
34 60
35 59
35 60
35 61
36 61
36 62
37 38
37 62
37 63
38 39
38 63
39 40
40 41
40 64
41 64
41 65
42 43
42 66
42 67
43 44
43 67
43 68
44 45
44 68
44 69
45 68
45 69
45 70
46 47
46 71
46 72
47 72
47 73
48 73
48 74
48 75
49 50
49 75
49 76
49 77
50 51
50 76
50 77
50 78
51 52
51 77
51 78
51 79
52 53
52 78
52 79
52 80
53 79
53 80
54 81
55 56
55 82
55 83
55 84
56 57
56 83
56 84
57 58
57 84
57 85
58 59
58 85
59 60
59 85
60 61
60 86
61 86
61 87
62 63
62 87
62 88
63 88
63 89
64 65
64 91
65 66
65 91
65 92
66 67
66 91
66 92
66 93
67 92
67 93
67 94
68 69
68 94
68 95
68 96
69 70
69 95
69 96
69 97
70 71
70 96
70 97
70 98
71 72
71 97
71 98
72 98
72 99
73 74
73 99
73 100
73 101
74 75
74 100
74 101
74 102
75 76
75 101
75 102
75 103
76 77
76 102
76 103
76 104
77 78
77 103
77 104
78 79
78 104
78 105
79 80
79 105
79 106
80 105
80 106
81 107
81 108
82 83
82 108
82 109
82 110
83 84
83 109
83 110
84 110
84 111
85 111
85 112
85 113
86 87
86 114
86 115
87 88
87 115
87 116
88 116
88 117
89 90
89 117
89 118
89 119
90 118
90 119
90 120
91 92
91 121
91 122
92 93
92 122
93 94
93 122
93 123
94 95
94 123
95 96
95 123
95 124
96 97
96 124
96 125
97 98
97 124
97 125
97 126
98 125
98 126
98 127
99 100
99 127
99 128
99 129
100 101
100 128
100 129
100 130
101 102
101 129
101 130
101 131
102 103
102 130
102 131
102 132
103 104
103 131
103 132
103 133
104 132
104 133
104 134
105 106
105 134
107 108
107 135
107 136
108 109
108 135
108 136
108 137
109 110
109 136
109 137
109 138
110 137
110 138
110 139
111 112
111 139
111 140
111 141
112 113
112 140
112 141
112 142
113 114
113 141
113 142
113 143
114 115
114 142
114 143
114 144
115 143
115 144
116 117
116 145
116 146
117 118
117 145
117 146
117 147
118 119
118 146
118 147
118 148
119 120
119 147
119 148
120 121
120 148
120 149
121 149
121 150
122 150
122 151
123 152
123 153
124 125
124 153
124 154
124 155
125 126
125 154
125 155
126 127
126 155
126 156
127 128
127 156
127 157
128 129
128 156
128 157
128 158
129 130
129 157
129 158
129 159
130 131
130 158
130 159
130 160
131 132
131 159
131 160
131 161
132 133
132 160
132 161
132 162
133 134
133 161
133 162
134 162
134 163
135 136
135 165
135 166
136 137
136 165
136 166
137 138
137 166
138 139
138 167
139 140
139 167
139 168
140 141
140 167
140 168
140 169
141 142
141 168
141 169
142 143
142 169
142 170
143 144
143 170
143 171
144 170
144 171
144 172
145 146
145 172
145 173
145 174
146 147
146 173
146 174
146 175
147 148
147 174
147 175
147 176
148 175
148 176
148 177
149 150
149 177
149 178
150 151
150 178
150 179
151 178
151 179
151 180
152 153
152 180
152 181
152 182
153 154
153 181
153 182
154 155
154 182
155 183
156 157
156 183
156 184
156 185
157 158
157 184
157 185
157 186
158 159
158 185
158 186
158 187
159 160
159 186
159 187
160 161
160 187
160 188
161 162
161 188
162 188
162 189
163 164
163 189
163 190
163 191
164 190
164 191
165 166
167 168
167 192
167 193
168 169
168 193
168 194
169 194
169 195
170 171
170 195
170 196
171 172
171 196
172 173
172 197
173 174
173 197
173 198
174 175
174 197
174 198
175 176
175 198
175 199
176 177
176 199
176 200
177 199
177 200
177 201
178 179
178 201
178 202
178 203
179 180
179 202
179 203
179 204
180 181
180 203
180 204
181 182
181 204
182 205
183 184
183 206
183 207
184 185
184 206
184 207
184 208
185 186
185 207
185 208
185 209
186 187
186 208
186 209
186 210
187 209
187 210
188 211
188 212
189 190
189 212
189 213
189 214
190 191
190 213
190 214
190 215
191 214
191 215
192 193
192 218
192 219
193 219
193 220
194 195
194 220
194 221
194 222
195 196
195 221
195 222
195 223
196 222
196 223
196 224
197 198
197 225
197 226
197 227
198 226
198 227
199 200
199 228
199 229
200 201
200 228
200 229
200 230
201 202
201 229
201 230
201 231
202 203
202 230
202 231
202 232
203 204
203 231
203 232
203 233
204 232
204 233
204 234
205 235
205 236
205 237
206 207
206 237
206 238
206 239
207 208
207 238
207 239
207 240
208 209
208 239
208 240
208 241
209 210
209 240
209 241
210 241
210 242
211 212
211 242
211 243
211 244
212 213
212 243
212 244
212 245
213 214
213 244
213 245
213 246
214 215
214 245
214 246
214 247
215 246
215 247
216 217
216 248
216 249
217 218
217 248
217 249
217 250
218 219
218 249
218 250
218 251
219 250
219 251
220 221
220 252
220 253
221 222
221 252
221 253
221 254
222 223
222 253
222 254
222 255
223 224
223 254
223 255
223 256
224 225
224 255
224 256
224 257
225 226
225 256
225 257
226 227
226 257
226 258
227 258
228 229
228 259
228 260
229 230
229 259
229 260
229 261
230 231
230 260
230 261
230 262
231 232
231 261
231 262
231 263
232 233
232 262
232 263
233 234
233 263
234 235
234 264
235 236
235 264
236 237
236 264
237 238
237 265
238 239
238 265
238 266
239 240
239 265
239 266
240 241
240 266
240 267
241 267
241 268
242 243
242 268
242 269
242 270
243 244
243 269
243 270
243 271
244 245
244 270
244 271
244 272
245 246
245 271
245 272
245 273
246 247
246 272
246 273
246 274
247 273
247 274
248 249
248 275
249 250
249 275
250 251
250 275
250 276
251 276
251 277
252 253
252 277
252 278
252 279
253 254
253 278
253 279
253 280
254 255
254 279
254 280
254 281
255 256
255 280
255 281
255 282
256 257
256 281
256 282
257 282
257 283
258 283
259 260
259 284
260 261
260 284
260 285
261 262
261 284
261 285
261 286
262 263
262 285
262 286
262 287
263 286
263 287
264 288
264 289
265 266
265 290
265 291
266 291
266 292
267 268
267 292
267 293
267 294
268 269
268 293
268 294
269 270
269 294
269 295
270 271
270 295
270 296
271 272
271 295
271 296
272 273
272 296
272 297
273 274
273 297
273 298
274 297
274 298
275 299
275 300
276 277
276 300
276 301
276 302
277 278
277 301
277 302
278 279
278 302
279 280
280 281
280 303
281 282
281 303
281 304
282 303
282 304
282 305
283 305
283 306
283 307
284 285
284 309
284 310
284 311
285 286
285 310
285 311
285 312
286 287
286 311
286 312
286 313
287 312
287 313
287 314
288 289
288 314
288 315
288 316
289 315
289 316
289 317
290 317
290 318
291 292
291 318
292 293
292 319
293 294
293 319
293 320
294 319
294 320
294 321
295 296
295 321
296 322
297 298
297 322
297 323
297 324
298 323
298 324
299 325
299 326
300 301
300 326
300 327
300 328
301 302
301 327
301 328
302 328
302 329
303 304
303 331
303 332
303 333
304 305
304 332
304 333
305 306
305 333
305 334
306 307
306 334
306 335
307 308
307 334
307 335
308 309
308 335
308 336
309 310
309 336
309 337
310 311
310 336
310 337
310 338
311 312
311 337
311 338
311 339
312 313
312 338
312 339
312 340
313 314
313 339
313 340
313 341
314 315
314 340
314 341
314 342
315 316
315 341
315 342
315 343
316 317
316 342
316 343
316 344
317 343
317 344
317 345
318 345
318 346
318 347
319 320
319 348
319 349
320 321
320 349
321 349
321 350
322 323
322 351
322 352
322 353
323 324
323 352
323 353
323 354
324 353
324 354
325 326
325 355
325 356
326 327
326 355
326 356
326 357
327 328
327 356
327 357
327 358
328 357
328 358
328 359
329 330
329 359
329 360
329 361
330 331
330 360
330 361
331 332
331 361
332 333
332 362
333 362
334 335
334 363
334 364
335 363
335 364
336 337
336 365
336 366
337 338
337 365
337 366
337 367
338 339
338 366
338 367
338 368
339 340
339 367
339 368
339 369
340 341
340 368
340 369
340 370
341 342
341 369
341 370
342 343
342 370
342 371
343 344
343 371
344 345
344 371
344 372
345 346
345 372
345 373
346 347
346 372
346 373
346 374
347 348
347 373
347 374
348 374
348 375
349 375
349 376
349 377
350 351
350 377
350 378
350 379
351 352
351 378
351 379
352 353
352 379
352 380
353 354
353 380
354 380
355 356
355 381
355 382
356 357
356 381
356 382
356 383
357 358
357 382
357 383
358 359
358 383
358 384
359 360
359 384
359 385
360 361
360 384
360 385
360 386
361 385
361 386
362 387
362 388
362 389
363 364
363 389
363 390
364 390
364 391
365 366
365 391
365 392
365 393
366 367
366 392
366 393
366 394
367 368
367 393
367 394
368 369
368 394
368 395
369 370
369 395
369 396
370 395
370 396
370 397
371 397
371 398
371 399
372 373
372 399
372 400
372 401
373 374
373 400
373 401
373 402
374 401
374 402
375 376
375 403
375 404
376 377
376 403
376 404
377 378
377 404
377 405
378 379
378 405
378 406
379 405
379 406
379 407
380 407
380 408
380 409
381 382
381 410
381 411
382 383
382 410
382 411
382 412
383 411
383 412
383 413
384 385
384 413
384 414
384 415
385 386
385 414
385 415
385 416
386 415
386 416
387 388
387 417
388 389
388 417
388 418
389 418
390 391
390 419
390 420
391 392
391 419
391 420
391 421
392 393
392 420
392 421
392 422
393 394
393 421
393 422
393 423
394 422
394 423
394 424
395 396
395 424
395 425
396 397
396 425
396 426
397 398
397 426
397 427
398 399
398 426
398 427
398 428
399 400
399 427
399 428
399 429
400 401
400 428
400 429
400 430
401 402
401 429
401 430
401 431
402 430
402 431
403 404
403 432
404 432
404 433
405 406
405 433
405 434
405 435
406 407
406 434
406 435
406 436
407 408
407 435
407 436
407 437
408 409
408 436
408 437
408 438
409 437
409 438
410 411
410 439
410 440
411 412
411 439
411 440
411 441
412 413
412 440
412 441
412 442
413 414
413 441
413 442
413 443
414 415
414 442
414 443
414 444
415 416
415 443
415 444
415 445
416 444
416 445
416 446
417 446
417 447
417 448
418 448
418 449
418 450
419 420
419 450
419 451
419 452
420 421
420 451
420 452
420 453
421 422
421 452
421 453
421 454
422 423
422 453
422 454
422 455
423 424
423 454
423 455
423 456
424 425
424 455
424 456
424 457
425 456
425 457
426 427
426 458
426 459
427 428
427 458
427 459
428 429
428 459
428 460
429 430
429 460
429 461
430 431
430 460
430 461
430 462
431 461
431 462
431 463
432 433
432 464
432 465
432 466
433 434
433 465
433 466
434 435
434 466
434 467
435 436
435 467
436 437
436 467
436 468
437 438
437 468
437 469
438 468
438 469
439 440
439 470
439 471
440 441
440 470
440 471
440 472
441 442
441 471
441 472
441 473
442 443
442 472
442 473
442 474
443 444
443 473
443 474
443 475
444 445
444 474
444 475
445 446
445 475
446 447
446 476
447 448
447 476
447 477
448 449
448 476
448 477
448 478
449 450
449 477
449 478
450 451
450 478
450 479
451 452
451 479
451 480
452 453
452 479
452 480
452 481
453 454
453 480
453 481
453 482
454 455
454 481
454 482
454 483
455 456
455 482
455 483
455 484
456 457
456 483
456 484
457 484
457 485
458 459
458 485
458 486
458 487
459 486
459 487
460 461
460 488
460 489
461 462
461 488
461 489
461 490
462 463
462 489
462 490
462 491
463 464
463 490
463 491
463 492
464 465
464 491
464 492
464 493
465 466
465 492
465 493
465 494
466 493
466 494
466 495
467 495
467 496
467 497
468 469
468 497
468 498
468 499
469 498
469 499
470 471
470 500
471 472
471 500
472 473
472 500
472 501
473 474
473 501
473 502
474 475
474 501
474 502
474 503
475 502
475 503
475 504
476 477
476 505
476 506
477 478
477 505
477 506
477 507
478 506
478 507
478 508
479 480
479 508
479 509
480 481
480 509
480 510
481 482
481 509
481 510
481 511
482 483
482 510
482 511
482 512
483 484
483 511
483 512
483 513
484 512
484 513
484 514
485 486
485 514
485 515
485 516
486 487
486 515
486 516
486 517
487 516
487 517
487 518
488 489
488 518
488 519
488 520
489 490
489 519
489 520
489 521
490 491
490 520
490 521
490 522
491 492
491 521
491 522
491 523
492 493
492 522
492 523
492 524
493 494
493 523
493 524
494 495
494 524
494 525
495 496
495 525
495 526
496 497
496 525
496 526
496 527
497 498
497 526
497 527
498 499
498 527
500 528
500 529
501 502
501 529
501 530
502 503
502 530
502 531
503 504
503 530
503 531
504 531
504 532
505 506
505 532
505 533
506 507
506 533
506 534
507 508
507 533
507 534
508 534
508 535
509 510
509 535
509 536
509 537
510 511
510 536
510 537
511 512
511 537
511 538
512 513
512 538
512 539
513 514
513 538
513 539
513 540
514 515
514 539
514 540
514 541
515 516
515 540
515 541
516 517
516 541
516 542
517 518
517 542
517 543
518 519
518 542
518 543
518 544
519 520
519 543
519 544
520 521
520 544
520 545
521 522
521 545
521 546
522 523
522 545
522 546
522 547
523 524
523 546
523 547
523 548
524 547
524 548
524 549
525 526
525 549
525 550
525 551
526 527
526 550
526 551
526 552
527 551
527 552
527 553
528 554
528 555
529 555
530 531
530 556
530 557
531 556
531 557
531 558
532 558
532 559
532 560
533 534
533 560
533 561
533 562
534 561
534 562
534 563
535 536
535 563
535 564
535 565
536 537
536 564
536 565
536 566
537 565
537 566
537 567
538 539
538 567
538 568
538 569
539 540
539 568
539 569
540 541
540 569
540 570
541 570
541 571
542 543
542 571
542 572
542 573
543 544
543 572
543 573
543 574
544 573
544 574
544 575
545 546
545 575
545 576
545 577
546 547
546 576
546 577
547 548
547 577
547 578
548 549
548 578
548 579
549 550
549 578
549 579
549 580
550 551
550 579
550 580
550 581
551 552
551 580
551 581
551 582
552 553
552 581
552 582
552 583
553 582
553 583
553 584
554 555
554 585
554 586
555 585
555 586
555 587
556 557
556 588
556 589
556 590
557 558
557 589
557 590
557 591
558 559
558 590
558 591
558 592
559 560
559 591
559 592
559 593
560 561
560 592
560 593
560 594
561 562
561 593
561 594
562 563
562 594
563 564
563 595
564 565
564 595
564 596
565 566
565 595
565 596
565 597
566 567
566 596
566 597
566 598
567 568
567 597
567 598
568 569
568 598
568 599
569 599
569 600
570 571
570 600
570 601
570 602
571 572
571 601
571 602
571 603
572 573
572 602
572 603
572 604
573 574
573 603
573 604
573 605
574 575
574 604
574 605
574 606
575 576
575 605
575 606
575 607
576 577
576 606
576 607
576 608
577 607
577 608
577 609
578 579
578 609
578 610
579 580
579 610
579 611
580 581
580 611
580 612
581 582
581 611
581 612
581 613
582 583
582 612
582 613
582 614
583 584
583 613
583 614
583 615
584 614
584 615
585 586
585 616
585 617
586 587
586 616
586 617
587 588
587 617
587 618
588 589
588 618
588 619
589 590
589 618
589 619
589 620
590 591
590 619
590 620
590 621
591 592
591 620
591 621
591 622
592 593
592 621
592 622
592 623
593 594
593 622
593 623
594 623
594 624
595 596
595 625
595 626
596 597
596 626
596 627
597 598
597 627
598 627
598 628
599 600
599 628
599 629
599 630
600 601
600 629
600 630
601 602
601 630
602 603
602 631
603 604
603 631
603 632
604 605
604 631
604 632
604 633
605 606
605 632
605 633
605 634
606 607
606 633
606 634
606 635
607 608
607 634
607 635
607 636
608 609
608 635
608 636
609 610
609 636
609 637
610 637
610 638
611 612
611 638
611 639
611 640
612 613
612 639
612 640
612 641
613 614
613 640
613 641
613 642
614 615
614 641
614 642
614 643
615 642
615 643
616 617
616 644
617 644
617 645
618 619
618 645
618 646
618 647
619 620
619 646
619 647
620 621
620 647
620 648
621 622
621 648
621 649
622 623
622 648
622 649
622 650
623 649
623 650
623 651
624 625
624 651
624 652
624 653
625 626
625 652
625 653
626 653
627 654
627 655
628 629
628 655
628 656
628 657
629 630
629 656
629 657
629 658
630 657
630 658
630 659
631 632
631 660
631 661
631 662
632 633
632 661
632 662
632 663
633 634
633 662
633 663
633 664
634 635
634 663
634 664
634 665
635 636
635 664
635 665
635 666
636 665
636 666
636 667
637 638
637 667
637 668
637 669
638 639
638 668
638 669
638 670
639 640
639 669
639 670
640 641
640 670
641 642
642 643
642 671
643 671
644 672
644 673
645 646
645 673
645 674
646 647
646 674
646 675
647 675
647 676
648 649
648 676
648 677
648 678
649 650
649 677
649 678
649 679
650 651
650 678
650 679
650 680
651 652
651 679
651 680
652 653
652 680
654 655
654 681
654 682
655 656
655 682
656 657
656 682
656 683
657 658
657 683
658 659
658 683
658 684
659 660
659 684
660 661
660 684
661 662
662 663
662 685
663 664
663 685
663 686
664 665
664 685
664 686
664 687
665 666
665 686
665 687
665 688
666 667
666 687
666 688
666 689
667 668
667 688
667 689
667 690
668 669
668 689
668 690
668 691
669 670
669 690
669 691
670 691
670 692
671 693
671 694
672 673
672 695
672 696
673 674
673 695
673 696
673 697
674 696
674 697
674 698
675 676
675 698
675 699
675 700
676 677
676 699
676 700
676 701
677 678
677 700
677 701
678 679
678 701
678 702
679 680
679 702
679 703
680 702
680 703
680 704
681 705
681 706
682 706
682 707
682 708
683 708
683 709
683 710
684 710
684 711
684 712
685 686
685 714
685 715
686 687
686 715
686 716
687 688
687 716
687 717
688 689
688 716
688 717
688 718
689 690
689 717
689 718
689 719
690 691
690 718
690 719
690 720
691 719
691 720
691 721
692 721
692 722
692 723
693 694
693 723
695 696
695 724
695 725
696 697
696 724
696 725
696 726
697 698
697 725
697 726
697 727
698 699
698 726
698 727
698 728
699 700
699 727
699 728
699 729
700 701
700 728
700 729
700 730
701 729
701 730
701 731
702 703
702 731
702 732
702 733
703 704
703 732
703 733
703 734
704 733
704 734
704 735
705 735
705 736
705 737
706 707
706 737
706 738
706 739
707 708
707 738
707 739
707 740
708 709
708 739
708 740
708 741
709 710
709 740
709 741
710 711
710 741
710 742
711 712
711 742
712 713
712 742
712 743
713 714
713 743
713 744
714 715
714 743
714 744
714 745
715 744
715 745
715 746
716 717
716 746
716 747
717 718
717 747
718 719
718 748
719 720
719 748
719 749
720 721
720 748
720 749
720 750
721 722
721 749
721 750
721 751
722 723
722 750
722 751
722 752
723 751
723 752
723 753
724 725
724 755
724 756
725 726
725 755
725 756
725 757
726 727
726 756
726 757
726 758
727 728
727 757
727 758
727 759
728 729
728 758
728 759
729 730
729 759
729 760
730 731
730 760
731 732
731 760
731 761
732 733
732 761
732 762
733 734
733 761
733 762
733 763
734 735
734 762
734 763
734 764
735 736
735 763
735 764
735 765
736 737
736 764
736 765
736 766
737 738
737 765
737 766
738 739
738 766
738 767
739 740
739 767
739 768
740 741
740 767
740 768
740 769
741 768
741 769
741 770
742 770
742 771
743 744
743 771
743 772
744 745
744 772
745 746
745 773
746 747
746 773
747 773
747 774
748 749
748 775
748 776
748 777
749 750
749 776
749 777
749 778
750 751
750 777
750 778
750 779
751 752
751 778
751 779
751 780
752 753
752 779
752 780
752 781
753 754
753 780
753 781
753 782
754 781
754 782
755 756
755 783
755 784
756 757
756 783
756 784
756 785
757 758
757 784
757 785
757 786
758 759
758 785
758 786
758 787
759 786
759 787
759 788
760 788
761 762
762 763
762 789
763 764
763 789
764 765
764 789
764 790
765 766
765 790
765 791
766 790
766 791
766 792
767 768
767 792
767 793
768 769
768 793
768 794
769 770
769 793
769 794
769 795
770 794
770 795
770 796
771 772
771 796
771 797
772 797
772 798
773 799
773 800
773 801
774 775
774 801
774 802
774 803
775 776
775 802
775 803
775 804
776 777
776 803
776 804
776 805
777 778
777 804
777 805
777 806
778 779
778 805
778 806
778 807
779 780
779 806
779 807
779 808
780 781
780 807
780 808
780 809
781 782
781 808
781 809
781 810
782 809
782 810
783 784
783 811
784 785
784 811
784 812
785 786
785 811
785 812
785 813
786 787
786 812
786 813
786 814
787 788
787 813
787 814
787 815
788 814
788 815
788 816
789 818
789 819
789 820
790 791
790 820
790 821
790 822
791 792
791 821
791 822
792 822
793 794
793 823
794 795
794 823
795 796
795 823
795 824
796 797
796 824
796 825
797 824
797 825
797 826
798 799
798 826
798 827
798 828
799 800
799 827
799 828
799 829
800 801
800 828
800 829
800 830
801 802
801 829
801 830
802 803
802 830
802 831
803 804
803 831
803 832
804 805
804 831
804 832
804 833
805 806
805 832
805 833
805 834
806 807
806 833
806 834
806 835
807 808
807 834
807 835
807 836
808 809
808 835
808 836
808 837
809 810
809 836
809 837
809 838
810 837
810 838
811 812
811 839
811 840
812 813
812 839
812 840
812 841
813 814
813 840
813 841
813 842
814 815
814 841
814 842
814 843
815 816
815 842
815 843
816 843
816 844
817 818
817 844
817 845
818 819
818 845
818 846
819 820
819 846
819 847
820 821
820 846
820 847
821 822
821 847
821 848
822 848
822 849
823 851
823 852
823 853
824 825
824 853
824 854
824 855
825 826
825 854
825 855
825 856
826 827
826 855
826 856
826 857
827 828
827 856
827 857
828 829
828 857
828 858
829 830
829 858
829 859
830 858
830 859
830 860
831 832
831 860
831 861
832 833
832 861
832 862
833 834
833 861
833 862
833 863
834 835
834 862
834 863
834 864
835 836
835 863
835 864
836 837
836 864
837 838
837 865
838 865
839 840
839 866
839 867
839 868
840 841
840 867
840 868
840 869
841 842
841 868
841 869
841 870
842 843
842 869
842 870
842 871
843 870
843 871
843 872
844 845
844 872
844 873
845 873
846 847
846 874
846 875
847 874
847 875
848 849
849 850
850 851
850 876
851 852
851 876
852 853
852 876
852 877
853 854
853 877
853 878
854 855
854 877
854 878
854 879
855 856
855 878
855 879
855 880
856 857
856 879
856 880
856 881
857 880
857 881
858 859
858 882
858 883
859 860
859 882
859 883
859 884
860 883
860 884
860 885
861 862
861 885
861 886
861 887
862 863
862 886
862 887
862 888
863 864
863 887
863 888
863 889
864 888
864 889
864 890
865 891
865 892
866 867
866 893
866 894
867 868
867 893
867 894
868 869
868 894
868 895
869 870
869 895
869 896
870 871
870 895
870 896
870 897
871 872
871 896
871 897
871 898
872 897
872 898
872 899
873 899
873 900
873 901
874 875
874 901
874 902
874 903
875 902
875 903
875 904
876 907
876 908
877 878
877 908
877 909
877 910
878 879
878 909
878 910
879 880
879 910
879 911
880 881
880 911
880 912
881 911
881 912
881 913
882 883
882 913
882 914
882 915
883 884
883 914
883 915
883 916
884 885
884 915
884 916
884 917
885 886
885 916
885 917
885 918
886 887
886 917
886 918
886 919
887 888
887 918
887 919
887 920
888 889
888 919
888 920
888 921
889 890
889 920
889 921
890 891
890 921
890 922
891 892
891 922
891 923
892 922
892 923
893 894
893 924
893 925
894 924
894 925
894 926
895 896
895 926
895 927
895 928
896 897
896 927
896 928
896 929
897 898
897 928
897 929
897 930
898 899
898 929
898 930
898 931
899 900
899 930
899 931
899 932
900 901
900 931
900 932
900 933
901 902
901 932
901 933
901 934
902 903
902 933
902 934
902 935
903 904
903 934
903 935
903 936
904 905
904 935
904 936
905 906
905 936
905 937
906 907
906 937
906 938
907 937
907 938
907 939
908 909
908 939
908 940
908 941
909 910
909 940
909 941
910 941
911 912
911 942
912 913
912 942
912 943
913 914
913 943
914 915
914 943
914 944
915 916
915 944
916 917
916 944
916 945
917 918
917 945
917 946
918 919
918 945
918 946
919 920
919 946
919 947
920 921
920 947
920 948
921 947
921 948
921 949
922 923
922 949
922 950
922 951
923 950
923 951
924 925
924 952
925 926
925 952
925 953
926 927
926 953
926 954
927 928
927 953
927 954
927 955
928 929
928 954
928 955
928 956
929 930
929 955
929 956
929 957
930 931
930 956
930 957
931 932
931 957
931 958
932 933
932 958
932 959
933 934
933 958
933 959
933 960
934 935
934 959
934 960
934 961
935 936
935 960
935 961
935 962
936 961
936 962
936 963
937 938
937 963
937 964
938 939
938 964
938 965
939 940
939 964
939 965
939 966
940 941
940 965
940 966
940 967
941 966
941 967
941 968
942 969
942 970
943 970
943 971
943 972
944 972
944 973
945 946
945 974
945 975
946 974
946 975
946 976
947 948
947 976
947 977
948 949
948 977
949 950
949 977
949 978
950 951
950 978
950 979
951 978
951 979
953 954
954 955
955 956
956 957
958 959
959 960
960 961
961 962
962 963
964 965
965 966
966 967
967 968
968 969
970 971
971 972
972 973
974 975
975 976
978 979
