# FromNodeId	ToNodeId
0 1
0 32
0 33
0 34
1 33
1 34
2 3
2 35
3 35
3 36
4 5
4 36
4 37
5 6
5 37
6 7
6 38
7 8
7 38
7 39
8 38
8 39
8 40
9 10
9 40
9 41
9 42
10 11
10 41
10 42
10 43
11 12
11 42
11 43
12 13
12 43
12 44
13 14
13 44
13 45
14 44
14 45
14 46
15 16
15 47
15 48
15 49
16 17
16 48
16 49
16 50
17 18
17 49
17 50
17 51
18 50
18 51
18 52
19 20
19 52
19 53
19 54
20 21
20 53
20 54
21 22
21 54
21 55
22 23
22 55
22 56
23 24
23 55
23 56
24 56
24 57
25 26
25 57
25 58
25 59
26 27
26 58
26 59
26 60
27 28
27 59
27 60
27 61
28 29
28 60
28 61
28 62
29 30
29 61
29 62
30 31
30 62
30 63
31 63
32 33
32 64
32 65
33 34
33 64
33 65
33 66
34 65
34 66
35 67
35 68
36 37
36 68
36 69
37 69
37 70
38 39
38 71
39 40
39 71
40 41
40 71
40 72
41 42
41 72
41 73
42 43
42 72
42 73
42 74
43 73
43 74
44 45
44 75
44 76
45 46
45 75
45 76
46 47
46 76
47 48
48 49
48 77
49 50
49 77
49 78
50 51
50 77
50 78
50 79
51 52
51 78
51 79
51 80
52 53
52 79
52 80
52 81
53 54
53 80
53 81
54 81
54 82
55 56
55 82
55 83
55 84
56 83
56 84
56 85
57 58
57 85
57 86
57 87
58 59
58 86
58 87
58 88
59 60
59 87
59 88
59 89
60 61
60 88
60 89
60 90
61 62
61 89
61 90
61 91
62 90
62 91
62 92
63 92
63 93
64 65
64 94
64 95
65 66
65 94
65 95
65 96
66 95
66 96
67 68
67 97
67 98
68 97
68 98
68 99
69 70
69 99
70 100
71 101
71 102
71 103
72 73
72 103
72 104
72 105
73 74
73 104
73 105
73 106
74 105
74 106
74 107
75 76
75 107
75 108
76 108
76 109
77 78
77 111
77 112
77 113
78 79
78 112
78 113
78 114
79 80
79 113
79 114
80 81
80 114
80 115
81 115
81 116
82 83
82 116
82 117
82 118
83 84
83 117
83 118
83 119
84 85
84 118
84 119
84 120
85 86
85 119
85 120
86 87
86 120
86 121
87 88
87 121
87 122
88 89
88 121
88 122
88 123
89 90
89 122
89 123
90 91
90 123
90 124
91 92
91 124
91 125
92 93
92 124
92 125
92 126
93 125
93 126
94 95
94 127
94 128
95 96
95 127
95 128
95 129
96 128
96 129
97 98
97 130
98 99
98 130
99 130
99 131
100 101
100 132
100 133
100 134
101 102
101 133
101 134
102 103
102 134
102 135
103 104
103 135
103 136
104 105
104 135
104 136
104 137
105 106
105 136
105 137
105 138
106 107
106 137
106 138
106 139
107 108
107 138
107 139
107 140
108 139
108 140
108 141
109 110
109 141
109 142
110 111
110 142
111 112
111 142
111 143
112 113
112 143
112 144
113 114
113 143
113 144
113 145
114 144
114 145
115 116
115 146
115 147
116 117
116 146
116 147
116 148
117 118
117 147
117 148
117 149
118 119
118 148
118 149
118 150
119 120
119 149
119 150
119 151
120 150
120 151
120 152
121 122
121 152
121 153
121 154
122 123
122 153
122 154
123 154
123 155
124 125
124 155
124 156
125 126
125 156
127 128
127 157
128 129
128 157
128 158
129 158
129 159
130 160
131 132
131 161
132 133
132 161
133 134
133 161
133 162
134 162
134 163
135 136
135 163
135 164
135 165
136 137
136 164
136 165
136 166
137 138
137 165
137 166
137 167
138 139
138 166
138 167
139 140
139 167
139 168
140 141
140 168
140 169
141 168
141 169
141 170
142 170
142 171
142 172
143 144
143 172
143 173
143 174
144 145
144 173
144 174
145 174
146 147
146 175
147 148
147 175
148 149
148 175
149 150
149 176
150 151
150 176
151 152
151 176
151 177
152 153
152 177
152 178
153 154
153 177
153 178
154 178
154 179
155 156
155 179
155 180
155 181
156 180
156 181
156 182
157 184
158 159
158 185
158 186
159 160
159 185
159 186
159 187
160 186
160 187
161 189
161 190
161 191
162 163
162 191
162 192
162 193
163 164
163 192
163 193
164 165
164 193
164 194
165 166
165 194
165 195
166 167
166 194
166 195
167 195
167 196
168 169
168 196
168 197
168 198
169 170
169 197
169 198
169 199
170 171
170 198
170 199
170 200
171 172
171 199
171 200
171 201
172 173
172 200
172 201
172 202
173 174
173 201
173 202
173 203
174 202
174 203
174 204
175 206
175 207
176 208
176 209
176 210
177 178
177 210
177 211
177 212
178 211
178 212
178 213
179 180
179 213
179 214
180 181
180 214
180 215
181 182
181 215
181 216
182 183
182 215
182 216
182 217
183 216
183 217
184 218
184 219
185 186
185 219
185 220
185 221
186 187
186 220
186 221
186 222
187 221
187 222
187 223
188 189
188 223
188 224
188 225
189 190
189 224
189 225
189 226
190 191
190 225
190 226
190 227
191 192
191 226
191 227
191 228
192 193
192 227
192 228
192 229
193 228
193 229
194 195
194 230
194 231
195 230
195 231
195 232
196 197
196 232
196 233
197 198
197 233
197 234
198 199
198 234
199 200
199 234
199 235
200 201
200 235
200 236
201 202
201 235
201 236
201 237
202 203
202 236
202 237
202 238
203 204
203 237
203 238
203 239
204 205
204 238
204 239
205 206
205 239
206 207
206 240
207 240
207 241
208 209
208 241
208 242
208 243
209 210
209 242
209 243
209 244
210 211
210 243
210 244
210 245
211 212
211 244
211 245
211 246
212 213
212 245
212 246
213 214
213 246
213 247
214 247
214 248
215 216
215 248
215 249
215 250
216 217
216 249
216 250
216 251
217 250
217 251
218 219
218 252
218 253
219 220
219 252
219 253
220 221
220 253
220 254
221 222
221 254
222 223
222 254
222 255
223 224
223 255
223 256
224 225
224 255
224 256
224 257
225 226
225 256
225 257
225 258
226 227
226 257
226 258
226 259
227 228
227 258
227 259
227 260
228 229
228 259
228 260
228 261
229 260
229 261
229 262
230 231
230 262
230 263
230 264
231 232
231 263
231 264
232 233
232 264
232 265
233 265
233 266
234 266
234 267
235 236
235 268
235 269
236 237
236 268
236 269
236 270
237 238
237 269
237 270
238 239
238 270
238 271
239 271
239 272
240 241
240 273
240 274
240 275
241 242
241 274
241 275
242 243
242 275
242 276
243 244
243 276
244 245
244 276
244 277
245 246
245 277
245 278
246 277
246 278
246 279
247 248
247 279
247 280
247 281
248 249
248 280
248 281
248 282
249 250
249 281
249 282
249 283
250 251
250 282
250 283
251 283
252 253
252 284
252 285
253 284
253 285
253 286
254 286
254 287
255 256
255 287
255 288
256 257
256 288
257 258
257 288
257 289
258 259
258 289
259 260
259 289
259 290
260 261
260 290
260 291
261 262
261 290
261 291
261 292
262 263
262 291
262 292
262 293
263 264
263 292
263 293
264 293
265 266
265 294
265 295
266 267
266 294
266 295
266 296
267 295
267 296
267 297
268 269
268 297
268 298
268 299
269 270
269 298
269 299
270 299
270 300
271 272
271 300
271 301
271 302
272 273
272 301
272 302
272 303
273 274
273 302
273 303
274 275
274 303
275 304
276 304
276 305
276 306
277 278
277 306
278 279
278 307
279 280
279 307
279 308
280 281
280 307
280 308
280 309
281 282
281 308
281 309
281 310
282 283
282 309
282 310
282 311
283 310
283 311
283 312
284 285
284 313
285 286
285 313
285 314
286 314
286 315
287 315
287 316
288 317
289 318
289 319
290 291
290 319
290 320
291 292
291 320
292 293
292 321
293 321
293 322
294 295
294 323
294 324
294 325
295 296
295 324
295 325
295 326
296 297
296 325
296 326
297 298
297 326
297 327
298 299
298 327
299 327
300 301
300 328
300 329
301 302
301 328
301 329
302 303
302 329
302 330
303 330
303 331
304 305
304 332
304 333
305 306
305 332
305 333
305 334
306 333
306 334
307 308
307 335
308 309
308 335
308 336
309 310
309 335
309 336
309 337
310 311
310 336
310 337
310 338
311 312
311 337
311 338
311 339
312 338
312 339
313 340
313 341
314 315
314 341
314 342
315 316
315 342
315 343
316 343
316 344
317 344
317 345
317 346
318 319
318 346
318 347
318 348
319 320
319 347
319 348
319 349
320 348
320 349
320 350
321 322
321 351
321 352
322 323
322 351
322 352
322 353
323 324
323 352
323 353
323 354
324 325
324 353
324 354
324 355
325 326
325 354
325 355
325 356
326 355
326 356
326 357
327 357
327 358
327 359
328 329
328 360
328 361
328 362
329 361
329 362
329 363
330 331
330 363
330 364
330 365
331 364
331 365
331 366
332 333
332 366
332 367
333 334
333 367
333 368
334 368
334 369
335 336
335 371
335 372
335 373
336 337
336 372
336 373
337 338
337 373
337 374
338 339
338 374
339 374
340 341
340 375
340 376
341 342
341 375
341 376
341 377
342 376
342 377
342 378
343 344
343 378
343 379
343 380
344 345
344 379
344 380
344 381
345 346
345 380
345 381
345 382
346 347
346 381
346 382
346 383
347 348
347 382
347 383
347 384
348 349
348 383
348 384
348 385
349 350
349 384
349 385
349 386
350 385
350 386
350 387
351 352
351 387
351 388
351 389
352 353
352 388
352 389
352 390
353 354
353 389
353 390
353 391
354 355
354 390
354 391
354 392
355 356
355 391
355 392
355 393
356 357
356 392
356 393
356 394
357 358
357 393
357 394
357 395
358 359
358 394
358 395
358 396
359 360
359 395
359 396
359 397
360 361
360 396
360 397
360 398
361 362
361 397
361 398
361 399
362 363
362 398
362 399
362 400
363 364
363 399
363 400
364 365
364 400
364 401
365 366
365 401
366 367
366 401
366 402
367 402
367 403
368 369
368 403
368 404
368 405
369 370
369 404
369 405
369 406
370 371
370 405
370 406
371 372
371 406
371 407
372 373
372 407
372 408
373 407
373 408
373 409
374 409
374 410
375 376
375 411
376 377
376 411
376 412
377 378
377 411
377 412
377 413
378 379
378 412
378 413
378 414
379 380
379 413
379 414
379 415
380 381
380 414
380 415
380 416
381 382
381 415
381 416
382 383
382 416
383 384
384 385
384 417
385 386
385 417
386 387
386 417
386 418
387 388
387 418
387 419
388 389
388 418
388 419
389 390
389 419
389 420
390 391
390 420
390 421
391 392
391 420
391 421
391 422
392 393
392 421
392 422
392 423
393 394
393 422
393 423
393 424
394 395
394 423
394 424
395 396
395 424
395 425
396 397
396 425
396 426
397 398
397 425
397 426
397 427
398 399
398 426
398 427
398 428
399 400
399 427
399 428
399 429
400 428
400 429
400 430
401 430
401 431
401 432
402 403
402 432
402 433
402 434
403 404
403 433
403 434
403 435
404 405
404 434
404 435
404 436
405 406
405 435
405 436
405 437
406 436
406 437
406 438
407 408
407 438
407 439
407 440
408 409
408 439
408 440
408 441
409 410
409 440
409 441
409 442
410 441
410 442
410 443
411 412
411 444
411 445
412 413
412 445
412 446
413 414
413 445
413 446
413 447
414 415
414 446
414 447
414 448
415 416
415 447
415 448
415 449
416 448
416 449
416 450
417 452
417 453
417 454
418 419
418 454
418 455
418 456
419 455
419 456
420 421
420 457
420 458
421 422
421 457
421 458
421 459
422 423
422 458
422 459
422 460
423 424
423 459
423 460
423 461
424 460
424 461
425 426
425 462
425 463
426 427
426 462
426 463
426 464
427 428
427 463
427 464
427 465
428 429
428 464
428 465
428 466
429 430
429 465
429 466
429 467
430 431
430 466
430 467
431 432
431 467
431 468
432 433
432 468
432 469
433 434
433 468
433 469
433 470
434 435
434 469
434 470
435 436
435 470
436 437
436 471
437 438
437 471
438 439
438 471
438 472
439 440
439 472
439 473
440 441
440 472
440 473
440 474
441 442
441 473
441 474
442 443
442 474
442 475
443 475
444 476
444 477
445 446
445 477
445 478
445 479
446 447
446 478
446 479
447 448
447 479
447 480
448 449
448 480
448 481
449 450
449 480
449 481
449 482
450 451
450 481
450 482
450 483
451 452
451 482
451 483
451 484
452 453
452 483
452 484
453 454
453 484
453 485
454 455
454 485
454 486
455 456
455 485
455 486
455 487
456 486
456 487
457 458
458 459
458 488
459 460
459 488
459 489
460 461
460 488
460 489
460 490
461 489
461 490
461 491
462 463
462 491
462 492
462 493
463 464
463 492
463 493
464 465
464 493
464 494
465 466
465 494
466 467
466 494
466 495
467 495
467 496
468 469
468 496
468 497
468 498
469 470
469 497
469 498
469 499
470 498
470 499
470 500
471 501
471 502
472 473
472 503
472 504
473 474
473 503
473 504
473 505
474 504
474 505
475 506
476 477
476 507
477 478
477 507
477 508
478 479
478 507
478 508
478 509
479 508
479 509
479 510
480 481
480 510
480 511
480 512
481 482
481 511
481 512
481 513
482 483
482 512
482 513
482 514
483 484
483 513
483 514
483 515
484 514
484 515
484 516
485 486
485 516
485 517
485 518
486 487
486 517
486 518
486 519
487 518
487 519
487 520
488 489
488 522
488 523
488 524
489 490
489 523
489 524
489 525
490 491
490 524
490 525
491 492
491 525
491 526
492 493
492 526
492 527
493 526
493 527
493 528
494 528
494 529
495 496
495 529
495 530
495 531
496 497
496 530
496 531
496 532
497 498
497 531
497 532
497 533
498 499
498 532
498 533
498 534
499 500
499 533
499 534
499 535
500 501
500 534
500 535
500 536
501 502
501 535
501 536
501 537
502 536
502 537
502 538
503 504
503 538
503 539
503 540
504 505
504 539
504 540
504 541
505 540
505 541
505 542
506 542
507 508
507 543
507 544
508 509
508 544
508 545
509 510
509 545
509 546
510 511
510 545
510 546
510 547
511 512
511 546
511 547
511 548
512 513
512 547
512 548
512 549
513 514
513 548
513 549
514 515
514 549
514 550
515 516
515 550
515 551
516 517
516 550
516 551
516 552
517 518
517 551
517 552
517 553
518 519
518 552
518 553
518 554
519 520
519 553
519 554
519 555
520 521
520 554
520 555
520 556
521 522
521 555
521 556
521 557
522 523
522 556
522 557
522 558
523 524
523 557
523 558
523 559
524 525
524 558
524 559
524 560
525 559
525 560
526 527
526 561
526 562
527 528
527 561
527 562
527 563
528 562
528 563
529 530
529 564
530 531
530 564
531 532
532 533
532 565
533 534
533 565
533 566
534 535
534 565
534 566
534 567
535 536
535 566
535 567
535 568
536 537
536 567
536 568
536 569
537 538
537 568
537 569
537 570
538 539
538 569
538 570
538 571
539 540
539 570
539 571
540 541
540 571
540 572
541 542
541 572
541 573
542 572
542 573
542 574
543 544
543 575
543 576
544 575
544 576
544 577
545 546
545 577
545 578
545 579
546 547
546 578
546 579
546 580
547 548
547 579
547 580
548 549
548 580
548 581
549 581
549 582
550 551
550 582
550 583
550 584
551 552
551 583
551 584
552 553
552 584
553 554
553 585
554 555
554 585
554 586
555 556
555 585
555 586
555 587
556 557
556 586
556 587
556 588
557 558
557 587
557 588
557 589
558 559
558 588
558 589
558 590
559 560
559 589
559 590
560 590
560 591
561 562
561 591
561 592
561 593
562 563
562 592
562 593
562 594
563 593
563 594
563 595
564 595
564 596
565 566
565 598
565 599
565 600
566 567
566 599
566 600
566 601
567 568
567 600
567 601
568 569
568 601
568 602
569 570
569 602
570 571
570 602
570 603
571 603
571 604
572 573
572 604
572 605
572 606
573 574
573 605
573 606
574 606
575 576
575 607
576 577
576 607
577 578
577 608
578 579
578 608
578 609
579 580
579 608
579 609
580 609
580 610
581 582
581 610
581 611
582 583
582 611
582 612
583 584
583 612
584 612
584 613
585 586
585 614
585 615
585 616
586 587
586 615
586 616
586 617
587 588
587 616
587 617
587 618
588 589
588 617
588 618
588 619
589 590
589 618
589 619
589 620
590 619
590 620
590 621
591 592
591 621
591 622
591 623
592 593
592 622
592 623
592 624
593 594
593 623
593 624
593 625
594 595
594 624
594 625
594 626
595 625
595 626
595 627
596 597
596 627
596 628
596 629
597 598
597 628
597 629
597 630
598 599
598 629
598 630
598 631
599 600
599 630
599 631
599 632
600 601
600 631
600 632
600 633
601 632
601 633
602 634
602 635
603 604
603 635
603 636
603 637
604 605
604 636
604 637
604 638
605 606
605 637
605 638
605 639
606 638
606 639
606 640
607 641
608 609
608 642
608 643
609 643
609 644
610 611
610 644
610 645
610 646
611 645
611 646
611 647
612 647
612 648
613 614
613 649
614 615
614 649
615 616
615 649
615 650
616 617
616 650
616 651
617 618
617 650
617 651
617 652
618 619
618 651
618 652
618 653
619 620
619 652
619 653
620 621
620 653
621 622
621 654
622 623
622 654
622 655
623 624
623 654
623 655
623 656
624 625
624 655
624 656
624 657
625 626
625 656
625 657
625 658
626 627
626 657
626 658
626 659
627 628
627 658
627 659
627 660
628 629
628 659
628 660
628 661
629 630
629 660
629 661
629 662
630 631
630 661
630 662
630 663
631 632
631 662
631 663
631 664
632 633
632 663
632 664
632 665
633 664
633 665
633 666
634 635
634 666
634 667
635 636
635 667
635 668
636 637
636 668
636 669
637 638
637 668
637 669
637 670
638 639
638 669
638 670
638 671
639 640
639 670
639 671
639 672
640 671
640 672
641 673
641 674
642 643
642 674
642 675
642 676
643 675
643 676
643 677
644 645
644 677
645 646
645 678
646 647
646 678
646 679
647 648
647 678
647 679
647 680
648 679
648 680
648 681
649 682
649 683
650 651
650 683
650 684
651 652
651 684
651 685
652 653
652 685
652 686
653 685
653 686
654 655
654 687
654 688
655 656
655 687
655 688
655 689
656 657
656 688
656 689
656 690
657 658
657 689
657 690
658 659
658 690
658 691
659 660
659 691
659 692
660 661
660 691
660 692
661 662
661 692
661 693
662 663
662 693
662 694
663 664
663 693
663 694
663 695
664 665
664 694
664 695
665 666
665 695
665 696
666 667
666 696
666 697
667 696
667 697
668 669
668 698
668 699
669 670
669 698
669 699
669 700
670 671
670 699
670 700
670 701
671 672
671 700
671 701
671 702
672 701
672 702
673 674
673 703
673 704
674 675
674 703
674 704
674 705
675 676
675 704
675 705
676 677
676 705
676 706
677 706
677 707
678 679
678 708
678 709
679 680
679 709
679 710
680 681
680 710
680 711
681 682
681 710
681 711
681 712
682 711
682 712
682 713
683 684
683 713
683 714
683 715
684 714
684 715
685 686
685 716
686 716
687 688
687 717
687 718
687 719
688 689
688 718
688 719
688 720
689 690
689 719
689 720
689 721
690 720
690 721
690 722
691 692
691 722
691 723
691 724
692 723
692 724
692 725
693 694
693 725
693 726
694 695
694 726
694 727
695 726
695 727
695 728
696 697
696 728
696 729
697 729
697 730
698 699
698 730
698 731
699 700
699 731
699 732
700 701
700 731
700 732
700 733
701 702
701 732
701 733
701 734
702 733
702 734
703 704
704 705
704 735
705 735
705 736
706 707
706 736
706 737
706 738
707 708
707 737
707 738
708 709
708 738
708 739
709 739
709 740
710 711
710 740
710 741
711 712
711 741
711 742
712 713
712 741
712 742
712 743
713 714
713 742
713 743
713 744
714 715
714 743
714 744
715 744
715 745
716 745
716 746
716 747
717 718
717 748
717 749
718 719
718 749
718 750
719 720
719 750
719 751
720 721
720 750
720 751
720 752
721 722
721 751
721 752
721 753
722 723
722 752
722 753
722 754
723 724
723 753
723 754
723 755
724 725
724 754
724 755
724 756
725 755
725 756
725 757
726 727
726 757
726 758
726 759
727 728
727 758
727 759
727 760
728 759
728 760
728 761
729 730
729 761
729 762
730 762
730 763
731 732
731 763
731 764
732 733
732 764
732 765
733 734
733 765
734 765
735 736
735 766
735 767
735 768
736 737
736 767
736 768
737 738
737 768
737 769
738 769
738 770
739 740
739 770
739 771
740 771
740 772
741 742
741 772
741 773
741 774
742 743
742 773
742 774
742 775
743 744
743 774
743 775
743 776
744 775
744 776
745 746
745 777
746 747
746 777
746 778
747 748
747 778
747 779
748 749
748 778
748 779
748 780
749 779
749 780
749 781
750 751
750 781
750 782
751 752
751 782
752 753
752 783
753 754
753 783
753 784
754 755
754 783
754 784
754 785
755 756
755 784
755 785
755 786
756 757
756 785
756 786
757 758
757 786
757 787
758 759
758 787
758 788
759 760
759 787
759 788
759 789
760 761
760 788
760 789
760 790
761 762
761 789
761 790
761 791
762 790
762 791
762 792
763 764
763 792
763 793
764 793
764 794
765 794
765 795
765 796
766 767
766 797
766 798
767 768
767 797
767 798
767 799
768 798
768 799
768 800
769 770
769 800
769 801
769 802
770 771
770 801
770 802
770 803
771 802
771 803
771 804
772 773
772 804
772 805
773 774
773 805
774 775
775 776
775 806
776 806
776 807
777 807
777 808
778 779
778 808
778 809
779 780
779 809
779 810
780 781
780 809
780 810
781 782
781 810
781 811
782 811
782 812
783 784
783 813
783 814
784 785
784 814
784 815
785 786
785 815
785 816
786 815
786 816
787 788
787 817
787 818
788 789
788 817
788 818
788 819
789 790
789 818
789 819
789 820
790 791
790 819
790 820
790 821
791 792
791 820
791 821
791 822
792 793
792 821
792 822
793 822
793 823
794 795
794 823
794 824
795 796
795 824
795 825
796 824
796 825
797 798
797 826
797 827
798 799
798 827
798 828
799 800
799 828
799 829
800 801
800 828
800 829
800 830
801 802
801 829
801 830
801 831
802 803
802 830
802 831
802 832
803 804
803 831
803 832
803 833
804 805
804 832
804 833
804 834
805 833
805 834
805 835
806 807
806 837
806 838
807 838
808 839
808 840
809 810
809 840
809 841
809 842
810 841
810 842
810 843
811 812
811 843
811 844
811 845
812 813
812 844
812 845
813 814
813 845
813 846
814 846
814 847
815 816
815 847
815 848
816 848
816 849
817 818
817 849
817 850
817 851
818 819
818 850
818 851
818 852
819 820
819 851
819 852
819 853
820 821
820 852
820 853
821 822
821 853
822 854
823 854
823 855
823 856
824 825
824 856
824 857
825 857
826 827
826 858
826 859
827 858
827 859
827 860
828 829
828 860
828 861
828 862
829 830
829 861
829 862
829 863
830 831
830 862
830 863
830 864
831 832
831 863
831 864
831 865
832 833
832 864
832 865
833 834
833 865
833 866
834 835
834 866
834 867
835 836
835 866
835 867
835 868
836 837
836 867
836 868
837 868
837 869
838 869
838 870
839 840
839 871
839 872
840 841
840 871
840 872
840 873
841 842
841 872
841 873
841 874
842 843
842 873
842 874
842 875
843 844
843 874
843 875
844 845
844 875
844 876
845 876
846 847
846 877
846 878
847 848
847 877
847 878
847 879
848 878
848 879
849 850
849 880
850 851
850 880
850 881
851 852
851 881
851 882
852 853
852 881
852 882
852 883
853 882
853 883
853 884
854 855
854 885
854 886
855 856
855 886
856 887
857 887
857 888
858 859
858 889
859 860
859 889
860 861
860 890
861 862
861 890
861 891
862 863
862 890
862 891
862 892
863 864
863 891
863 892
863 893
864 865
864 892
864 893
864 894
865 893
865 894
865 895
866 867
866 895
866 896
867 868
867 896
867 897
868 897
868 898
869 870
869 898
869 899
869 900
870 899
870 900
870 901
871 872
871 901
871 902
871 903
872 873
872 902
872 903
872 904
873 874
873 903
873 904
873 905
874 875
874 904
874 905
874 906
875 905
875 906
876 907
876 908
877 878
877 908
877 909
877 910
878 879
878 909
878 910
878 911
879 910
879 911
880 912
881 882
881 912
881 913
881 914
882 883
882 913
882 914
882 915
883 884
883 914
883 915
884 885
884 915
885 886
885 916
886 916
886 917
887 888
887 918
887 919
887 920
888 919
888 920
889 921
889 922
890 891
890 923
890 924
890 925
891 892
891 924
891 925
891 926
892 893
892 925
892 926
892 927
893 894
893 926
893 927
893 928
894 895
894 927
894 928
895 896
895 928
895 929
896 929
896 930
897 898
897 930
897 931
897 932
898 899
898 931
898 932
898 933
899 900
899 932
899 933
899 934
900 901
900 933
900 934
900 935
901 902
901 934
901 935
901 936
902 903
902 935
902 936
903 904
903 936
903 937
904 905
904 937
904 938
905 906
905 937
905 938
906 938
906 939
907 908
907 939
907 940
907 941
908 909
908 940
908 941
908 942
909 910
909 941
909 942
909 943
910 911
910 942
910 943
910 944
911 943
911 944
912 913
912 945
912 946
913 914
913 945
913 946
913 947
914 915
914 946
914 947
914 948
915 947
915 948
915 949
916 917
916 950
916 951
917 918
917 951
917 952
918 919
918 951
918 952
918 953
919 920
919 952
919 953
919 954
920 953
920 954
921 922
921 955
922 923
922 955
922 956
923 924
923 956
923 957
924 925
924 956
924 957
925 926
925 957
925 958
926 927
926 958
926 959
927 928
927 958
927 959
927 960
928 959
928 960
928 961
929 930
929 961
929 962
930 931
930 962
931 932
932 933
932 963
933 934
933 963
933 964
934 935
934 963
934 964
934 965
935 936
935 964
935 965
935 966
936 965
936 966
936 967
937 938
937 967
937 968
937 969
938 968
938 969
938 970
939 940
939 970
939 971
939 972
940 941
940 971
940 972
940 973
941 942
941 972
941 973
941 974
942 943
942 973
942 974
942 975
943 944
943 974
943 975
943 976
944 975
944 976
944 977
945 946
945 978
946 947
946 979
947 948
947 979
947 980
948 949
948 979
948 980
948 981
949 950
949 980
949 981
949 982
950 981
950 982
951 952
951 983
952 953
952 983
952 984
953 954
953 983
953 984
953 985
954 984
954 985
955 986
955 987
956 957
956 987
956 988
956 989
957 988
957 989
957 990
958 959
958 990
958 991
959 960
959 991
959 992
960 961
960 991
960 992
960 993
961 962
961 992
961 993
962 993
962 994
963 964
963 996
963 997
963 998
964 965
964 997
964 998
964 999
965 966
965 998
965 999
965 1000
966 967
966 999
966 1000
966 1001
967 968
967 1000
967 1001
967 1002
968 969
968 1001
968 1002
968 1003
969 970
969 1002
969 1003
969 1004
970 971
970 1003
970 1004
970 1005
971 972
971 1004
971 1005
971 1006
972 973
972 1005
972 1006
972 1007
973 974
973 1006
973 1007
973 1008
974 975
974 1007
974 1008
975 976
975 1008
975 1009
976 977
976 1009
976 1010
977 978
977 1009
977 1010
978 1010
978 1011
979 980
979 1012
979 1013
980 981
980 1013
981 982
981 1013
982 1014
983 984
983 1015
983 1016
983 1017
984 985
984 1016
984 1017
985 1017
986 987
986 1018
986 1019
987 988
987 1018
987 1019
987 1020
988 989
988 1019
988 1020
988 1021
989 990
989 1020
989 1021
989 1022
990 1021
990 1022
990 1023
991 992
991 1023
991 1024
992 993
992 1024
992 1025
993 1024
993 1025
993 1026
994 995
994 1026
994 1027
994 1028
995 996
995 1027
995 1028
995 1029
996 997
996 1028
996 1029
997 998
997 1029
997 1030
998 999
998 1030
998 1031
999 1000
999 1030
999 1031
999 1032
1000 1001
1000 1031
1000 1032
1000 1033
1001 1002
1001 1032
1001 1033
1001 1034
1002 1003
1002 1033
1002 1034
1002 1035
1003 1004
1003 1034
1003 1035
1003 1036
1004 1005
1004 1035
1004 1036
1005 1006
1005 1036
1005 1037
1006 1007
1006 1037
1006 1038
1007 1008
1007 1037
1007 1038
1007 1039
1008 1038
1008 1039
1008 1040
1009 1010
1009 1040
1009 1041
1009 1042
1010 1041
1010 1042
1010 1043
1011 1012
1011 1043
1011 1044
1011 1045
1012 1044
1012 1045
1012 1046
1013 1046
1013 1047
1013 1048
1014 1015
1014 1049
1014 1050
1014 1051
1015 1016
1015 1050
1015 1051
1015 1052
1016 1017
1016 1051
1016 1052
1017 1052
1017 1053
1018 1019
1018 1054
1018 1055
1019 1020
1019 1054
1019 1055
1019 1056
1020 1021
1020 1055
1020 1056
1020 1057
1021 1022
1021 1056
1021 1057
1021 1058
1022 1023
1022 1057
1022 1058
1022 1059
1023 1058
1023 1059
1023 1060
1024 1025
1024 1060
1024 1061
1025 1026
1025 1061
1025 1062
1026 1027
1026 1061
1026 1062
1026 1063
1027 1028
1027 1062
1027 1063
1027 1064
1028 1029
1028 1063
1028 1064
1028 1065
1029 1064
1029 1065
1029 1066
1030 1031
1030 1066
1030 1067
1030 1068
1031 1032
1031 1067
1031 1068
1032 1033
1032 1068
1032 1069
1033 1034
1033 1069
1033 1070
1034 1035
1034 1069
1034 1070
1034 1071
1035 1036
1035 1070
1035 1071
1035 1072
1036 1071
1036 1072
1036 1073
1037 1038
1037 1073
1037 1074
1038 1039
1038 1074
1039 1040
1039 1075
1040 1041
1040 1075
1040 1076
1041 1042
1041 1075
1041 1076
1041 1077
1042 1043
1042 1076
1042 1077
1043 1044
1043 1077
1043 1078
1044 1045
1044 1078
1044 1079
1045 1046
1045 1078
1045 1079
1045 1080
1046 1047
1046 1079
1046 1080
1047 1048
1047 1080
1047 1081
1048 1049
1048 1081
1048 1082
1049 1050
1049 1081
1049 1082
1049 1083
1050 1051
1050 1082
1050 1083
1051 1052
1051 1083
1051 1084
1052 1084
1052 1085
1053 1085
1053 1086
1054 1055
1054 1087
1055 1056
1055 1087
1055 1088
1056 1057
1056 1088
1056 1089
1057 1058
1057 1088
1057 1089
1057 1090
1058 1059
1058 1089
1058 1090
1058 1091
1059 1060
1059 1090
1059 1091
1059 1092
1060 1091
1060 1092
1061 1062
1061 1093
1061 1094
1062 1063
1062 1093
1062 1094
1062 1095
1063 1064
1063 1094
1063 1095
1063 1096
1064 1065
1064 1095
1064 1096
1064 1097
1065 1066
1065 1096
1065 1097
1065 1098
1066 1067
1066 1097
1066 1098
1066 1099
1067 1068
1067 1098
1067 1099
1067 1100
1068 1099
1068 1100
1068 1101
1069 1070
1069 1101
1069 1102
1070 1071
1070 1102
1070 1103
1071 1072
1071 1103
1071 1104
1072 1073
1072 1103
1072 1104
1072 1105
1073 1074
1073 1104
1073 1105
1074 1105
1074 1106
1075 1076
1075 1107
1075 1108
1075 1109
1076 1077
1076 1108
1076 1109
1076 1110
1077 1109
1077 1110
1078 1079
1078 1111
1078 1112
1079 1080
1079 1111
1079 1112
1080 1112
1081 1082
1082 1083
1083 1113
1084 1085
1084 1113
1084 1114
1084 1115
1085 1086
1085 1114
1085 1115
1085 1116
1086 1115
1086 1116
1087 1117
1088 1089
1088 1117
1088 1118
1089 1090
1089 1118
1090 1091
1090 1118
1090 1119
1091 1092
1091 1119
1091 1120
1092 1119
1092 1120
1093 1094
1093 1121
1093 1122
1094 1095
1094 1121
1094 1122
1094 1123
1095 1096
1095 1122
1095 1123
1095 1124
1096 1097
1096 1123
1096 1124
1096 1125
1097 1098
1097 1124
1097 1125
1097 1126
1098 1099
1098 1125
1098 1126
1098 1127
1099 1100
1099 1126
1099 1127
1099 1128
1100 1101
1100 1127
1100 1128
1100 1129
1101 1102
1101 1128
1101 1129
1102 1129
1102 1130
1103 1104
1103 1130
1103 1131
1103 1132
1104 1105
1104 1131
1104 1132
1104 1133
1105 1132
1105 1133
1105 1134
1106 1107
1106 1134
1106 1135
1107 1108
1107 1135
1107 1136
1108 1109
1108 1136
1108 1137
1109 1110
1109 1136
1109 1137
1109 1138
1110 1137
1110 1138
1110 1139
1111 1112
1111 1139
1111 1140
1111 1141
1112 1140
1112 1141
1112 1142
1113 1114
1113 1146
1113 1147
1114 1115
1114 1147
1114 1148
1115 1116
1115 1147
1115 1148
1115 1149
1116 1148
1116 1149
1117 1150
1118 1150
1118 1151
1118 1152
1119 1120
1119 1152
1119 1153
1119 1154
1120 1153
1120 1154
1120 1155
1121 1122
1121 1155
1121 1156
1121 1157
1122 1123
1122 1156
1122 1157
1122 1158
1123 1124
1123 1157
1123 1158
1124 1125
1124 1158
1124 1159
1125 1126
1125 1159
1125 1160
1126 1127
1126 1159
1126 1160
1126 1161
1127 1128
1127 1160
1127 1161
1127 1162
1128 1129
1128 1161
1128 1162
1128 1163
1129 1162
1129 1163
1129 1164
1130 1131
1130 1164
1130 1165
1130 1166
1131 1132
1131 1165
1131 1166
1131 1167
1132 1133
1132 1166
1132 1167
1132 1168
1133 1134
1133 1167
1133 1168
1134 1135
1134 1168
1134 1169
1135 1169
1135 1170
1136 1137
1136 1170
1136 1171
1136 1172
1137 1138
1137 1171
1137 1172
1137 1173
1138 1139
1138 1172
1138 1173
1138 1174
1139 1140
1139 1173
1139 1174
1139 1175
1140 1141
1140 1174
1140 1175
1140 1176
1141 1142
1141 1175
1141 1176
1141 1177
1142 1143
1142 1176
1142 1177
1143 1144
1143 1177
1144 1145
1144 1178
1145 1146
1145 1178
1145 1179
1146 1178
1146 1179
1146 1180
1147 1148
1147 1180
1147 1181
1147 1182
1148 1149
1148 1181
1148 1182
1148 1183
1149 1182
1149 1183
1150 1151
1150 1185
1150 1186
1151 1152
1151 1185
1151 1186
1151 1187
1152 1153
1152 1186
1152 1187
1152 1188
1153 1154
1153 1187
1153 1188
1153 1189
1154 1155
1154 1188
1154 1189
1154 1190
1155 1156
1155 1189
1155 1190
1155 1191
1156 1157
1156 1190
1156 1191
1156 1192
1157 1158
1157 1191
1157 1192
1157 1193
1158 1192
1158 1193
1159 1160
1159 1194
1160 1161
1160 1194
1160 1195
1161 1162
1161 1194
1161 1195
1161 1196
1162 1163
1162 1195
1162 1196
1162 1197
1163 1164
1163 1196
1163 1197
1164 1165
1164 1197
1164 1198
1165 1166
1165 1198
1165 1199
1166 1167
1166 1198
1166 1199
1166 1200
1167 1168
1167 1199
1167 1200
1167 1201
1168 1200
1168 1201
1169 1170
1169 1202
1169 1203
1170 1171
1170 1202
1170 1203
1170 1204
1171 1172
1171 1203
1171 1204
1171 1205
1172 1173
1172 1204
1172 1205
1172 1206
1173 1174
1173 1205
1173 1206
1173 1207
1174 1175
1174 1206
1174 1207
1174 1208
1175 1176
1175 1207
1175 1208
1175 1209
1176 1177
1176 1208
1176 1209
1177 1209
1178 1179
1178 1210
1178 1211
1178 1212
1179 1180
1179 1211
1179 1212
1179 1213
1180 1181
1180 1212
1180 1213
1180 1214
1181 1182
1181 1213
1181 1214
1181 1215
1182 1183
1182 1214
1182 1215
1182 1216
1183 1215
1183 1216
1184 1217
1185 1186
1185 1217
1185 1218
1185 1219
1186 1187
1186 1218
1186 1219
1186 1220
1187 1188
1187 1219
1187 1220
1187 1221
1188 1189
1188 1220
1188 1221
1189 1190
1189 1221
1189 1222
1190 1191
1190 1222
1190 1223
1191 1192
1191 1222
1191 1223
1191 1224
1192 1193
1192 1223
1192 1224
1192 1225
1193 1224
1193 1225
1194 1195
1194 1226
1194 1227
1195 1196
1195 1226
1195 1227
1195 1228
1196 1197
1196 1227
1196 1228
1197 1228
1197 1229
1198 1199
1198 1229
1198 1230
1198 1231
1199 1200
1199 1230
1199 1231
1199 1232
1200 1201
1200 1231
1200 1232
1201 1232
1201 1233
1202 1203
1202 1233
1202 1234
1203 1204
1203 1234
1203 1235
1204 1205
1204 1234
1204 1235
1204 1236
1205 1206
1205 1235
1205 1236
1205 1237
1206 1207
1206 1236
1206 1237
1206 1238
1207 1208
1207 1237
1207 1238
1208 1209
1208 1238
1208 1239
1209 1239
1209 1240
1210 1211
1210 1241
1210 1242
1210 1243
1211 1212
1211 1242
1211 1243
1211 1244
1212 1213
1212 1243
1212 1244
1213 1214
1213 1244
1213 1245
1214 1215
1214 1245
1215 1216
1215 1245
1215 1246
1216 1246
1217 1218
1217 1247
1217 1248
1217 1249
1218 1219
1218 1248
1218 1249
1219 1220
1219 1249
1220 1221
1220 1250
1221 1250
1221 1251
1222 1223
1222 1251
1222 1252
1223 1224
1223 1252
1224 1225
1224 1253
1225 1253
1225 1254
1226 1227
1226 1255
1226 1256
1227 1228
1227 1255
1227 1256
1227 1257
1228 1256
1228 1257
1228 1258
1229 1230
1229 1258
1229 1259
1229 1260
1230 1231
1230 1259
1230 1260
1230 1261
1231 1232
1231 1260
1231 1261
1231 1262
1232 1261
1232 1262
1232 1263
1233 1263
1233 1264
1233 1265
1234 1235
1234 1265
1234 1266
1234 1267
1235 1236
1235 1266
1235 1267
1235 1268
1236 1237
1236 1267
1236 1268
1236 1269
1237 1238
1237 1268
1237 1269
1237 1270
1238 1269
1238 1270
1239 1240
1239 1271
1239 1272
1240 1241
1240 1271
1240 1272
1240 1273
1241 1242
1241 1272
1241 1273
1241 1274
1242 1243
1242 1273
1242 1274
1242 1275
1243 1244
1243 1274
1243 1275
1243 1276
1244 1275
1244 1276
1244 1277
1245 1277
1245 1278
1246 1279
1247 1248
1248 1249
1250 1251
1251 1252
1253 1254
1255 1256
1256 1257
1257 1258
1258 1259
1259 1260
1260 1261
1261 1262
1262 1263
1263 1264
1264 1265
1265 1266
1266 1267
1267 1268
1268 1269
1269 1270
1271 1272
1272 1273
1273 1274
1274 1275
1275 1276
1276 1277
1277 1278
