# FromNodeId	ToNodeId
0 1
0 27
0 28
1 2
1 27
1 28
1 29
2 28
2 29
2 30
3 4
3 30
3 31
4 5
4 31
4 32
5 31
5 32
5 33
6 7
6 33
6 34
6 35
7 8
7 34
7 35
7 36
8 35
8 36
8 37
9 10
9 37
9 38
10 11
10 38
10 39
11 12
11 38
11 39
11 40
12 13
12 39
12 40
12 41
13 14
13 40
13 41
13 42
14 15
14 41
14 42
14 43
15 16
15 42
15 43
15 44
16 17
16 43
16 44
16 45
17 18
17 44
17 45
17 46
18 45
18 46
18 47
19 20
19 47
19 48
19 49
20 21
20 48
20 49
20 50
21 22
21 49
21 50
22 23
22 50
22 51
23 24
23 51
24 25
24 51
24 52
25 52
26 55
26 56
27 28
27 57
27 58
28 29
28 57
28 58
28 59
29 30
29 58
29 59
29 60
30 59
30 60
31 32
31 61
31 62
32 33
32 61
32 62
32 63
33 34
33 62
33 63
33 64
34 35
34 63
34 64
34 65
35 36
35 64
35 65
35 66
36 37
36 65
36 66
36 67
37 66
37 67
37 68
38 39
38 68
38 69
38 70
39 40
39 69
39 70
39 71
40 41
40 70
40 71
40 72
41 42
41 71
41 72
41 73
42 43
42 72
42 73
42 74
43 44
43 73
43 74
43 75
44 45
44 74
44 75
44 76
45 46
45 75
45 76
45 77
46 47
46 76
46 77
46 78
47 48
47 77
47 78
47 79
48 49
48 78
48 79
49 50
49 79
50 80
51 80
51 81
51 82
52 82
52 83
53 54
53 84
54 55
54 84
54 85
55 56
55 85
55 86
56 85
56 86
57 58
57 87
57 88
58 59
58 87
58 88
58 89
59 60
59 88
59 89
59 90
60 89
60 90
60 91
61 62
61 91
61 92
62 63
62 92
62 93
63 64
63 92
63 93
64 65
64 93
64 94
65 66
65 94
65 95
66 67
66 94
66 95
66 96
67 68
67 95
67 96
68 69
68 96
69 70
69 97
70 71
70 97
70 98
71 72
71 97
71 98
72 73
72 98
72 99
73 74
73 99
73 100
74 75
74 99
74 100
74 101
75 76
75 100
75 101
75 102
76 77
76 101
76 102
76 103
77 78
77 102
77 103
77 104
78 79
78 103
78 104
78 105
79 104
79 105
79 106
80 81
80 107
80 108
80 109
81 82
81 108
81 109
81 110
82 83
82 109
82 110
82 111
83 110
83 111
84 112
84 113
85 86
85 113
85 114
85 115
86 114
86 115
87 88
87 116
88 89
88 116
88 117
89 90
89 117
89 118
90 91
90 117
90 118
90 119
91 118
91 119
91 120
92 93
92 120
92 121
92 122
93 121
93 122
93 123
94 95
94 123
94 124
94 125
95 96
95 124
95 125
95 126
96 125
96 126
96 127
97 98
97 128
97 129
97 130
98 129
98 130
99 100
99 131
99 132
100 101
100 131
100 132
100 133
101 102
101 132
101 133
101 134
102 103
102 133
102 134
102 135
103 104
103 134
103 135
103 136
104 105
104 135
104 136
104 137
105 106
105 136
105 137
105 138
106 107
106 137
106 138
107 108
107 138
107 139
108 109
108 139
109 110
109 139
110 111
110 140
111 140
111 141
112 113
112 141
112 142
112 143
113 114
113 142
113 143
113 144
114 115
114 143
114 144
114 145
115 144
115 145
117 118
117 146
117 147
118 119
118 146
118 147
118 148
119 120
119 147
119 148
119 149
120 121
120 148
120 149
121 122
121 149
121 150
122 123
122 150
122 151
123 124
123 150
123 151
123 152
124 125
124 151
124 152
124 153
125 126
125 152
125 153
125 154
126 127
126 153
126 154
126 155
127 128
127 154
127 155
127 156
128 129
128 155
128 156
128 157
129 130
129 156
129 157
129 158
130 157
130 158
130 159
131 132
131 159
131 160
131 161
132 133
132 160
132 161
132 162
133 134
133 161
133 162
134 135
134 162
135 136
135 163
136 137
136 163
136 164
137 138
137 163
137 164
137 165
138 164
138 165
138 166
139 166
139 167
139 168
140 141
140 169
140 170
140 171
141 142
141 170
141 171
141 172
142 143
142 171
142 172
142 173
143 144
143 172
143 173
143 174
144 145
144 173
144 174
145 174
146 147
146 176
146 177
146 178
147 148
147 177
147 178
148 149
148 178
150 151
150 179
150 180
151 152
151 179
151 180
152 153
152 180
153 154
153 181
154 155
154 181
155 156
155 181
155 182
156 157
156 182
156 183
157 158
157 182
157 183
157 184
158 159
158 183
158 184
158 185
159 160
159 184
159 185
159 186
160 161
160 185
160 186
161 162
161 186
161 187
162 187
162 188
163 164
163 189
163 190
163 191
164 165
164 190
164 191
164 192
165 166
165 191
165 192
165 193
166 167
166 192
166 193
167 168
167 193
167 194
168 169
168 194
168 195
169 170
169 194
169 195
169 196
170 171
170 195
170 196
170 197
171 172
171 196
171 197
172 173
172 197
173 174
174 198
175 176
175 199
175 200
176 177
176 199
176 200
176 201
177 178
177 200
177 201
177 202
178 201
178 202
178 203
179 180
179 205
180 205
180 206
181 207
181 208
182 183
182 209
182 210
183 184
183 209
183 210
183 211
184 185
184 210
184 211
184 212
185 186
185 211
185 212
185 213
186 212
186 213
186 214
187 188
187 214
187 215
187 216
188 189
188 215
188 216
188 217
189 190
189 216
189 217
189 218
190 191
190 217
190 218
190 219
191 192
191 218
191 219
191 220
192 193
192 219
192 220
193 220
193 221
194 195
194 221
194 222
194 223
195 196
195 222
195 223
195 224
196 197
196 223
196 224
196 225
197 224
197 225
197 226
198 228
198 229
199 200
199 230
199 231
200 201
200 230
200 231
201 202
201 231
201 232
202 203
202 232
202 233
203 204
203 232
203 233
203 234
204 233
204 234
204 235
205 235
206 207
206 236
206 237
207 208
207 236
207 237
207 238
208 237
208 238
209 210
209 239
210 211
210 239
211 212
211 240
212 213
212 240
213 214
213 240
213 241
214 215
214 241
214 242
215 216
215 241
215 242
215 243
216 217
216 242
216 243
216 244
217 218
217 243
217 244
217 245
218 219
218 244
218 245
218 246
219 220
219 245
219 246
219 247
220 246
220 247
220 248
221 222
221 248
221 249
221 250
222 223
222 249
222 250
223 224
223 250
223 251
224 225
224 251
224 252
225 226
225 251
225 252
226 227
226 252
226 253
227 228
227 253
227 254
228 229
228 253
228 254
228 255
229 254
229 255
230 231
230 256
231 256
232 233
232 257
232 258
233 234
233 257
233 258
233 259
234 235
234 258
234 259
235 259
236 237
236 260
236 261
237 238
237 261
238 261
239 262
239 263
240 264
240 265
241 242
241 266
242 243
242 266
243 244
243 267
244 245
244 267
245 246
245 267
246 247
246 268
247 248
247 268
247 269
248 249
248 268
248 269
248 270
249 250
249 269
249 270
249 271
250 270
250 271
251 252
252 272
253 254
253 272
253 273
254 255
254 273
256 274
256 275
257 258
257 276
257 277
257 278
258 259
258 277
258 278
258 279
259 278
259 279
259 280
260 281
260 282
261 282
261 283
261 284
262 263
262 285
262 286
263 264
263 286
264 265
264 286
264 287
265 287
266 288
266 289
267 290
268 269
268 291
268 292
268 293
269 270
269 292
269 293
269 294
270 271
270 293
270 294
271 294
271 295
272 273
272 297
272 298
272 299
273 298
273 299
273 300
274 275
274 301
274 302
275 276
275 301
275 302
275 303
276 277
276 302
276 303
277 278
277 303
277 304
278 279
278 304
278 305
279 280
279 304
279 305
280 281
280 305
280 306
281 306
281 307
282 283
282 307
282 308
282 309
283 284
283 308
283 309
284 285
284 309
284 310
285 310
285 311
286 311
286 312
287 312
288 289
288 313
289 313
289 314
290 314
290 315
291 292
291 315
291 316
291 317
292 293
292 316
292 317
292 318
293 294
293 317
293 318
293 319
294 318
294 319
294 320
295 296
295 320
295 321
295 322
296 297
296 321
296 322
297 298
297 322
297 323
298 299
298 323
298 324
299 300
299 323
299 324
299 325
300 324
300 325
301 302
301 326
301 327
302 303
302 326
302 327
302 328
303 327
303 328
303 329
304 305
304 329
304 330
304 331
305 330
305 331
306 307
306 332
306 333
307 308
307 332
307 333
307 334
308 309
308 333
308 334
308 335
309 334
309 335
309 336
310 311
310 336
310 337
310 338
311 337
311 338
311 339
312 339
312 340
313 341
313 342
313 343
314 343
314 344
315 316
315 345
315 346
316 317
316 345
316 346
316 347
317 318
317 346
317 347
317 348
318 319
318 347
318 348
318 349
319 320
319 348
319 349
319 350
320 321
320 349
320 350
320 351
321 322
321 350
321 351
322 351
322 352
323 324
323 352
323 353
323 354
324 325
324 353
324 354
324 355
325 354
325 355
325 356
326 327
326 357
326 358
327 328
327 357
327 358
327 359
328 329
328 358
328 359
328 360
329 330
329 359
329 360
329 361
330 331
330 360
330 361
330 362
331 361
331 362
331 363
332 333
332 363
332 364
333 334
333 364
333 365
334 335
334 365
334 366
335 336
335 365
335 366
335 367
336 337
336 366
336 367
336 368
337 338
337 367
337 368
337 369
338 339
338 368
338 369
338 370
339 340
339 369
339 370
340 370
340 371
341 342
341 371
341 372
342 343
342 372
342 373
343 344
343 372
343 373
343 374
344 373
344 374
344 375
345 346
345 375
345 376
346 347
346 376
346 377
347 348
347 377
347 378
348 349
348 377
348 378
348 379
349 350
349 378
349 379
349 380
350 351
350 379
350 380
350 381
351 380
351 381
351 382
352 353
352 382
352 383
352 384
353 354
353 383
353 384
353 385
354 355
354 384
354 385
354 386
355 356
355 385
355 386
355 387
356 386
356 387
357 358
357 388
357 389
358 359
358 388
358 389
358 390
359 360
359 389
359 390
360 361
360 390
361 362
361 391
362 363
362 391
363 364
363 391
363 392
364 392
364 393
365 366
365 393
365 394
366 367
366 394
366 395
367 368
367 394
367 395
367 396
368 369
368 395
368 396
368 397
369 370
369 396
369 397
370 397
370 398
371 398
371 399
371 400
372 373
372 400
372 401
373 374
373 401
373 402
374 375
374 402
375 376
375 402
375 403
376 403
376 404
377 378
377 404
377 405
377 406
378 379
378 405
378 406
378 407
379 380
379 406
379 407
379 408
380 381
380 407
380 408
380 409
381 382
381 408
381 409
382 383
382 409
382 410
383 384
383 410
383 411
384 385
384 410
384 411
384 412
385 386
385 411
385 412
385 413
386 387
386 412
386 413
387 413
388 389
388 414
388 415
389 390
389 414
389 415
389 416
390 415
390 416
390 417
391 418
391 419
392 393
392 419
392 420
393 420
394 395
394 421
395 396
395 421
396 397
396 422
397 422
397 423
398 399
398 423
398 424
399 400
399 424
399 425
400 401
400 425
401 425
401 426
402 426
402 427
403 404
403 428
403 429
404 405
404 428
404 429
404 430
405 406
405 429
405 430
405 431
406 407
406 430
406 431
406 432
407 408
407 431
407 432
407 433
408 409
408 432
408 433
408 434
409 433
409 434
409 435
410 411
410 435
410 436
410 437
411 412
411 436
411 437
411 438
412 413
412 437
412 438
412 439
413 438
413 439
413 440
414 415
414 441
415 416
415 441
416 417
416 441
416 442
417 418
417 442
417 443
418 442
418 443
418 444
419 420
419 444
419 445
420 445
420 446
421 447
421 448
421 449
422 423
422 450
422 451
423 424
423 450
423 451
423 452
424 451
424 452
424 453
425 453
425 454
425 455
426 427
426 455
426 456
426 457
427 456
427 457
428 429
428 458
429 430
429 458
430 431
430 459
431 432
431 459
432 433
432 459
432 460
433 434
433 460
433 461
434 435
434 460
434 461
435 436
435 461
435 462
436 437
436 462
436 463
437 438
437 462
437 463
437 464
438 439
438 463
438 464
438 465
439 440
439 464
439 465
439 466
440 465
440 466
441 467
441 468
441 469
442 443
442 469
442 470
442 471
443 444
443 470
443 471
443 472
444 471
444 472
444 473
445 446
445 473
445 474
445 475
446 447
446 474
446 475
446 476
447 448
447 475
447 476
447 477
448 449
448 476
448 477
448 478
449 477
449 478
450 451
450 479
450 480
451 452
451 479
451 480
451 481
452 453
452 480
452 481
452 482
453 454
453 481
453 482
453 483
454 455
454 482
454 483
454 484
455 456
455 483
455 484
456 457
456 484
456 485
457 485
458 486
458 487
459 488
459 489
459 490
460 461
460 490
460 491
460 492
461 491
461 492
461 493
462 463
462 493
462 494
462 495
463 464
463 494
463 495
463 496
464 465
464 495
464 496
464 497
465 466
465 496
465 497
465 498
466 497
466 498
467 468
467 499
468 469
468 499
468 500
469 470
469 500
469 501
470 471
470 500
470 501
470 502
471 472
471 501
471 502
471 503
472 473
472 502
472 503
472 504
473 474
473 503
473 504
473 505
474 475
474 504
474 505
474 506
475 476
475 505
475 506
476 477
476 506
477 478
477 507
478 507
479 480
479 508
480 481
480 508
480 509
481 482
481 508
481 509
481 510
482 483
482 509
482 510
482 511
483 484
483 510
483 511
484 511
484 512
485 512
486 487
486 513
487 488
487 513
487 514
488 489
488 513
488 514
488 515
489 490
489 514
489 515
489 516
490 491
490 515
490 516
491 492
491 516
491 517
492 493
492 517
492 518
493 494
493 517
493 518
493 519
494 495
494 518
494 519
495 496
495 519
495 520
496 497
496 520
496 521
497 498
497 520
497 521
497 522
498 521
498 522
499 523
499 524
500 501
500 524
500 525
500 526
501 502
501 525
501 526
501 527
502 503
502 526
502 527
502 528
503 504
503 527
503 528
503 529
504 505
504 528
504 529
504 530
505 506
505 529
505 530
505 531
506 530
506 531
506 532
507 533
507 534
508 509
508 535
508 536
508 537
509 510
509 536
509 537
509 538
510 511
510 537
510 538
511 538
511 539
512 539
512 540
512 541
513 514
513 543
513 544
513 545
514 515
514 544
514 545
515 516
515 545
515 546
516 546
516 547
517 518
517 547
517 548
517 549
518 519
518 548
518 549
519 549
519 550
520 521
520 550
520 551
521 522
521 551
523 524
523 552
523 553
524 525
524 552
524 553
525 526
525 553
525 554
526 527
526 554
526 555
527 528
527 554
527 555
527 556
528 529
528 555
528 556
528 557
529 530
529 556
529 557
529 558
530 531
530 557
530 558
530 559
531 532
531 558
531 559
531 560
532 559
532 560
532 561
533 534
533 561
533 562
533 563
534 535
534 562
534 563
535 536
535 563
536 537
536 564
537 538
537 564
537 565
538 564
538 565
538 566
539 540
539 566
539 567
539 568
540 541
540 567
540 568
540 569
541 542
541 568
541 569
542 543
542 569
542 570
543 544
543 570
543 571
544 545
544 570
544 571
544 572
545 571
545 572
545 573
546 547
546 573
546 574
547 548
547 574
547 575
548 549
548 575
548 576
549 575
549 576
549 577
550 551
550 577
550 578
550 579
551 578
551 579
551 580
552 553
552 582
552 583
553 582
553 583
554 555
554 584
555 556
555 584
555 585
556 557
556 585
556 586
557 558
557 585
557 586
557 587
558 559
558 586
558 587
558 588
559 560
559 587
559 588
559 589
560 561
560 588
560 589
560 590
561 562
561 589
561 590
561 591
562 563
562 590
562 591
562 592
563 591
563 592
563 593
564 565
564 594
564 595
565 566
565 595
565 596
566 567
566 595
566 596
566 597
567 568
567 596
567 597
567 598
568 569
568 597
568 598
568 599
569 598
569 599
569 600
570 571
570 600
570 601
570 602
571 572
571 601
571 602
571 603
572 573
572 602
572 603
572 604
573 574
573 603
573 604
573 605
574 604
574 605
574 606
575 576
575 606
575 607
575 608
576 577
576 607
576 608
576 609
577 578
577 608
577 609
577 610
578 579
578 609
578 610
578 611
579 580
579 610
579 611
579 612
580 581
580 611
580 612
581 612
582 583
582 613
583 613
583 614
584 614
584 615
585 586
585 615
585 616
585 617
586 587
586 616
586 617
587 588
587 617
588 589
588 618
589 590
589 618
590 591
590 618
590 619
591 592
591 619
591 620
592 593
592 619
592 620
593 594
593 620
593 621
594 621
595 596
595 622
595 623
596 597
596 622
596 623
596 624
597 598
597 623
597 624
597 625
598 599
598 624
598 625
598 626
599 600
599 625
599 626
600 601
600 626
601 602
602 603
602 627
603 604
603 627
603 628
604 605
604 627
604 628
604 629
605 606
605 628
605 629
605 630
606 607
606 629
606 630
606 631
607 608
607 630
607 631
607 632
608 609
608 631
608 632
608 633
609 610
609 632
609 633
610 611
610 633
611 612
612 634
613 614
613 635
613 636
613 637
614 636
614 637
614 638
615 616
615 638
615 639
615 640
616 617
616 639
616 640
616 641
617 640
617 641
617 642
618 643
618 644
618 645
619 620
619 645
619 646
620 646
620 647
621 647
621 648
621 649
622 623
622 649
622 650
622 651
623 624
623 650
623 651
623 652
624 625
624 651
624 652
624 653
625 626
625 652
625 653
625 654
626 653
626 654
626 655
627 628
627 657
627 658
627 659
628 629
628 658
628 659
628 660
629 630
629 659
629 660
629 661
630 631
630 660
630 661
630 662
631 632
631 661
631 662
631 663
632 633
632 662
632 663
632 664
633 663
633 664
633 665
634 667
634 668
635 636
635 669
635 670
636 637
636 669
636 670
636 671
637 638
637 670
637 671
637 672
638 639
638 671
638 672
638 673
639 640
639 672
639 673
639 674
640 641
640 673
640 674
640 675
641 642
641 674
641 675
641 676
642 643
642 675
642 676
642 677
643 644
643 676
643 677
643 678
644 645
644 677
644 678
645 646
645 678
645 679
646 679
646 680
647 648
647 680
647 681
648 649
648 681
648 682
649 650
649 682
649 683
650 651
650 682
650 683
650 684
651 652
651 683
651 684
652 653
652 684
652 685
653 654
653 685
654 655
654 685
654 686
655 656
655 686
655 687
656 657
656 686
656 687
656 688
657 658
657 687
657 688
658 659
658 688
658 689
659 660
659 689
659 690
660 661
660 689
660 690
660 691
661 662
661 690
661 691
661 692
662 663
662 691
662 692
662 693
663 664
663 692
663 693
663 694
664 665
664 693
664 694
665 666
665 694
666 667
666 695
667 668
667 695
667 696
668 695
668 696
669 670
669 697
669 698
670 671
670 697
670 698
670 699
671 672
671 698
671 699
672 673
672 699
672 700
673 674
673 700
673 701
674 675
674 700
674 701
675 676
675 701
675 702
676 677
676 702
677 678
677 702
677 703
678 703
678 704
679 680
679 704
679 705
680 681
680 705
680 706
681 705
681 706
681 707
682 683
682 707
682 708
683 684
683 708
683 709
684 709
684 710
685 710
685 711
685 712
686 687
686 712
686 713
687 688
687 713
687 714
688 714
688 715
689 690
689 715
689 716
690 691
690 716
690 717
691 692
691 716
691 717
691 718
692 693
692 717
692 718
692 719
693 694
693 718
693 719
693 720
694 719
694 720
695 696
695 721
695 722
695 723
696 722
696 723
697 698
697 724
697 725
698 699
698 724
698 725
698 726
699 725
699 726
700 701
700 727
700 728
701 727
701 728
701 729
702 729
702 730
703 704
703 731
703 732
704 731
704 732
704 733
705 706
705 733
705 734
706 707
706 734
707 708
707 734
707 735
708 735
708 736
709 710
709 736
709 737
710 711
710 737
710 738
711 712
711 738
711 739
712 713
712 738
712 739
713 739
713 740
714 715
714 740
714 741
714 742
715 741
715 742
715 743
716 717
716 743
716 744
716 745
717 718
717 744
717 745
718 719
718 745
718 746
719 720
719 746
719 747
720 746
720 747
720 748
721 722
721 748
721 749
721 750
722 723
722 749
722 750
722 751
723 750
723 751
724 725
724 752
724 753
725 726
725 752
725 753
725 754
726 753
726 754
726 755
727 728
727 755
727 756
727 757
728 729
728 756
728 757
728 758
729 730
729 757
729 758
729 759
730 758
730 759
730 760
731 732
731 760
731 761
731 762
732 733
732 761
732 762
732 763
733 762
733 763
733 764
734 764
734 765
735 736
735 766
735 767
736 737
736 766
736 767
737 767
737 768
738 739
738 768
738 769
738 770
739 769
739 770
740 741
740 771
740 772
741 742
741 771
741 772
741 773
742 743
742 772
742 773
742 774
743 744
743 773
743 774
743 775
744 745
744 774
744 775
744 776
745 775
745 776
746 747
746 777
747 748
747 777
747 778
748 749
748 777
748 778
749 750
749 778
749 779
750 751
750 779
750 780
751 779
751 780
752 753
752 781
752 782
753 754
753 781
753 782
753 783
754 755
754 782
754 783
754 784
755 756
755 783
755 784
755 785
756 757
756 784
756 785
756 786
757 758
757 785
757 786
757 787
758 759
758 786
758 787
758 788
759 760
759 787
759 788
759 789
760 761
760 788
760 789
760 790
761 762
761 789
761 790
761 791
762 763
762 790
762 791
762 792
763 764
763 791
763 792
763 793
764 765
764 792
764 793
765 793
765 794
766 767
766 794
766 795
766 796
767 795
767 796
767 797
768 769
768 797
768 798
768 799
769 770
769 798
769 799
770 799
770 800
771 772
771 800
771 801
771 802
772 773
772 801
772 802
773 774
773 802
773 803
774 775
774 803
774 804
775 776
775 803
775 804
776 804
776 805
777 778
777 806
777 807
778 807
778 808
779 780
779 808
779 809
780 809
781 782
781 810
781 811
782 783
782 810
782 811
783 784
783 811
783 812
784 785
784 812
784 813
785 786
785 812
785 813
785 814
786 787
786 813
786 814
787 788
787 814
787 815
788 789
788 815
788 816
789 790
789 815
789 816
789 817
790 791
790 816
790 817
791 792
791 817
791 818
792 793
792 818
792 819
793 818
793 819
793 820
794 795
794 820
794 821
794 822
795 796
795 821
795 822
795 823
796 797
796 822
796 823
796 824
797 798
797 823
797 824
798 799
798 824
798 825
799 825
799 826
800 801
800 826
800 827
800 828
801 802
801 827
801 828
801 829
802 828
802 829
802 830
803 804
803 830
803 831
804 831
804 832
805 806
805 832
805 833
806 807
806 833
806 834
807 834
807 835
808 835
808 836
808 837
809 837
809 838
810 811
810 839
811 839
811 840
812 813
812 840
812 841
813 814
813 841
813 842
814 841
814 842
814 843
815 816
815 843
815 844
815 845
816 817
816 844
816 845
816 846
817 845
817 846
817 847
818 819
818 847
818 848
818 849
819 820
819 848
819 849
819 850
820 821
820 849
820 850
821 822
821 850
821 851
822 823
822 851
822 852
823 824
823 851
823 852
823 853
824 852
824 853
824 854
825 826
825 854
825 855
825 856
826 827
826 855
826 856
826 857
827 828
827 856
827 857
827 858
828 829
828 857
828 858
828 859
829 830
829 858
829 859
829 860
830 859
830 860
831 832
831 861
831 862
832 833
832 861
832 862
832 863
833 862
833 863
834 835
834 864
834 865
835 836
835 864
835 865
835 866
836 837
836 865
836 866
836 867
837 838
837 866
837 867
837 868
838 867
838 868
839 869
840 869
840 870
841 842
841 871
841 872
842 843
842 871
842 872
842 873
843 844
843 872
843 873
844 845
844 873
844 874
845 846
845 874
845 875
846 847
846 874
846 875
846 876
847 848
847 875
847 876
847 877
848 849
848 876
848 877
848 878
849 850
849 877
849 878
849 879
850 878
850 879
850 880
851 852
851 880
851 881
852 853
852 881
853 854
853 881
853 882
854 855
854 882
854 883
855 856
855 882
855 883
855 884
856 857
856 883
856 884
856 885
857 858
857 884
857 885
857 886
858 859
858 885
858 886
858 887
859 860
859 886
859 887
859 888
860 887
860 888
860 889
861 862
861 889
861 890
861 891
862 863
862 890
862 891
862 892
863 891
863 892
863 893
864 865
864 893
864 894
865 866
865 894
865 895
866 867
866 894
866 895
866 896
867 868
867 895
867 896
868 896
869 870
869 897
870 898
871 872
871 898
871 899
872 873
872 899
872 900
873 899
873 900
873 901
874 875
874 901
874 902
874 903
875 876
875 902
875 903
876 877
876 903
876 904
877 878
877 904
877 905
878 879
878 904
878 905
878 906
879 880
879 905
879 906
880 906
881 907
881 908
882 883
882 908
882 909
882 910
883 884
883 909
883 910
883 911
884 885
884 910
884 911
884 912
885 886
885 911
885 912
885 913
886 887
886 912
886 913
886 914
887 888
887 913
887 914
887 915
888 889
888 914
888 915
888 916
889 890
889 915
889 916
889 917
890 891
890 916
890 917
890 918
891 892
891 917
891 918
891 919
892 893
892 918
892 919
892 920
893 919
893 920
893 921
894 895
894 921
894 922
894 923
895 896
895 922
895 923
895 924
896 923
896 924
896 925
897 926
898 927
898 928
898 929
899 900
899 929
899 930
900 901
900 930
900 931
901 902
901 930
901 931
901 932
902 903
902 931
902 932
902 933
903 932
903 933
904 905
904 934
905 906
905 934
905 935
906 935
906 936
907 908
907 937
907 938
907 939
908 909
908 938
908 939
908 940
909 910
909 939
909 940
909 941
910 911
910 940
910 941
911 912
911 941
912 913
912 942
913 914
913 942
913 943
914 915
914 942
914 943
915 916
915 943
915 944
916 917
916 944
916 945
917 918
917 944
917 945
918 919
918 945
918 946
919 920
919 946
919 947
920 921
920 946
920 947
920 948
921 922
921 947
921 948
921 949
922 923
922 948
922 949
922 950
923 924
923 949
923 950
924 925
924 950
924 951
925 951
926 952
927 928
927 952
927 953
927 954
928 929
928 953
928 954
928 955
929 954
929 955
929 956
930 931
930 956
930 957
931 932
931 957
931 958
932 933
932 957
932 958
932 959
933 958
933 959
933 960
934 960
934 961
935 936
935 961
935 962
935 963
936 937
936 962
936 963
936 964
937 938
937 963
937 964
937 965
938 939
938 964
938 965
938 966
939 940
939 965
939 966
939 967
940 941
940 966
940 967
940 968
941 967
941 968
941 969
942 943
942 970
942 971
942 972
943 971
943 972
944 945
944 973
944 974
945 973
945 974
945 975
946 947
946 975
947 948
948 949
948 976
949 950
949 976
949 977
950 976
950 977
950 978
951 978
951 979
952 953
953 954
954 955
955 956
957 958
958 959
959 960
961 962
962 963
963 964
964 965
965 966
966 967
967 968
968 969
969 970
970 971
971 972
973 974
974 975
976 977
977 978
978 979
