# FromNodeId	ToNodeId
0 1
0 48
0 49
1 2
1 48
1 49
1 50
2 3
2 49
2 50
2 51
3 4
3 50
3 51
3 52
4 5
4 51
4 52
5 6
5 52
5 53
6 7
6 53
7 8
7 53
8 9
9 10
9 54
10 54
10 55
11 12
11 56
11 57
12 13
12 56
12 57
12 58
13 57
13 58
13 59
14 15
14 59
14 60
14 61
15 16
15 60
15 61
15 62
16 61
16 62
16 63
17 18
17 63
17 64
17 65
18 19
18 64
18 65
18 66
19 20
19 65
19 66
19 67
20 66
20 67
20 68
21 22
21 68
21 69
21 70
22 23
22 69
22 70
22 71
23 24
23 70
23 71
23 72
24 25
24 71
24 72
25 26
25 72
25 73
26 73
27 28
27 74
28 29
28 74
28 75
29 74
29 75
29 76
30 76
30 77
31 32
31 78
31 79
32 33
32 78
32 79
32 80
33 34
33 79
33 80
34 35
34 80
34 81
35 36
35 81
35 82
36 81
36 82
36 83
37 38
37 83
37 84
37 85
38 39
38 84
38 85
38 86
39 85
39 86
40 41
40 87
40 88
41 42
41 87
41 88
42 43
42 88
42 89
43 89
44 45
44 90
44 91
45 46
45 90
45 91
45 92
46 47
46 91
46 92
46 93
47 92
47 93
48 49
48 94
48 95
49 50
49 94
49 95
49 96
50 51
50 95
50 96
51 52
51 96
51 97
52 97
53 98
53 99
54 55
55 100
56 57
56 100
56 101
57 58
57 101
58 59
58 101
58 102
59 60
59 102
59 103
60 61
60 102
60 103
60 104
61 62
61 103
61 104
61 105
62 63
62 104
62 105
63 64
63 105
64 65
64 106
65 66
65 106
66 67
66 106
67 68
67 107
68 69
68 107
68 108
69 70
69 107
69 108
70 71
70 108
71 72
71 109
72 109
73 110
73 111
74 75
74 112
74 113
75 76
75 113
75 114
76 77
76 114
76 115
77 114
77 115
77 116
78 79
78 116
78 117
78 118
79 80
79 117
79 118
79 119
80 118
80 119
81 82
81 120
81 121
82 83
82 120
82 121
82 122
83 84
83 121
83 122
83 123
84 85
84 122
84 123
84 124
85 86
85 123
85 124
85 125
86 124
86 125
86 126
87 88
87 126
87 127
87 128
88 127
88 128
88 129
89 129
89 130
89 131
90 91
90 131
90 132
91 92
91 132
91 133
92 93
92 132
92 133
92 134
93 133
93 134
93 135
94 95
94 136
94 137
95 96
95 136
95 137
95 138
96 137
96 138
96 139
97 139
98 99
98 140
98 141
99 140
99 141
99 142
100 145
100 146
100 147
101 147
101 148
102 103
102 148
102 149
102 150
103 104
103 149
103 150
103 151
104 105
104 150
104 151
104 152
105 151
105 152
105 153
106 154
106 155
106 156
107 108
107 157
107 158
108 158
108 159
109 160
109 161
109 162
110 111
110 162
110 163
110 164
111 112
111 163
111 164
111 165
112 113
112 164
112 165
112 166
113 165
113 166
114 115
114 167
114 168
115 116
115 167
115 168
115 169
116 117
116 168
116 169
116 170
117 118
117 169
117 170
117 171
118 119
118 170
118 171
118 172
119 171
119 172
119 173
120 121
120 173
120 174
120 175
121 122
121 174
121 175
121 176
122 123
122 175
122 176
122 177
123 124
123 176
123 177
123 178
124 125
124 177
124 178
124 179
125 126
125 178
125 179
126 127
126 179
127 128
128 129
128 180
129 130
129 180
129 181
130 131
130 180
130 181
130 182
131 181
131 182
132 133
132 183
132 184
133 134
133 183
133 184
133 185
134 135
134 184
134 185
134 186
135 185
135 186
136 137
136 187
136 188
137 138
137 187
137 188
137 189
138 139
138 188
138 189
138 190
139 189
139 190
139 191
140 141
140 192
140 193
140 194
141 142
141 193
141 194
141 195
142 143
142 194
142 195
142 196
143 144
143 195
143 196
144 145
144 196
144 197
145 146
145 197
145 198
146 147
146 197
146 198
146 199
147 198
147 199
148 149
148 200
149 150
149 200
149 201
150 151
150 200
150 201
150 202
151 152
151 201
151 202
151 203
152 153
152 202
152 203
153 154
153 203
153 204
154 155
154 204
154 205
155 156
155 204
155 205
155 206
156 157
156 205
156 206
156 207
157 158
157 206
157 207
157 208
158 207
158 208
158 209
159 160
159 209
159 210
160 161
160 210
160 211
161 162
161 210
161 211
161 212
162 163
162 211
162 212
163 164
163 212
163 213
164 165
164 213
164 214
165 166
165 213
165 214
165 215
166 214
166 215
166 216
167 168
167 216
167 217
167 218
168 169
168 217
168 218
168 219
169 170
169 218
169 219
170 171
170 219
171 172
172 173
172 220
173 174
173 220
173 221
174 175
174 220
174 221
174 222
175 176
175 221
175 222
175 223
176 177
176 222
176 223
177 178
177 223
177 224
178 179
178 224
178 225
179 224
179 225
180 181
180 227
180 228
181 182
181 228
181 229
182 229
182 230
183 184
183 230
183 231
183 232
184 185
184 231
184 232
184 233
185 186
185 232
185 233
185 234
186 233
186 234
187 188
187 235
188 189
188 235
188 236
189 190
189 236
189 237
190 191
190 236
190 237
190 238
191 192
191 237
191 238
191 239
192 193
192 238
192 239
193 194
193 239
193 240
194 195
194 240
194 241
195 196
195 240
195 241
196 241
197 198
197 242
197 243
198 199
198 242
198 243
199 243
199 244
200 201
200 245
200 246
201 202
201 246
201 247
202 203
202 246
202 247
202 248
203 247
203 248
203 249
204 205
204 249
204 250
204 251
205 206
205 250
205 251
205 252
206 207
206 251
206 252
206 253
207 208
207 252
207 253
207 254
208 209
208 253
208 254
208 255
209 254
209 255
209 256
210 211
210 256
210 257
210 258
211 212
211 257
211 258
211 259
212 258
212 259
213 214
213 260
214 215
214 260
214 261
215 216
215 261
216 217
216 261
216 262
217 218
217 262
217 263
218 219
218 262
218 263
218 264
219 263
219 264
219 265
220 221
220 267
220 268
221 222
221 268
221 269
222 223
222 269
222 270
223 269
223 270
224 225
224 271
225 271
225 272
226 227
226 272
226 273
226 274
227 228
227 273
227 274
228 274
228 275
229 230
229 275
229 276
229 277
230 231
230 276
230 277
230 278
231 232
231 277
231 278
231 279
232 233
232 278
232 279
233 234
233 279
233 280
234 280
235 281
236 237
236 282
236 283
237 238
237 282
237 283
238 239
238 283
239 284
240 241
240 284
240 285
241 285
241 286
242 243
242 287
242 288
242 289
243 288
243 289
243 290
244 245
244 290
244 291
244 292
245 291
245 292
245 293
246 247
246 293
246 294
246 295
247 248
247 294
247 295
248 249
248 295
248 296
249 250
249 296
249 297
250 251
250 296
250 297
250 298
251 252
251 297
251 298
252 253
252 298
252 299
253 254
253 299
253 300
254 255
254 299
254 300
254 301
255 256
255 300
255 301
255 302
256 257
256 301
256 302
256 303
257 258
257 302
257 303
257 304
258 259
258 303
258 304
258 305
259 304
259 305
259 306
260 306
260 307
261 307
261 308
262 263
262 309
263 264
263 309
263 310
264 265
264 309
264 310
264 311
265 266
265 310
265 311
265 312
266 267
266 311
266 312
267 268
267 312
267 313
268 313
268 314
269 270
269 314
269 315
269 316
270 315
270 316
270 317
271 317
271 318
271 319
272 273
272 319
272 320
273 274
273 320
273 321
274 321
274 322
275 276
275 322
275 323
275 324
276 277
276 323
276 324
276 325
277 278
277 324
277 325
277 326
278 279
278 325
278 326
278 327
279 326
279 327
279 328
280 328
281 329
282 283
282 330
283 330
283 331
284 285
284 332
284 333
284 334
285 333
285 334
285 335
286 287
286 335
286 336
286 337
287 288
287 336
287 337
287 338
288 289
288 337
288 338
289 290
289 338
289 339
290 291
290 339
291 292
291 339
291 340
292 293
292 340
292 341
293 294
293 340
293 341
293 342
294 295
294 341
294 342
294 343
295 342
295 343
295 344
296 297
296 344
296 345
297 298
297 345
297 346
298 346
298 347
299 300
299 347
299 348
299 349
300 301
300 348
300 349
300 350
301 302
301 349
301 350
301 351
302 303
302 350
302 351
302 352
303 304
303 351
303 352
303 353
304 305
304 352
304 353
304 354
305 306
305 353
305 354
306 354
306 355
307 308
307 355
307 356
307 357
308 356
308 357
308 358
309 310
309 359
310 311
310 359
310 360
311 312
311 360
311 361
312 360
312 361
312 362
313 314
313 362
313 363
313 364
314 315
314 363
314 364
315 316
315 364
315 365
316 317
316 365
316 366
317 318
317 365
317 366
317 367
318 319
318 366
318 367
319 320
319 367
320 368
321 322
321 368
321 369
322 323
322 369
322 370
323 324
323 369
323 370
324 325
324 370
324 371
325 326
325 371
325 372
326 327
326 371
326 372
326 373
327 328
327 372
327 373
328 373
328 374
329 375
329 376
330 376
330 377
330 378
331 332
331 378
331 379
331 380
332 333
332 379
332 380
332 381
333 334
333 380
333 381
333 382
334 335
334 381
334 382
334 383
335 336
335 382
335 383
335 384
336 337
336 383
336 384
337 338
337 384
337 385
338 385
338 386
339 386
339 387
339 388
340 341
340 388
340 389
340 390
341 342
341 389
341 390
341 391
342 343
342 390
342 391
342 392
343 344
343 391
343 392
343 393
344 345
344 392
344 393
344 394
345 393
345 394
346 347
346 395
347 348
347 395
347 396
348 349
348 395
348 396
348 397
349 350
349 396
349 397
349 398
350 351
350 397
350 398
350 399
351 352
351 398
351 399
351 400
352 353
352 399
352 400
353 354
353 400
353 401
354 401
354 402
355 356
355 402
355 403
355 404
356 357
356 403
356 404
356 405
357 358
357 404
357 405
358 405
358 406
359 406
359 407
360 361
360 407
360 408
360 409
361 362
361 408
361 409
361 410
362 363
362 409
362 410
362 411
363 364
363 410
363 411
363 412
364 411
364 412
364 413
365 366
365 413
365 414
365 415
366 367
366 414
366 415
366 416
367 415
367 416
368 417
368 418
368 419
369 370
369 419
369 420
370 420
370 421
371 372
371 421
372 373
372 422
373 422
373 423
374 423
374 424
375 376
375 425
375 426
376 377
376 425
376 426
376 427
377 378
377 426
377 427
378 379
378 427
378 428
379 380
379 428
379 429
380 381
380 428
380 429
380 430
381 382
381 429
381 430
381 431
382 383
382 430
382 431
382 432
383 384
383 431
383 432
383 433
384 432
384 433
384 434
385 386
385 434
385 435
386 387
386 435
386 436
387 388
387 435
387 436
388 389
388 436
388 437
389 390
389 437
390 391
390 437
390 438
391 392
391 438
391 439
392 393
392 438
392 439
392 440
393 394
393 439
393 440
393 441
394 440
394 441
394 442
395 396
395 443
395 444
395 445
396 397
396 444
396 445
396 446
397 398
397 445
397 446
397 447
398 399
398 446
398 447
398 448
399 400
399 447
399 448
400 448
400 449
401 402
401 449
401 450
402 403
402 450
402 451
403 404
403 450
403 451
404 405
404 451
404 452
405 452
405 453
406 453
406 454
406 455
407 408
407 455
407 456
408 409
408 456
408 457
409 410
409 457
409 458
410 411
410 457
410 458
410 459
411 412
411 458
411 459
411 460
412 413
412 459
412 460
412 461
413 414
413 460
413 461
413 462
414 415
414 461
414 462
414 463
415 416
415 462
415 463
416 463
417 418
417 464
417 465
418 419
418 464
418 465
418 466
419 465
419 466
419 467
420 421
420 467
420 468
421 468
421 469
422 423
422 470
422 471
422 472
423 424
423 471
423 472
424 472
425 426
425 473
425 474
426 427
426 473
426 474
426 475
427 474
427 475
427 476
428 429
428 476
428 477
429 430
429 477
429 478
430 431
430 477
430 478
430 479
431 432
431 478
431 479
431 480
432 433
432 479
432 480
433 434
433 480
434 481
435 436
435 481
435 482
436 482
436 483
437 483
437 484
437 485
438 439
438 485
438 486
438 487
439 440
439 486
439 487
440 441
440 487
440 488
441 442
441 488
442 443
442 488
442 489
443 444
443 489
443 490
444 445
444 489
444 490
444 491
445 446
445 490
445 491
445 492
446 447
446 491
446 492
446 493
447 448
447 492
447 493
448 493
448 494
449 494
449 495
449 496
450 451
450 496
450 497
451 497
452 453
452 498
452 499
453 454
453 498
453 499
454 455
454 499
454 500
455 456
455 500
456 500
456 501
457 458
457 501
457 502
457 503
458 459
458 502
458 503
458 504
459 460
459 503
459 504
460 461
460 504
460 505
461 462
461 505
461 506
462 463
462 505
462 506
463 506
463 507
464 465
464 508
464 509
464 510
465 466
465 509
465 510
465 511
466 467
466 510
466 511
466 512
467 468
467 511
467 512
467 513
468 512
468 513
468 514
469 470
469 514
469 515
469 516
470 471
470 515
470 516
470 517
471 472
471 516
471 517
471 518
472 517
472 518
472 519
473 474
473 520
473 521
474 475
474 520
474 521
474 522
475 476
475 521
475 522
475 523
476 522
476 523
476 524
477 478
477 524
477 525
478 479
478 525
478 526
479 480
479 525
479 526
479 527
480 526
480 527
481 482
481 528
481 529
481 530
482 529
482 530
483 484
483 531
484 485
484 531
484 532
485 486
485 532
485 533
486 487
486 532
486 533
486 534
487 533
487 534
487 535
488 535
488 536
489 490
489 536
489 537
489 538
490 491
490 537
490 538
490 539
491 492
491 538
491 539
491 540
492 493
492 539
492 540
492 541
493 540
493 541
493 542
494 495
494 542
494 543
494 544
495 496
495 543
495 544
495 545
496 497
496 544
496 545
496 546
497 545
497 546
497 547
498 499
498 548
498 549
498 550
499 549
499 550
500 551
500 552
501 502
501 552
501 553
501 554
502 503
502 553
502 554
503 504
503 554
503 555
504 555
504 556
505 506
505 556
505 557
505 558
506 557
506 558
506 559
507 508
507 559
507 560
507 561
508 509
508 560
508 561
508 562
509 510
509 561
509 562
510 511
510 562
510 563
511 512
511 563
511 564
512 513
512 563
512 564
512 565
513 514
513 564
513 565
513 566
514 515
514 565
514 566
514 567
515 516
515 566
515 567
516 517
516 567
516 568
517 518
517 568
517 569
518 519
518 568
518 569
518 570
519 569
519 570
520 521
520 571
521 522
521 571
521 572
522 523
522 572
522 573
523 524
523 572
523 573
523 574
524 573
524 574
524 575
525 526
525 575
525 576
525 577
526 527
526 576
526 577
526 578
527 577
527 578
527 579
528 529
528 579
528 580
528 581
529 530
529 580
529 581
530 581
531 582
532 533
532 583
533 534
533 583
533 584
534 535
534 583
534 584
534 585
535 584
535 585
536 537
537 538
537 586
538 539
538 586
538 587
539 540
539 586
539 587
539 588
540 541
540 587
540 588
540 589
541 542
541 588
541 589
541 590
542 543
542 589
542 590
542 591
543 544
543 590
543 591
544 545
544 591
544 592
545 546
545 592
546 547
546 592
546 593
547 548
547 593
547 594
548 549
548 593
548 594
549 550
549 594
551 552
551 595
552 553
552 595
552 596
553 554
553 596
553 597
554 596
554 597
554 598
555 556
555 598
555 599
555 600
556 557
556 599
556 600
556 601
557 558
557 600
557 601
557 602
558 559
558 601
558 602
559 560
559 602
559 603
560 561
560 603
560 604
561 562
561 603
561 604
561 605
562 604
562 605
562 606
563 564
563 606
563 607
564 565
564 607
564 608
565 566
565 608
565 609
566 567
566 608
566 609
566 610
567 609
567 610
568 569
568 611
569 570
569 611
569 612
570 612
571 613
572 573
572 613
572 614
572 615
573 574
573 614
573 615
573 616
574 575
574 615
574 616
574 617
575 576
575 616
575 617
575 618
576 577
576 617
576 618
577 578
577 618
577 619
578 579
578 619
578 620
579 580
579 619
579 620
579 621
580 581
580 620
580 621
580 622
581 621
581 622
582 623
582 624
583 584
583 625
583 626
583 627
584 585
584 626
584 627
584 628
585 627
585 628
585 629
586 587
586 631
586 632
586 633
587 588
587 632
587 633
587 634
588 589
588 633
588 634
588 635
589 590
589 634
589 635
589 636
590 591
590 635
590 636
591 636
591 637
592 637
592 638
592 639
593 594
593 639
593 640
593 641
594 640
594 641
594 642
595 644
595 645
595 646
596 597
596 646
596 647
596 648
597 598
597 647
597 648
597 649
598 599
598 648
598 649
599 600
599 649
599 650
600 601
600 650
601 602
601 650
603 604
603 651
603 652
604 605
604 651
604 652
605 606
605 652
605 653
606 607
606 653
606 654
607 653
607 654
607 655
608 609
608 655
608 656
608 657
609 610
609 656
609 657
610 657
612 658
613 614
613 659
613 660
613 661
614 615
614 660
614 661
614 662
615 616
615 661
615 662
616 617
616 662
616 663
617 618
617 663
617 664
618 663
618 664
618 665
619 620
619 665
619 666
619 667
620 621
620 666
620 667
620 668
621 622
621 667
621 668
621 669
622 668
622 669
622 670
623 670
623 671
624 625
624 671
624 672
625 626
625 672
626 627
626 672
626 673
627 628
627 673
627 674
628 629
628 673
628 674
628 675
629 630
629 674
629 675
629 676
630 631
630 675
630 676
630 677
631 632
631 676
631 677
631 678
632 633
632 677
632 678
632 679
633 634
633 678
633 679
633 680
634 635
634 679
634 680
634 681
635 636
635 680
635 681
635 682
636 681
636 682
636 683
637 638
637 683
637 684
637 685
638 639
638 684
638 685
638 686
639 640
639 685
639 686
639 687
640 641
640 686
640 687
640 688
641 642
641 687
641 688
641 689
642 643
642 688
642 689
642 690
643 644
643 689
643 690
643 691
644 645
644 690
644 691
644 692
645 646
645 691
645 692
645 693
646 647
646 692
646 693
646 694
647 648
647 693
647 694
647 695
648 649
648 694
648 695
648 696
649 695
649 696
649 697
650 697
650 698
650 699
651 652
651 700
651 701
651 702
652 701
652 702
652 703
653 654
653 703
653 704
653 705
654 655
654 704
654 705
654 706
655 656
655 705
655 706
655 707
656 657
656 706
656 707
656 708
657 707
657 708
657 709
658 712
659 660
659 713
660 661
660 713
660 714
661 662
661 714
661 715
662 714
662 715
663 664
663 716
663 717
664 665
664 716
664 717
665 666
665 717
665 718
666 667
666 718
667 668
667 718
667 719
668 669
668 719
669 670
669 719
669 720
670 720
670 721
671 721
671 722
671 723
672 723
672 724
672 725
673 674
673 725
673 726
673 727
674 675
674 726
674 727
674 728
675 676
675 727
675 728
676 677
676 728
676 729
677 678
677 729
677 730
678 679
678 729
678 730
678 731
679 680
679 730
679 731
680 681
680 731
680 732
681 682
681 732
681 733
682 683
682 732
682 733
682 734
683 684
683 733
683 734
684 685
684 734
684 735
685 686
685 735
685 736
686 687
686 735
686 736
687 688
687 736
688 689
689 690
689 737
690 691
690 737
691 692
691 737
691 738
692 693
692 738
692 739
693 694
693 738
693 739
693 740
694 695
694 739
694 740
694 741
695 696
695 740
695 741
696 697
696 741
696 742
697 698
697 742
698 699
698 742
698 743
699 743
699 744
700 701
700 744
700 745
700 746
701 702
701 745
701 746
701 747
702 703
702 746
702 747
702 748
703 704
703 747
703 748
703 749
704 705
704 748
704 749
705 706
705 749
705 750
706 707
706 750
706 751
707 708
707 750
707 751
707 752
708 709
708 751
708 752
708 753
709 710
709 752
709 753
709 754
710 711
710 753
710 754
710 755
711 754
711 755
711 756
712 756
712 757
713 758
713 759
714 715
714 759
714 760
714 761
715 760
715 761
715 762
716 717
716 762
716 763
716 764
717 763
717 764
717 765
718 765
718 766
718 767
719 767
720 721
720 768
720 769
721 722
721 768
721 769
721 770
722 723
722 769
722 770
722 771
723 724
723 770
723 771
724 725
724 771
724 772
725 726
725 772
725 773
726 727
726 772
726 773
726 774
727 728
727 773
727 774
727 775
728 774
728 775
729 730
729 776
729 777
730 731
730 776
730 777
730 778
731 777
731 778
731 779
732 733
732 779
732 780
733 734
733 780
733 781
734 780
734 781
734 782
735 736
735 782
735 783
735 784
736 783
736 784
736 785
737 787
737 788
738 739
738 788
738 789
738 790
739 740
739 789
739 790
740 741
740 790
740 791
741 791
742 792
743 744
743 792
743 793
743 794
744 745
744 793
744 794
744 795
745 746
745 794
745 795
745 796
746 747
746 795
746 796
746 797
747 748
747 796
747 797
747 798
748 749
748 797
748 798
748 799
749 798
749 799
749 800
750 751
750 800
750 801
751 752
751 801
751 802
752 753
752 801
752 802
752 803
753 754
753 802
753 803
753 804
754 755
754 803
754 804
754 805
755 756
755 804
755 805
755 806
756 757
756 805
756 806
756 807
757 806
757 807
758 759
758 808
758 809
759 760
759 808
759 809
759 810
760 761
760 809
760 810
761 762
761 810
761 811
762 763
762 811
762 812
763 764
763 811
763 812
764 765
764 812
764 813
765 766
765 813
765 814
766 767
766 813
766 814
767 814
767 815
768 769
768 816
768 817
769 770
769 817
769 818
770 771
770 817
770 818
770 819
771 818
771 819
771 820
772 773
772 820
772 821
773 774
773 821
774 775
774 822
775 822
775 823
776 777
776 823
776 824
776 825
777 778
777 824
777 825
778 779
778 825
778 826
779 826
780 781
781 782
781 827
782 783
782 827
783 784
783 827
784 785
784 828
785 786
785 828
785 829
786 787
786 828
786 829
786 830
787 829
787 830
787 831
788 789
788 831
788 832
789 790
789 832
789 833
790 832
790 833
790 834
791 834
791 835
792 793
792 836
792 837
793 794
793 836
793 837
793 838
794 795
794 837
794 838
795 796
795 838
795 839
796 797
796 839
796 840
797 798
797 839
797 840
797 841
798 799
798 840
798 841
798 842
799 800
799 841
799 842
799 843
800 842
800 843
800 844
801 802
801 844
801 845
802 803
802 845
803 804
803 845
803 846
804 805
804 846
804 847
805 806
805 846
805 847
805 848
806 807
806 847
806 848
806 849
807 848
807 849
808 809
808 850
808 851
809 810
809 850
809 851
809 852
810 851
810 852
810 853
811 812
811 853
811 854
812 854
812 855
813 814
813 855
814 856
815 816
815 856
815 857
815 858
816 857
816 858
816 859
817 818
817 859
817 860
818 819
818 860
818 861
819 820
819 860
819 861
819 862
820 821
820 861
820 862
820 863
821 862
821 863
821 864
822 823
822 865
822 866
822 867
823 824
823 866
823 867
823 868
824 825
824 867
824 868
825 868
825 869
826 869
826 870
826 871
827 873
827 874
827 875
828 829
828 876
829 830
829 876
829 877
830 831
830 877
830 878
831 877
831 878
831 879
832 833
832 879
832 880
832 881
833 834
833 880
833 881
833 882
834 881
834 882
834 883
835 883
835 884
835 885
836 837
836 885
836 886
836 887
837 838
837 886
837 887
837 888
838 887
838 888
838 889
839 840
839 889
839 890
839 891
840 841
840 890
840 891
840 892
841 842
841 891
841 892
841 893
842 843
842 892
842 893
842 894
843 844
843 893
843 894
843 895
844 894
844 895
845 896
845 897
846 847
846 897
846 898
847 848
847 898
847 899
848 849
848 899
848 900
849 899
849 900
850 851
850 901
850 902
851 852
851 901
851 902
851 903
852 853
852 902
852 903
853 854
853 903
855 904
855 905
856 857
856 906
856 907
857 858
857 907
858 859
858 907
858 908
859 908
860 861
860 909
860 910
861 862
861 909
861 910
862 863
862 910
862 911
863 864
863 911
864 865
864 911
864 912
865 866
865 912
865 913
866 867
866 912
866 913
866 914
867 868
867 913
867 914
867 915
868 914
868 915
869 870
869 916
870 871
870 916
870 917
871 872
871 917
871 918
872 873
872 917
872 918
872 919
873 874
873 918
873 919
873 920
874 875
874 919
874 920
874 921
875 920
875 921
877 878
877 922
877 923
878 879
878 922
878 923
878 924
879 880
879 923
879 924
879 925
880 881
880 924
880 925
880 926
881 882
881 925
881 926
881 927
882 883
882 926
882 927
882 928
883 884
883 927
883 928
883 929
884 885
884 928
884 929
884 930
885 886
885 929
885 930
885 931
886 887
886 930
886 931
886 932
887 888
887 931
887 932
888 889
888 932
888 933
889 890
889 933
889 934
890 891
890 933
890 934
891 892
891 934
891 935
892 893
892 935
892 936
893 894
893 935
893 936
893 937
894 895
894 936
894 937
894 938
895 937
895 938
895 939
896 897
896 939
896 940
896 941
897 898
897 940
897 941
898 941
898 942
899 900
899 942
899 943
899 944
900 943
900 944
901 902
901 945
901 946
902 903
902 945
902 946
903 946
903 947
904 905
904 949
904 950
905 906
905 949
905 950
905 951
906 950
906 951
906 952
907 952
907 953
907 954
908 954
908 955
909 910
909 956
909 957
910 956
910 957
910 958
911 958
911 959
912 913
912 959
912 960
912 961
913 914
913 960
913 961
914 915
914 961
916 962
917 918
917 962
917 963
918 919
918 963
919 920
919 964
920 921
920 964
920 965
921 964
921 965
922 923
922 967
923 924
923 967
923 968
924 925
924 968
924 969
925 926
925 968
925 969
925 970
926 927
926 969
926 970
926 971
927 928
927 970
927 971
927 972
928 929
928 971
928 972
928 973
929 930
929 972
929 973
930 931
930 973
931 932
931 974
932 974
933 934
933 975
934 975
934 976
935 936
935 976
935 977
935 978
936 937
936 977
936 978
936 979
937 938
937 978
937 979
937 980
938 939
938 979
938 980
938 981
939 940
939 980
939 981
939 982
940 941
940 981
940 982
940 983
941 982
941 983
941 984
942 943
942 984
942 985
942 986
943 944
943 985
943 986
943 987
944 986
944 987
945 946
945 988
945 989
946 988
946 989
946 990
947 948
947 990
947 991
948 991
948 992
949 950
949 992
949 993
950 951
950 993
951 952
951 994
952 953
952 994
952 995
953 954
953 994
953 995
953 996
954 955
954 995
954 996
954 997
955 996
955 997
955 998
956 957
956 998
956 999
956 1000
957 958
957 999
957 1000
957 1001
958 1000
958 1001
958 1002
959 960
959 1002
959 1003
959 1004
960 961
960 1003
960 1004
961 1004
961 1005
962 963
962 1007
963 1007
963 1008
964 965
964 1009
964 1010
965 1010
965 1011
966 1011
966 1012
966 1013
967 1013
967 1014
967 1015
968 969
968 1015
968 1016
968 1017
969 970
969 1016
969 1017
970 971
970 1017
970 1018
971 972
971 1018
971 1019
972 973
972 1018
972 1019
972 1020
973 1019
973 1020
973 1021
974 1022
974 1023
974 1024
975 1024
975 1025
975 1026
976 977
976 1026
976 1027
977 978
977 1027
977 1028
978 979
978 1028
979 980
979 1028
979 1029
980 981
980 1029
981 982
981 1029
982 983
982 1030
983 984
983 1030
984 985
984 1030
984 1031
985 986
985 1031
985 1032
986 987
986 1031
986 1032
986 1033
987 1032
987 1033
988 989
988 1034
989 990
989 1034
990 1034
990 1035
991 992
991 1035
991 1036
992 993
992 1036
992 1037
993 1036
993 1037
993 1038
994 995
994 1039
994 1040
994 1041
995 996
995 1040
995 1041
996 997
996 1041
997 998
997 1042
998 999
998 1042
998 1043
999 1000
999 1042
999 1043
1000 1001
1000 1043
1000 1044
1001 1002
1001 1044
1001 1045
1002 1003
1002 1044
1002 1045
1002 1046
1003 1004
1003 1045
1003 1046
1003 1047
1004 1046
1004 1047
1004 1048
1005 1048
1005 1049
1005 1050
1006 1050
1006 1051
1007 1008
1007 1052
1007 1053
1007 1054
1008 1009
1008 1053
1008 1054
1008 1055
1009 1054
1009 1055
1009 1056
1010 1011
1010 1056
1010 1057
1010 1058
1011 1012
1011 1057
1011 1058
1011 1059
1012 1013
1012 1058
1012 1059
1012 1060
1013 1014
1013 1059
1013 1060
1013 1061
1014 1015
1014 1060
1014 1061
1015 1016
1015 1061
1015 1062
1016 1017
1016 1062
1017 1062
1017 1063
1018 1019
1018 1063
1018 1064
1018 1065
1019 1020
1019 1064
1019 1065
1020 1021
1020 1065
1020 1066
1021 1022
1021 1066
1021 1067
1022 1023
1022 1066
1022 1067
1022 1068
1023 1024
1023 1067
1023 1068
1024 1025
1024 1068
1024 1069
1025 1026
1025 1069
1026 1027
1026 1069
1026 1070
1027 1070
1028 1071
1028 1072
1029 1072
1029 1073
1029 1074
1030 1075
1030 1076
1030 1077
1031 1032
1031 1077
1031 1078
1031 1079
1032 1033
1032 1078
1032 1079
1032 1080
1033 1079
1033 1080
1034 1081
1034 1082
1035 1082
1035 1083
1035 1084
1036 1037
1036 1084
1036 1085
1037 1038
1037 1085
1037 1086
1038 1039
1038 1086
1038 1087
1039 1040
1039 1086
1039 1087
1040 1041
1040 1087
1040 1088
1041 1088
1041 1089
1042 1043
1042 1090
1042 1091
1042 1092
1043 1091
1043 1092
1043 1093
1044 1045
1044 1093
1044 1094
1045 1046
1045 1094
1046 1047
1047 1048
1047 1095
1048 1049
1048 1095
1048 1096
1049 1050
1049 1095
1049 1096
1049 1097
1050 1051
1050 1096
1050 1097
1050 1098
1051 1097
1051 1098
1051 1099
1052 1053
1052 1099
1052 1100
1052 1101
1053 1054
1053 1100
1053 1101
1053 1102
1054 1055
1054 1101
1054 1102
1054 1103
1055 1056
1055 1102
1055 1103
1055 1104
1056 1057
1056 1103
1056 1104
1056 1105
1057 1058
1057 1104
1057 1105
1057 1106
1058 1059
1058 1105
1058 1106
1058 1107
1059 1060
1059 1106
1059 1107
1059 1108
1060 1061
1060 1107
1060 1108
1061 1108
1061 1109
1062 1109
1062 1110
1062 1111
1063 1064
1063 1111
1063 1112
1063 1113
1064 1065
1064 1112
1064 1113
1064 1114
1065 1113
1065 1114
1065 1115
1066 1067
1066 1115
1066 1116
1066 1117
1067 1068
1067 1116
1067 1117
1067 1118
1068 1117
1068 1118
1068 1119
1069 1119
1069 1120
1069 1121
1070 1121
1070 1122
1070 1123
1071 1072
1071 1123
1071 1124
1071 1125
1072 1073
1072 1124
1072 1125
1072 1126
1073 1074
1073 1125
1073 1126
1073 1127
1074 1075
1074 1126
1074 1127
1075 1076
1075 1127
1075 1128
1076 1077
1076 1128
1076 1129
1077 1078
1077 1128
1077 1129
1078 1079
1078 1129
1078 1130
1079 1080
1079 1130
1079 1131
1080 1130
1080 1131
1081 1132
1082 1083
1082 1132
1082 1133
1082 1134
1083 1084
1083 1133
1083 1134
1084 1085
1084 1134
1084 1135
1085 1135
1086 1087
1086 1136
1086 1137
1087 1136
1087 1137
1087 1138
1088 1089
1088 1138
1088 1139
1088 1140
1089 1090
1089 1139
1089 1140
1089 1141
1090 1091
1090 1140
1090 1141
1090 1142
1091 1092
1091 1141
1091 1142
1092 1093
1092 1142
1092 1143
1093 1094
1093 1143
1093 1144
1094 1143
1094 1144
1094 1145
1095 1096
1095 1147
1095 1148
1096 1097
1096 1148
1096 1149
1097 1098
1097 1149
1097 1150
1098 1099
1098 1149
1098 1150
1098 1151
1099 1100
1099 1150
1099 1151
1099 1152
1100 1101
1100 1151
1100 1152
1100 1153
1101 1102
1101 1152
1101 1153
1101 1154
1102 1103
1102 1153
1102 1154
1102 1155
1103 1104
1103 1154
1103 1155
1103 1156
1104 1105
1104 1155
1104 1156
1104 1157
1105 1106
1105 1156
1105 1157
1105 1158
1106 1107
1106 1157
1106 1158
1107 1108
1107 1158
1107 1159
1108 1159
1109 1110
1109 1160
1110 1111
1110 1160
1110 1161
1111 1112
1111 1160
1111 1161
1111 1162
1112 1113
1112 1161
1112 1162
1112 1163
1113 1114
1113 1162
1113 1163
1114 1115
1114 1163
1114 1164
1115 1116
1115 1164
1115 1165
1116 1117
1116 1164
1116 1165
1116 1166
1117 1118
1117 1165
1117 1166
1118 1119
1118 1166
1118 1167
1119 1120
1119 1167
1119 1168
1120 1121
1120 1167
1120 1168
1120 1169
1121 1122
1121 1168
1121 1169
1121 1170
1122 1123
1122 1169
1122 1170
1123 1124
1123 1170
1123 1171
1124 1125
1124 1171
1124 1172
1125 1126
1125 1171
1125 1172
1125 1173
1126 1127
1126 1172
1126 1173
1126 1174
1127 1173
1127 1174
1127 1175
1128 1129
1128 1175
1128 1176
1129 1176
1129 1177
1130 1131
1130 1177
1130 1178
1130 1179
1131 1178
1131 1179
1132 1133
1132 1180
1133 1134
1133 1181
1134 1181
1134 1182
1135 1182
1135 1183
1136 1137
1136 1184
1137 1138
1137 1184
1137 1185
1138 1139
1138 1185
1138 1186
1139 1140
1139 1185
1139 1186
1139 1187
1140 1141
1140 1186
1140 1187
1141 1142
1141 1187
1141 1188
1142 1188
1142 1189
1143 1144
1143 1189
1143 1190
1143 1191
1144 1145
1144 1190
1144 1191
1144 1192
1145 1146
1145 1191
1145 1192
1145 1193
1146 1147
1146 1192
1146 1193
1146 1194
1147 1148
1147 1193
1147 1194
1147 1195
1148 1194
1148 1195
1148 1196
1149 1150
1149 1196
1149 1197
1150 1151
1150 1197
1150 1198
1151 1152
1151 1198
1151 1199
1152 1153
1152 1198
1152 1199
1152 1200
1153 1154
1153 1199
1153 1200
1153 1201
1154 1155
1154 1200
1154 1201
1154 1202
1155 1156
1155 1201
1155 1202
1155 1203
1156 1157
1156 1202
1156 1203
1157 1158
1157 1203
1157 1204
1158 1204
1158 1205
1159 1205
1159 1206
1159 1207
1160 1161
1160 1208
1160 1209
1160 1210
1161 1162
1161 1209
1161 1210
1161 1211
1162 1163
1162 1210
1162 1211
1162 1212
1163 1211
1163 1212
1164 1165
1164 1213
1164 1214
1165 1166
1165 1213
1165 1214
1166 1214
1167 1168
1167 1215
1167 1216
1168 1169
1168 1215
1168 1216
1168 1217
1169 1170
1169 1216
1169 1217
1169 1218
1170 1217
1170 1218
1170 1219
1171 1172
1171 1219
1171 1220
1172 1173
1172 1220
1172 1221
1173 1174
1173 1221
1173 1222
1174 1175
1174 1221
1174 1222
1174 1223
1175 1222
1175 1223
1175 1224
1176 1177
1176 1224
1176 1225
1176 1226
1177 1178
1177 1225
1177 1226
1177 1227
1178 1179
1178 1226
1178 1227
1179 1227
1180 1228
1180 1229
1181 1182
1181 1230
1181 1231
1181 1232
1182 1183
1182 1231
1182 1232
1182 1233
1183 1232
1183 1233
1183 1234
1184 1234
1184 1235
1185 1186
1185 1235
1185 1236
1186 1187
1186 1236
1186 1237
1187 1237
1187 1238
1188 1189
1188 1238
1188 1239
1189 1190
1189 1239
1189 1240
1190 1191
1190 1240
1190 1241
1191 1192
1191 1240
1191 1241
1192 1193
1192 1241
1192 1242
1193 1194
1193 1242
1193 1243
1194 1195
1194 1242
1194 1243
1194 1244
1195 1196
1195 1243
1195 1244
1195 1245
1196 1197
1196 1244
1196 1245
1196 1246
1197 1245
1197 1246
1197 1247
1198 1199
1198 1247
1198 1248
1198 1249
1199 1200
1199 1248
1199 1249
1199 1250
1200 1201
1200 1249
1200 1250
1200 1251
1201 1202
1201 1250
1201 1251
1201 1252
1202 1203
1202 1251
1202 1252
1202 1253
1203 1252
1203 1253
1203 1254
1204 1205
1204 1254
1204 1255
1204 1256
1205 1206
1205 1255
1205 1256
1205 1257
1206 1207
1206 1256
1206 1257
1207 1208
1207 1257
1207 1258
1208 1209
1208 1258
1208 1259
1209 1210
1209 1258
1209 1259
1209 1260
1210 1211
1210 1259
1210 1260
1210 1261
1211 1212
1211 1260
1211 1261
1211 1262
1212 1261
1212 1262
1212 1263
1213 1214
1213 1263
1213 1264
1213 1265
1214 1264
1214 1265
1214 1266
1215 1216
1215 1267
1215 1268
1216 1217
1216 1267
1216 1268
1216 1269
1217 1218
1217 1268
1217 1269
1217 1270
1218 1219
1218 1269
1218 1270
1218 1271
1219 1220
1219 1270
1219 1271
1220 1271
1220 1272
1221 1222
1221 1272
1221 1273
1222 1223
1222 1273
1222 1274
1223 1224
1223 1273
1223 1274
1223 1275
1224 1225
1224 1274
1224 1275
1225 1226
1225 1275
1225 1276
1226 1227
1226 1276
1226 1277
1227 1276
1227 1277
1227 1278
1228 1229
1228 1279
1228 1280
1229 1230
1229 1279
1229 1280
1229 1281
1230 1231
1230 1280
1230 1281
1231 1232
1231 1281
1231 1282
1232 1233
1232 1282
1232 1283
1233 1234
1233 1282
1233 1283
1234 1283
1234 1284
1235 1236
1235 1284
1235 1285
1235 1286
1236 1285
1236 1286
1236 1287
1237 1238
1237 1287
1237 1288
1237 1289
1238 1239
1238 1288
1238 1289
1238 1290
1239 1289
1239 1290
1239 1291
1240 1241
1240 1291
1240 1292
1241 1292
1241 1293
1242 1243
1242 1293
1242 1294
1242 1295
1243 1244
1243 1294
1243 1295
1243 1296
1244 1245
1244 1295
1244 1296
1244 1297
1245 1246
1245 1296
1245 1297
1245 1298
1246 1247
1246 1297
1246 1298
1247 1248
1247 1298
1247 1299
1248 1249
1248 1299
1248 1300
1249 1250
1249 1299
1249 1300
1249 1301
1250 1251
1250 1300
1250 1301
1251 1252
1251 1301
1251 1302
1252 1253
1252 1302
1252 1303
1253 1254
1253 1302
1253 1303
1253 1304
1254 1255
1254 1303
1254 1304
1255 1256
1255 1304
1255 1305
1256 1257
1256 1305
1257 1305
1257 1306
1258 1259
1258 1306
1258 1307
1258 1308
1259 1260
1259 1307
1259 1308
1259 1309
1260 1261
1260 1308
1260 1309
1260 1310
1261 1262
1261 1309
1261 1310
1261 1311
1262 1263
1262 1310
1262 1311
1262 1312
1263 1264
1263 1311
1263 1312
1263 1313
1264 1265
1264 1312
1264 1313
1264 1314
1265 1266
1265 1313
1265 1314
1265 1315
1266 1314
1266 1315
1267 1268
1267 1316
1268 1269
1268 1316
1268 1317
1269 1270
1269 1317
1269 1318
1270 1271
1270 1317
1270 1318
1270 1319
1271 1318
1271 1319
1271 1320
1272 1320
1272 1321
1272 1322
1273 1274
1273 1322
1273 1323
1273 1324
1274 1275
1274 1323
1274 1324
1274 1325
1275 1324
1275 1325
1275 1326
1276 1277
1276 1326
1276 1327
1276 1328
1277 1278
1277 1327
1277 1328
1277 1329
1278 1328
1278 1329
1279 1280
1279 1330
1279 1331
1280 1281
1280 1330
1280 1331
1280 1332
1281 1331
1281 1332
1281 1333
1282 1283
1282 1333
1282 1334
1283 1334
1283 1335
1284 1285
1284 1335
1284 1336
1285 1286
1285 1336
1285 1337
1286 1287
1286 1337
1286 1338
1287 1288
1287 1337
1287 1338
1287 1339
1288 1289
1288 1338
1288 1339
1288 1340
1289 1290
1289 1339
1289 1340
1289 1341
1290 1291
1290 1340
1290 1341
1290 1342
1291 1341
1291 1342
1291 1343
1292 1293
1292 1343
1292 1344
1292 1345
1293 1294
1293 1344
1293 1345
1293 1346
1294 1295
1294 1345
1294 1346
1294 1347
1295 1296
1295 1346
1295 1347
1295 1348
1296 1297
1296 1347
1296 1348
1297 1298
1297 1348
1298 1349
1299 1300
1299 1349
1300 1301
1300 1350
1301 1350
1301 1351
1302 1303
1302 1351
1302 1352
1303 1304
1303 1352
1303 1353
1304 1353
1305 1354
1305 1355
1306 1307
1306 1355
1306 1356
1306 1357
1307 1308
1307 1356
1307 1357
1307 1358
1308 1309
1308 1357
1308 1358
1308 1359
1309 1310
1309 1358
1309 1359
1309 1360
1310 1311
1310 1359
1310 1360
1310 1361
1311 1312
1311 1360
1311 1361
1312 1313
1312 1361
1312 1362
1313 1314
1313 1362
1314 1315
1314 1362
1314 1363
1315 1363
1315 1364
1316 1364
1316 1365
1316 1366
1317 1318
1317 1366
1318 1319
1319 1320
1319 1367
1320 1321
1320 1367
1320 1368
1321 1322
1321 1367
1321 1368
1321 1369
1322 1323
1322 1368
1322 1369
1322 1370
1323 1324
1323 1369
1323 1370
1323 1371
1324 1325
1324 1370
1324 1371
1324 1372
1325 1326
1325 1371
1325 1372
1325 1373
1326 1327
1326 1372
1326 1373
1327 1328
1327 1373
1327 1374
1328 1329
1328 1374
1329 1374
1330 1331
1330 1375
1331 1332
1331 1375
1332 1333
1332 1375
1332 1376
1333 1334
1333 1376
1333 1377
1334 1376
1334 1377
1335 1336
1335 1378
1335 1379
1336 1378
1336 1379
1337 1338
1337 1380
1337 1381
1338 1339
1338 1380
1338 1381
1338 1382
1339 1340
1339 1381
1339 1382
1339 1383
1340 1341
1340 1382
1340 1383
1340 1384
1341 1342
1341 1383
1341 1384
1341 1385
1342 1343
1342 1384
1342 1385
1342 1386
1343 1344
1343 1385
1343 1386
1343 1387
1344 1345
1344 1386
1344 1387
1345 1346
1345 1387
1345 1388
1346 1347
1346 1388
1347 1348
1347 1388
1348 1389
1349 1390
1349 1391
1350 1351
1350 1392
1350 1393
1350 1394
1351 1352
1351 1393
1351 1394
1351 1395
1352 1394
1352 1395
1352 1396
1353 1396
1353 1397
1353 1398
1354 1355
1354 1398
1354 1399
1354 1400
1355 1356
1355 1399
1355 1400
1355 1401
1356 1357
1356 1400
1356 1401
1357 1358
1357 1401
1357 1402
1358 1359
1358 1402
1358 1403
1359 1360
1359 1402
1359 1403
1359 1404
1360 1361
1360 1403
1360 1404
1360 1405
1361 1404
1361 1405
1361 1406
1362 1406
1362 1407
1362 1408
1363 1364
1363 1408
1363 1409
1363 1410
1364 1365
1364 1409
1364 1410
1364 1411
1365 1366
1365 1410
1365 1411
1365 1412
1366 1411
1366 1412
1366 1413
1367 1368
1367 1415
1367 1416
1368 1369
1368 1416
1369 1370
1369 1416
1369 1417
1370 1371
1370 1417
1370 1418
1371 1372
1371 1417
1371 1418
1372 1373
1372 1418
1372 1419
1373 1419
1374 1420
1374 1421
1375 1422
1375 1423
1375 1424
1376 1377
1376 1424
1376 1425
1376 1426
1377 1425
1377 1426
1377 1427
1378 1379
1378 1427
1378 1428
1379 1428
1379 1429
1380 1381
1380 1429
1380 1430
1380 1431
1381 1382
1381 1430
1381 1431
1381 1432
1382 1383
1382 1431
1382 1432
1382 1433
1383 1384
1383 1432
1383 1433
1383 1434
1384 1385
1384 1433
1384 1434
1384 1435
1385 1386
1385 1434
1385 1435
1386 1387
1386 1435
1386 1436
1387 1436
1387 1437
1388 1437
1388 1438
1388 1439
1389 1440
1389 1441
1389 1442
1390 1391
1390 1442
1390 1443
1390 1444
1391 1392
1391 1443
1391 1444
1391 1445
1392 1393
1392 1444
1392 1445
1393 1394
1393 1445
1393 1446
1394 1395
1394 1446
1394 1447
1395 1396
1395 1446
1395 1447
1396 1397
1396 1447
1396 1448
1397 1398
1397 1448
1397 1449
1398 1399
1398 1448
1398 1449
1398 1450
1399 1400
1399 1449
1399 1450
1399 1451
1400 1401
1400 1450
1400 1451
1400 1452
1401 1451
1401 1452
1401 1453
1402 1403
1402 1453
1402 1454
1402 1455
1403 1404
1403 1454
1403 1455
1403 1456
1404 1405
1404 1455
1404 1456
1404 1457
1405 1406
1405 1456
1405 1457
1405 1458
1406 1407
1406 1457
1406 1458
1406 1459
1407 1408
1407 1458
1407 1459
1407 1460
1408 1409
1408 1459
1408 1460
1408 1461
1409 1410
1409 1460
1409 1461
1409 1462
1410 1411
1410 1461
1410 1462
1410 1463
1411 1412
1411 1462
1411 1463
1412 1413
1412 1463
1412 1464
1413 1414
1413 1464
1414 1415
1414 1464
1414 1465
1415 1465
1416 1466
1417 1418
1417 1467
1418 1467
1418 1468
1419 1468
1419 1469
1420 1421
1420 1469
1420 1470
1420 1471
1421 1470
1421 1471
1422 1423
1422 1472
1423 1424
1423 1472
1424 1425
1424 1472
1424 1473
1425 1426
1425 1473
1426 1427
1426 1473
1427 1474
1428 1429
1428 1474
1428 1475
1428 1476
1429 1430
1429 1475
1429 1476
1429 1477
1430 1431
1430 1476
1430 1477
1430 1478
1431 1432
1431 1477
1431 1478
1431 1479
1432 1433
1432 1478
1432 1479
1432 1480
1433 1434
1433 1479
1433 1480
1434 1435
1434 1480
1434 1481
1435 1481
1435 1482
1436 1437
1436 1482
1436 1483
1437 1438
1437 1483
1438 1439
1438 1484
1439 1440
1439 1484
1439 1485
1440 1441
1440 1484
1440 1485
1440 1486
1441 1442
1441 1485
1441 1486
1442 1443
1442 1486
1442 1487
1443 1444
1443 1487
1443 1488
1444 1445
1444 1487
1444 1488
1444 1489
1445 1488
1445 1489
1445 1490
1446 1447
1446 1490
1446 1491
1446 1492
1447 1491
1447 1492
1447 1493
1448 1449
1448 1493
1448 1494
1448 1495
1449 1450
1449 1494
1449 1495
1449 1496
1450 1451
1450 1495
1450 1496
1451 1452
1451 1496
1451 1497
1452 1453
1452 1497
1452 1498
1453 1454
1453 1497
1453 1498
1453 1499
1454 1455
1454 1498
1454 1499
1455 1456
1455 1499
1455 1500
1456 1457
1456 1500
1457 1458
1457 1500
1457 1501
1458 1459
1458 1501
1458 1502
1459 1460
1459 1501
1459 1502
1459 1503
1460 1461
1460 1502
1460 1503
1460 1504
1461 1462
1461 1503
1461 1504
1462 1463
1462 1504
1462 1505
1463 1505
1463 1506
1464 1506
1464 1507
1464 1508
1465 1508
1465 1509
1465 1510
1466 1510
1466 1511
1466 1512
1467 1512
1467 1513
1468 1514
1469 1470
1469 1514
1469 1515
1469 1516
1470 1471
1470 1515
1470 1516
1470 1517
1471 1516
1471 1517
1472 1518
1472 1519
1472 1520
1473 1520
1473 1521
1473 1522
1474 1475
1474 1523
1474 1524
1474 1525
1475 1476
1475 1524
1475 1525
1476 1477
1476 1525
1477 1478
1477 1526
1478 1479
1478 1526
1478 1527
1479 1480
1479 1526
1479 1527
1479 1528
1480 1527
1480 1528
1480 1529
1481 1482
1481 1529
1481 1530
1481 1531
1482 1483
1482 1530
1482 1531
1482 1532
1483 1531
1483 1532
1483 1533
1484 1485
1484 1534
1484 1535
1484 1536
1485 1486
1485 1535
1485 1536
1485 1537
1486 1536
1486 1537
1486 1538
1487 1488
1487 1538
1487 1539
1487 1540
1488 1489
1488 1539
1488 1540
1488 1541
1489 1490
1489 1540
1489 1541
1489 1542
1490 1491
1490 1541
1490 1542
1491 1492
1491 1542
1491 1543
1492 1493
1492 1543
1492 1544
1493 1494
1493 1543
1493 1544
1493 1545
1494 1495
1494 1544
1494 1545
1494 1546
1495 1496
1495 1545
1495 1546
1496 1546
1497 1498
1497 1547
1497 1548
1498 1499
1498 1547
1498 1548
1498 1549
1499 1548
1499 1549
1499 1550
1500 1550
1500 1551
1500 1552
1501 1502
1501 1552
1501 1553
1501 1554
1502 1503
1502 1553
1502 1554
1502 1555
1503 1504
1503 1554
1503 1555
1503 1556
1504 1555
1504 1556
1504 1557
1505 1506
1505 1557
1505 1558
1506 1507
1506 1558
1506 1559
1507 1508
1507 1559
1507 1560
1508 1509
1508 1559
1508 1560
1508 1561
1509 1510
1509 1560
1509 1561
1509 1562
1510 1511
1510 1561
1510 1562
1510 1563
1511 1512
1511 1562
1511 1563
1512 1513
1512 1563
1512 1564
1513 1564
1513 1565
1514 1515
1514 1566
1514 1567
1515 1516
1515 1567
1515 1568
1516 1517
1516 1567
1516 1568
1517 1568
1518 1519
1518 1569
1518 1570
1519 1520
1519 1569
1519 1570
1520 1521
1520 1570
1521 1522
1521 1571
1522 1523
1522 1571
1523 1524
1523 1571
1523 1572
1524 1525
1524 1572
1524 1573
1525 1572
1525 1573
1525 1574
1526 1527
1526 1575
1526 1576
1526 1577
1527 1528
1527 1576
1527 1577
1527 1578
1528 1529
1528 1577
1528 1578
1528 1579
1529 1530
1529 1578
1529 1579
1529 1580
1530 1531
1530 1579
1530 1580
1530 1581
1531 1532
1531 1580
1531 1581
1531 1582
1532 1533
1532 1581
1532 1582
1532 1583
1533 1534
1533 1582
1533 1583
1533 1584
1534 1535
1534 1583
1534 1584
1535 1536
1535 1584
1535 1585
1536 1537
1536 1585
1537 1538
1537 1585
1537 1586
1538 1539
1538 1586
1539 1540
1539 1586
1539 1587
1540 1541
1540 1587
1540 1588
1541 1542
1541 1587
1541 1588
1541 1589
1542 1588
1542 1589
1543 1544
1543 1590
1543 1591
1544 1545
1544 1590
1544 1591
1544 1592
1545 1546
1545 1591
1545 1592
1545 1593
1546 1592
1546 1593
1547 1548
1547 1594
1547 1595
1548 1549
1548 1594
1548 1595
1548 1596
1549 1550
1549 1595
1549 1596
1549 1597
1550 1551
1550 1596
1550 1597
1550 1598
1551 1552
1551 1597
1551 1598
1551 1599
1552 1553
1552 1598
1552 1599
1552 1600
1553 1554
1553 1599
1553 1600
1554 1555
1554 1600
1554 1601
1555 1556
1555 1601
1555 1602
1556 1557
1556 1601
1556 1602
1556 1603
1557 1558
1557 1602
1557 1603
1557 1604
1558 1603
1558 1604
1558 1605
1559 1560
1559 1605
1559 1606
1559 1607
1560 1561
1560 1606
1560 1607
1560 1608
1561 1562
1561 1607
1561 1608
1561 1609
1562 1563
1562 1608
1562 1609
1563 1609
1563 1610
1564 1565
1564 1610
1564 1611
1564 1612
1565 1566
1565 1611
1565 1612
1566 1612
1566 1613
1567 1568
1567 1613
1567 1614
1568 1614
1568 1615
1569 1570
1569 1616
1569 1617
1570 1616
1570 1617
1570 1618
1571 1619
1571 1620
1572 1573
1572 1620
1572 1621
1572 1622
1573 1574
1573 1621
1573 1622
1574 1575
1574 1622
1574 1623
1575 1576
1575 1623
1575 1624
1576 1577
1576 1623
1576 1624
1576 1625
1577 1578
1577 1624
1577 1625
1577 1626
1578 1579
1578 1625
1578 1626
1578 1627
1579 1580
1579 1626
1579 1627
1579 1628
1580 1581
1580 1627
1580 1628
1580 1629
1581 1582
1581 1628
1581 1629
1581 1630
1582 1583
1582 1629
1582 1630
1582 1631
1583 1584
1583 1630
1583 1631
1584 1631
1584 1632
1585 1632
1585 1633
1586 1634
1586 1635
1587 1588
1587 1635
1587 1636
1588 1589
1588 1636
1588 1637
1589 1637
1589 1638
1590 1591
1590 1638
1590 1639
1591 1592
1591 1639
1592 1593
1592 1639
1593 1640
1594 1595
1594 1641
1594 1642
1595 1596
1595 1641
1595 1642
1595 1643
1596 1597
1596 1642
1596 1643
1596 1644
1597 1598
1597 1643
1597 1644
1597 1645
1598 1599
1598 1644
1598 1645
1598 1646
1599 1600
1599 1645
1599 1646
1599 1647
1600 1646
1600 1647
1600 1648
1601 1602
1601 1648
1601 1649
1602 1603
1602 1649
1602 1650
1603 1604
1603 1650
1603 1651
1604 1605
1604 1650
1604 1651
1604 1652
1605 1606
1605 1651
1605 1652
1605 1653
1606 1607
1606 1652
1606 1653
1606 1654
1607 1608
1607 1653
1607 1654
1608 1609
1608 1654
1608 1655
1609 1655
1609 1656
1610 1611
1610 1656
1610 1657
1610 1658
1611 1612
1611 1657
1611 1658
1611 1659
1612 1658
1612 1659
1612 1660
1613 1660
1613 1661
1613 1662
1614 1615
1614 1662
1614 1663
1614 1664
1615 1663
1615 1664
1616 1617
1616 1665
1617 1618
1617 1665
1617 1666
1618 1619
1618 1665
1618 1666
1619 1666
1619 1667
1620 1621
1620 1667
1620 1668
1620 1669
1621 1622
1621 1668
1621 1669
1621 1670
1622 1669
1622 1670
1622 1671
1623 1624
1623 1671
1623 1672
1623 1673
1624 1625
1624 1672
1624 1673
1624 1674
1625 1626
1625 1673
1625 1674
1625 1675
1626 1627
1626 1674
1626 1675
1626 1676
1627 1628
1627 1675
1627 1676
1627 1677
1628 1629
1628 1676
1628 1677
1628 1678
1629 1630
1629 1677
1629 1678
1630 1631
1630 1678
1631 1679
1632 1633
1632 1679
1632 1680
1632 1681
1633 1680
1633 1681
1634 1635
1634 1682
1635 1636
1635 1682
1635 1683
1636 1683
1636 1684
1637 1638
1637 1684
1637 1685
1637 1686
1638 1685
1638 1686
1638 1687
1639 1687
1639 1688
1639 1689
1640 1690
1640 1691
1641 1642
1641 1692
1641 1693
1642 1643
1642 1692
1642 1693
1642 1694
1643 1644
1643 1693
1643 1694
1643 1695
1644 1645
1644 1694
1644 1695
1644 1696
1645 1646
1645 1695
1645 1696
1645 1697
1646 1647
1646 1696
1646 1697
1646 1698
1647 1648
1647 1697
1647 1698
1648 1649
1648 1698
1648 1699
1649 1699
1649 1700
1650 1651
1650 1700
1650 1701
1651 1652
1651 1701
1651 1702
1652 1653
1652 1701
1652 1702
1652 1703
1653 1654
1653 1702
1653 1703
1653 1704
1654 1703
1654 1704
1654 1705
1655 1656
1655 1705
1655 1706
1655 1707
1656 1657
1656 1706
1656 1707
1656 1708
1657 1658
1657 1707
1657 1708
1657 1709
1658 1659
1658 1708
1658 1709
1658 1710
1659 1660
1659 1709
1659 1710
1659 1711
1660 1661
1660 1710
1660 1711
1660 1712
1661 1662
1661 1711
1661 1712
1661 1713
1662 1663
1662 1712
1662 1713
1662 1714
1663 1664
1663 1713
1663 1714
1663 1715
1664 1714
1664 1715
1665 1666
1665 1716
1665 1717
1666 1716
1666 1717
1667 1668
1667 1718
1668 1669
1668 1718
1669 1670
1669 1719
1670 1671
1670 1719
1671 1672
1671 1719
1672 1673
1672 1720
1673 1674
1673 1720
1673 1721
1674 1675
1674 1720
1674 1721
1674 1722
1675 1676
1675 1721
1675 1722
1675 1723
1676 1677
1676 1722
1676 1723
1676 1724
1677 1678
1677 1723
1677 1724
1678 1724
1678 1725
1679 1680
1679 1726
1679 1727
1680 1681
1680 1727
1680 1728
1681 1728
1682 1729
1682 1730
1683 1684
1683 1730
1683 1731
1683 1732
1684 1685
1684 1731
1684 1732
1684 1733
1685 1686
1685 1732
1685 1733
1685 1734
1686 1687
1686 1733
1686 1734
1686 1735
1687 1688
1687 1734
1687 1735
1688 1689
1688 1735
1688 1736
1689 1690
1689 1736
1690 1691
1690 1736
1690 1737
1691 1737
1691 1738
1692 1693
1692 1738
1692 1739
1692 1740
1693 1694
1693 1739
1693 1740
1694 1695
1694 1740
1694 1741
1695 1696
1695 1741
1695 1742
1696 1697
1696 1741
1696 1742
1696 1743
1697 1698
1697 1742
1697 1743
1697 1744
1698 1743
1698 1744
1699 1700
1699 1745
1699 1746
1700 1745
1700 1746
1700 1747
1701 1702
1701 1747
1701 1748
1701 1749
1702 1703
1702 1748
1702 1749
1702 1750
1703 1704
1703 1749
1703 1750
1703 1751
1704 1705
1704 1750
1704 1751
1704 1752
1705 1706
1705 1751
1705 1752
1705 1753
1706 1707
1706 1752
1706 1753
1706 1754
1707 1708
1707 1753
1707 1754
1708 1709
1708 1754
1708 1755
1709 1710
1709 1755
1709 1756
1710 1711
1710 1755
1710 1756
1710 1757
1711 1712
1711 1756
1711 1757
1711 1758
1712 1713
1712 1757
1712 1758
1712 1759
1713 1714
1713 1758
1713 1759
1713 1760
1714 1715
1714 1759
1714 1760
1714 1761
1715 1760
1715 1761
1716 1717
1716 1762
1716 1763
1717 1763
1717 1764
1718 1764
1718 1765
1718 1766
1719 1767
1720 1721
1720 1768
1720 1769
1720 1770
1721 1722
1721 1769
1721 1770
1721 1771
1722 1723
1722 1770
1722 1771
1722 1772
1723 1724
1723 1771
1723 1772
1723 1773
1724 1772
1724 1773
1724 1774
1725 1726
1725 1774
1725 1775
1725 1776
1726 1727
1726 1775
1726 1776
1726 1777
1727 1776
1727 1777
1727 1778
1728 1778
1728 1779
1728 1780
1729 1730
1729 1780
1729 1781
1729 1782
1730 1731
1730 1781
1730 1782
1731 1732
1731 1782
1731 1783
1732 1733
1732 1783
1732 1784
1733 1734
1733 1783
1733 1784
1733 1785
1734 1735
1734 1784
1734 1785
1734 1786
1735 1785
1735 1786
1735 1787
1736 1787
1736 1788
1736 1789
1737 1738
1737 1789
1737 1790
1738 1739
1738 1790
1738 1791
1739 1740
1739 1790
1739 1791
1739 1792
1740 1791
1740 1792
1740 1793
1741 1742
1741 1793
1741 1794
1742 1743
1742 1794
1742 1795
1743 1744
1743 1795
1743 1796
1744 1795
1744 1796
1744 1797
1745 1746
1745 1797
1745 1798
1745 1799
1746 1747
1746 1798
1746 1799
1747 1748
1747 1799
1747 1800
1748 1749
1748 1800
1748 1801
1749 1750
1749 1800
1749 1801
1749 1802
1750 1751
1750 1801
1750 1802
1750 1803
1751 1752
1751 1802
1751 1803
1751 1804
1752 1753
1752 1803
1752 1804
1752 1805
1753 1754
1753 1804
1753 1805
1753 1806
1754 1805
1754 1806
1754 1807
1755 1756
1755 1807
1755 1808
1755 1809
1756 1757
1756 1808
1756 1809
1756 1810
1757 1758
1757 1809
1757 1810
1757 1811
1758 1759
1758 1810
1758 1811
1758 1812
1759 1760
1759 1811
1759 1812
1759 1813
1760 1761
1760 1812
1760 1813
1760 1814
1761 1813
1761 1814
1762 1763
1762 1815
1762 1816
1763 1815
1763 1816
1764 1765
1764 1817
1764 1818
1765 1766
1765 1817
1765 1818
1765 1819
1766 1818
1766 1819
1766 1820
1767 1768
1767 1821
1767 1822
1768 1769
1768 1822
1768 1823
1769 1770
1769 1823
1769 1824
1770 1771
1770 1823
1770 1824
1770 1825
1771 1772
1771 1824
1771 1825
1772 1773
1772 1825
1772 1826
1773 1774
1773 1826
1774 1775
1774 1826
1774 1827
1775 1776
1775 1827
1775 1828
1776 1777
1776 1827
1776 1828
1776 1829
1777 1778
1777 1828
1777 1829
1777 1830
1778 1779
1778 1829
1778 1830
1779 1780
1779 1830
1780 1781
1781 1782
1781 1831
1782 1831
1782 1832
1783 1784
1783 1832
1783 1833
1784 1785
1784 1833
1785 1786
1785 1833
1785 1834
1786 1787
1786 1834
1786 1835
1787 1788
1787 1834
1787 1835
1787 1836
1788 1789
1788 1835
1788 1836
1788 1837
1789 1836
1789 1837
1789 1838
1790 1791
1790 1838
1790 1839
1791 1792
1791 1839
1791 1840
1792 1793
1792 1839
1792 1840
1792 1841
1793 1794
1793 1840
1793 1841
1793 1842
1794 1841
1794 1842
1795 1796
1795 1843
1795 1844
1796 1797
1796 1843
1796 1844
1796 1845
1797 1798
1797 1844
1797 1845
1797 1846
1798 1799
1798 1845
1798 1846
1798 1847
1799 1846
1799 1847
1799 1848
1800 1801
1800 1848
1800 1849
1800 1850
1801 1802
1801 1849
1801 1850
1801 1851
1802 1803
1802 1850
1802 1851
1802 1852
1803 1804
1803 1851
1803 1852
1803 1853
1804 1805
1804 1852
1804 1853
1804 1854
1805 1806
1805 1853
1805 1854
1805 1855
1806 1807
1806 1854
1806 1855
1806 1856
1807 1808
1807 1855
1807 1856
1807 1857
1808 1809
1808 1856
1808 1857
1808 1858
1809 1810
1809 1857
1809 1858
1809 1859
1810 1811
1810 1858
1810 1859
1810 1860
1811 1812
1811 1859
1811 1860
1811 1861
1812 1813
1812 1860
1812 1861
1812 1862
1813 1814
1813 1861
1813 1862
1813 1863
1814 1862
1814 1863
1815 1816
1815 1864
1815 1865
1816 1864
1816 1865
1816 1866
1817 1818
1817 1866
1817 1867
1817 1868
1818 1819
1818 1867
1818 1868
1818 1869
1819 1820
1819 1868
1819 1869
1819 1870
1820 1821
1820 1869
1820 1870
1820 1871
1821 1822
1821 1870
1821 1871
1821 1872
1822 1871
1822 1872
1822 1873
1823 1824
1823 1873
1823 1874
1823 1875
1824 1825
1824 1874
1824 1875
1825 1875
1825 1876
1826 1876
1826 1877
1826 1878
1827 1828
1827 1878
1827 1879
1828 1829
1828 1879
1828 1880
1829 1830
1829 1879
1829 1880
1829 1881
1830 1880
1830 1881
1830 1882
1831 1832
1831 1884
1832 1885
1833 1885
1833 1886
1833 1887
1834 1835
1834 1887
1834 1888
1834 1889
1835 1836
1835 1888
1835 1889
1836 1837
1836 1889
1836 1890
1837 1838
1837 1890
1838 1890
1838 1891
1839 1840
1839 1891
1839 1892
1839 1893
1840 1841
1840 1892
1840 1893
1841 1842
1841 1893
1841 1894
1842 1894
1842 1895
1843 1844
1843 1895
1843 1896
1843 1897
1844 1845
1844 1896
1844 1897
1844 1898
1845 1846
1845 1897
1845 1898
1845 1899
1846 1847
1846 1898
1846 1899
1846 1900
1847 1848
1847 1899
1847 1900
1847 1901
1848 1849
1848 1900
1848 1901
1849 1850
1849 1901
1849 1902
1850 1851
1850 1902
1850 1903
1851 1852
1851 1902
1851 1903
1851 1904
1852 1853
1852 1903
1852 1904
1852 1905
1853 1854
1853 1904
1853 1905
1853 1906
1854 1855
1854 1905
1854 1906
1854 1907
1855 1856
1855 1906
1855 1907
1855 1908
1856 1857
1856 1907
1856 1908
1857 1858
1857 1908
1857 1909
1858 1859
1858 1909
1858 1910
1859 1860
1859 1909
1859 1910
1859 1911
1860 1861
1860 1910
1860 1911
1860 1912
1861 1862
1861 1911
1861 1912
1862 1863
1862 1912
1862 1913
1863 1913
1864 1865
1864 1914
1864 1915
1865 1866
1865 1914
1865 1915
1865 1916
1866 1867
1866 1915
1866 1916
1866 1917
1867 1868
1867 1916
1867 1917
1868 1869
1868 1917
1869 1870
1869 1918
1870 1871
1870 1918
1871 1872
1871 1918
1871 1919
1872 1873
1872 1919
1872 1920
1873 1874
1873 1919
1873 1920
1873 1921
1874 1875
1874 1920
1874 1921
1874 1922
1875 1921
1875 1922
1876 1877
1876 1923
1877 1878
1877 1923
1877 1924
1878 1924
1878 1925
1879 1880
1879 1925
1879 1926
1879 1927
1880 1881
1880 1926
1880 1927
1880 1928
1881 1882
1881 1927
1881 1928
1881 1929
1882 1883
1882 1928
1882 1929
1882 1930
1883 1884
1883 1929
1883 1930
1883 1931
1884 1930
1884 1931
1885 1886
1885 1932
1885 1933
1886 1887
1886 1932
1886 1933
1886 1934
1887 1888
1887 1933
1887 1934
1887 1935
1888 1889
1888 1934
1888 1935
1889 1935
1889 1936
1890 1936
1890 1937
1891 1892
1891 1938
1891 1939
1892 1893
1892 1938
1892 1939
1892 1940
1893 1939
1893 1940
1894 1895
1894 1941
1894 1942
1895 1896
1895 1941
1895 1942
1895 1943
1896 1897
1896 1942
1896 1943
1896 1944
1897 1898
1897 1943
1897 1944
1897 1945
1898 1899
1898 1944
1898 1945
1899 1900
1899 1945
1899 1946
1900 1901
1900 1946
1900 1947
1901 1946
1901 1947
1901 1948
1902 1903
1902 1948
1902 1949
1902 1950
1903 1904
1903 1949
1903 1950
1903 1951
1904 1905
1904 1950
1904 1951
1904 1952
1905 1906
1905 1951
1905 1952
1905 1953
1906 1907
1906 1952
1906 1953
1907 1908
1907 1953
1907 1954
1908 1954
1908 1955
1909 1910
1909 1955
1909 1956
1909 1957
1910 1911
1910 1956
1910 1957
1911 1912
1911 1957
1911 1958
1912 1958
1912 1959
1913 1959
1914 1915
1914 1960
1914 1961
1915 1916
1915 1960
1915 1961
1916 1917
1916 1961
1918 1962
1918 1963
1918 1964
1919 1920
1919 1964
1919 1965
1919 1966
1920 1921
1920 1965
1920 1966
1920 1967
1921 1922
1921 1966
1921 1967
1921 1968
1922 1967
1922 1968
1922 1969
1923 1969
1923 1970
1924 1925
1924 1970
1924 1971
1924 1972
1925 1926
1925 1971
1925 1972
1925 1973
1926 1927
1926 1972
1926 1973
1927 1928
1927 1973
1927 1974
1928 1929
1928 1974
1928 1975
1929 1930
1929 1974
1929 1975
1929 1976
1930 1931
1930 1975
1930 1976
1931 1976
1931 1977
1932 1933
1932 1978
1932 1979
1933 1934
1933 1979
1933 1980
1934 1935
1934 1979
1934 1980
1934 1981
1935 1980
1935 1981
1935 1982
1936 1937
1936 1982
1936 1983
1936 1984
1937 1983
1937 1984
1937 1985
1938 1939
1938 1985
1938 1986
1938 1987
1939 1940
1939 1986
1939 1987
1939 1988
1940 1987
1940 1988
1940 1989
1941 1942
1941 1989
1941 1990
1941 1991
1942 1943
1942 1990
1942 1991
1942 1992
1943 1944
1943 1991
1943 1992
1943 1993
1944 1945
1944 1992
1944 1993
1944 1994
1945 1993
1945 1994
1945 1995
1946 1947
1946 1995
1946 1996
1946 1997
1947 1948
1947 1996
1947 1997
1947 1998
1948 1949
1948 1997
1948 1998
1948 1999
1949 1950
1949 1998
1949 1999
1949 2000
1950 1951
1950 1999
1950 2000
1950 2001
1951 1952
1951 2000
1951 2001
1951 2002
1952 1953
1952 2001
1952 2002
1953 2002
1953 2003
1954 1955
1954 2003
1954 2004
1955 1956
1955 2004
1955 2005
1956 1957
1956 2004
1956 2005
1956 2006
1957 2005
1957 2006
1957 2007
1958 1959
1958 2007
1958 2008
1959 2008
1959 2009
1960 1961
1960 2010
1960 2011
1961 2010
1961 2011
1961 2012
1962 1963
1962 2014
1962 2015
1962 2016
1963 1964
1963 2015
1963 2016
1963 2017
1964 1965
1964 2016
1964 2017
1964 2018
1965 1966
1965 2017
1965 2018
1965 2019
1966 1967
1966 2018
1966 2019
1966 2020
1967 1968
1967 2019
1967 2020
1967 2021
1968 1969
1968 2020
1968 2021
1968 2022
1969 2021
1969 2022
1969 2023
1970 1971
1970 2023
1970 2024
1970 2025
1971 1972
1971 2024
1971 2025
1971 2026
1972 1973
1972 2025
1972 2026
1972 2027
1973 2026
1973 2027
1974 1975
1974 2028
1974 2029
1975 1976
1975 2028
1975 2029
1976 2029
1976 2030
1977 1978
1977 2030
1977 2031
1977 2032
1978 2031
1978 2032
1978 2033
1979 1980
1979 2033
1979 2034
1980 1981
1980 2034
1981 1982
1981 2034
1981 2035
1982 1983
1982 2035
1982 2036
1983 1984
1983 2035
1983 2036
1983 2037
1984 1985
1984 2036
1984 2037
1984 2038
1985 1986
1985 2037
1985 2038
1985 2039
1986 1987
1986 2038
1986 2039
1987 1988
1987 2039
1987 2040
1988 1989
1988 2040
1988 2041
1989 1990
1989 2040
1989 2041
1989 2042
1990 1991
1990 2041
1990 2042
1990 2043
1991 1992
1991 2042
1991 2043
1991 2044
1992 1993
1992 2043
1992 2044
1992 2045
1993 1994
1993 2044
1993 2045
1994 1995
1994 2045
1995 1996
1995 2046
1996 1997
1996 2046
1996 2047
1997 1998
1997 2046
1997 2047
1997 2048
1998 1999
1998 2047
1998 2048
1998 2049
1999 2000
1999 2048
1999 2049
1999 2050
2000 2001
2000 2049
2000 2050
2000 2051
2001 2002
2001 2050
2001 2051
2001 2052
2002 2051
2002 2052
2002 2053
2003 2053
2003 2054
2003 2055
2004 2005
2004 2055
2004 2056
2005 2006
2005 2056
2005 2057
2006 2007
2006 2056
2006 2057
2006 2058
2007 2057
2007 2058
2007 2059
2008 2009
2008 2059
2008 2060
2008 2061
2009 2060
2009 2061
2010 2011
2010 2062
2010 2063
2011 2012
2011 2062
2011 2063
2011 2064
2012 2013
2012 2063
2012 2064
2012 2065
2013 2014
2013 2064
2013 2065
2013 2066
2014 2015
2014 2065
2014 2066
2014 2067
2015 2016
2015 2066
2015 2067
2015 2068
2016 2017
2016 2067
2016 2068
2016 2069
2017 2018
2017 2068
2017 2069
2017 2070
2018 2019
2018 2069
2018 2070
2018 2071
2019 2020
2019 2070
2019 2071
2019 2072
2020 2021
2020 2071
2020 2072
2020 2073
2021 2022
2021 2072
2021 2073
2022 2023
2022 2073
2022 2074
2023 2024
2023 2074
2024 2025
2024 2074
2024 2075
2025 2026
2025 2075
2025 2076
2026 2027
2026 2075
2026 2076
2026 2077
2027 2076
2027 2077
2027 2078
2028 2029
2028 2078
2028 2079
2028 2080
2029 2079
2029 2080
2029 2081
2030 2031
2030 2081
2030 2082
2030 2083
2031 2032
2031 2082
2031 2083
2031 2084
2032 2033
2032 2083
2032 2084
2032 2085
2033 2084
2033 2085
2033 2086
2034 2086
2034 2087
2035 2036
2035 2088
2036 2037
2036 2088
2036 2089
2037 2038
2037 2088
2037 2089
2037 2090
2038 2039
2038 2089
2038 2090
2038 2091
2039 2090
2039 2091
2039 2092
2040 2041
2040 2092
2040 2093
2040 2094
2041 2042
2041 2093
2041 2094
2041 2095
2042 2043
2042 2094
2042 2095
2043 2044
2043 2095
2043 2096
2044 2045
2044 2096
2044 2097
2045 2096
2045 2097
2045 2098
2046 2047
2046 2099
2046 2100
2046 2101
2047 2048
2047 2100
2047 2101
2048 2049
2048 2101
2048 2102
2049 2050
2049 2102
2049 2103
2050 2051
2050 2102
2050 2103
2051 2052
2051 2103
2051 2104
2052 2053
2052 2104
2052 2105
2053 2054
2053 2104
2053 2105
2054 2055
2054 2105
2054 2106
2055 2106
2055 2107
2056 2057
2056 2107
2057 2058
2057 2108
2058 2059
2058 2108
2058 2109
2059 2060
2059 2108
2059 2109
2059 2110
2060 2061
2060 2109
2060 2110
2060 2111
2061 2110
2061 2111
2062 2063
2062 2112
2063 2064
2063 2112
2064 2065
2065 2066
2065 2113
2066 2067
2066 2113
2066 2114
2067 2068
2067 2113
2067 2114
2067 2115
2068 2069
2068 2114
2068 2115
2068 2116
2069 2070
2069 2115
2069 2116
2069 2117
2070 2071
2070 2116
2070 2117
2070 2118
2071 2072
2071 2117
2071 2118
2071 2119
2072 2073
2072 2118
2072 2119
2072 2120
2073 2119
2073 2120
2073 2121
2074 2121
2074 2122
2074 2123
2075 2076
2075 2123
2076 2077
2076 2124
2077 2078
2077 2124
2078 2079
2078 2124
2079 2080
2080 2081
2080 2125
2081 2082
2081 2125
2082 2083
2082 2125
2082 2126
2083 2084
2083 2126
2083 2127
2084 2085
2084 2126
2084 2127
2084 2128
2085 2086
2085 2127
2085 2128
2085 2129
2086 2087
2086 2128
2086 2129
2086 2130
2087 2129
2087 2130
2087 2131
2088 2089
2088 2132
2088 2133
2089 2090
2089 2133
2089 2134
2090 2091
2090 2134
2090 2135
2091 2092
2091 2134
2091 2135
2091 2136
2092 2093
2092 2135
2092 2136
2092 2137
2093 2094
2093 2136
2093 2137
2093 2138
2094 2095
2094 2137
2094 2138
2095 2138
2095 2139
2096 2097
2096 2139
2096 2140
2096 2141
2097 2098
2097 2140
2097 2141
2097 2142
2098 2099
2098 2141
2098 2142
2098 2143
2099 2100
2099 2142
2099 2143
2100 2101
2100 2143
2101 2144
2102 2103
2102 2144
2102 2145
2103 2145
2103 2146
2104 2105
2104 2146
2104 2147
2104 2148
2105 2147
2105 2148
2105 2149
2106 2107
2106 2149
2106 2150
2107 2150
2107 2151
2108 2109
2108 2152
2108 2153
2108 2154
2109 2110
2109 2153
2109 2154
2109 2155
2110 2111
2110 2154
2110 2155
2110 2156
2111 2155
2111 2156
2112 2157
2113 2114
2113 2159
2114 2115
2114 2159
2114 2160
2115 2116
2115 2159
2115 2160
2115 2161
2116 2117
2116 2160
2116 2161
2116 2162
2117 2118
2117 2161
2117 2162
2117 2163
2118 2119
2118 2162
2118 2163
2118 2164
2119 2120
2119 2163
2119 2164
2119 2165
2120 2121
2120 2164
2120 2165
2121 2122
2121 2165
2121 2166
2122 2123
2122 2166
2122 2167
2123 2166
2123 2167
2123 2168
2124 2169
2124 2170
2124 2171
2125 2173
2126 2127
2126 2173
2126 2174
2126 2175
2127 2128
2127 2174
2127 2175
2127 2176
2128 2129
2128 2175
2128 2176
2129 2130
2129 2176
2129 2177
2130 2131
2130 2177
2130 2178
2131 2132
2131 2177
2131 2178
2131 2179
2132 2133
2132 2178
2132 2179
2132 2180
2133 2179
2133 2180
2133 2181
2134 2135
2134 2181
2134 2182
2135 2136
2135 2182
2135 2183
2136 2137
2136 2182
2136 2183
2136 2184
2137 2138
2137 2183
2137 2184
2137 2185
2138 2184
2138 2185
2139 2140
2139 2186
2139 2187
2140 2141
2140 2186
2140 2187
2140 2188
2141 2142
2141 2187
2141 2188
2141 2189
2142 2143
2142 2188
2142 2189
2143 2189
2144 2190
2144 2191
2145 2146
2145 2191
2145 2192
2145 2193
2146 2147
2146 2192
2146 2193
2146 2194
2147 2148
2147 2193
2147 2194
2147 2195
2148 2149
2148 2194
2148 2195
2148 2196
2149 2150
2149 2195
2149 2196
2149 2197
2150 2196
2150 2197
2150 2198
2151 2152
2151 2198
2151 2199
2151 2200
2152 2153
2152 2199
2152 2200
2152 2201
2153 2154
2153 2200
2153 2201
2153 2202
2154 2155
2154 2201
2154 2202
2154 2203
2155 2156
2155 2202
2155 2203
2155 2204
2156 2203
2156 2204
2157 2158
2157 2205
2159 2160
2159 2206
2159 2207
2160 2161
2160 2206
2160 2207
2160 2208
2161 2162
2161 2207
2161 2208
2161 2209
2162 2163
2162 2208
2162 2209
2162 2210
2163 2164
2163 2209
2163 2210
2163 2211
2164 2165
2164 2210
2164 2211
2165 2211
2165 2212
2166 2167
2166 2212
2166 2213
2166 2214
2167 2168
2167 2213
2167 2214
2168 2169
2168 2214
2168 2215
2169 2170
2169 2215
2169 2216
2170 2171
2170 2215
2170 2216
2170 2217
2171 2172
2171 2216
2171 2217
2171 2218
2172 2217
2172 2218
2173 2174
2173 2219
2173 2220
2173 2221
2174 2175
2174 2220
2174 2221
2174 2222
2175 2176
2175 2221
2175 2222
2175 2223
2176 2222
2176 2223
2176 2224
2177 2178
2177 2224
2177 2225
2177 2226
2178 2179
2178 2225
2178 2226
2178 2227
2179 2180
2179 2226
2179 2227
2179 2228
2180 2181
2180 2227
2180 2228
2181 2228
2181 2229
2182 2183
2182 2229
2182 2230
2183 2184
2183 2230
2183 2231
2184 2185
2184 2230
2184 2231
2184 2232
2185 2231
2185 2232
2185 2233
2186 2187
2186 2233
2186 2234
2187 2188
2187 2234
2187 2235
2188 2189
2188 2234
2188 2235
2188 2236
2189 2235
2189 2236
2189 2237
2190 2238
2190 2239
2190 2240
2191 2192
2191 2240
2191 2241
2192 2193
2192 2241
2192 2242
2193 2194
2193 2241
2193 2242
2193 2243
2194 2195
2194 2242
2194 2243
2194 2244
2195 2196
2195 2243
2195 2244
2195 2245
2196 2197
2196 2244
2196 2245
2196 2246
2197 2198
2197 2245
2197 2246
2197 2247
2198 2199
2198 2246
2198 2247
2199 2200
2199 2247
2199 2248
2200 2201
2200 2248
2201 2202
2201 2248
2202 2203
2203 2204
2205 2249
2205 2250
2206 2207
2206 2251
2207 2208
2207 2251
2207 2252
2208 2209
2208 2251
2208 2252
2208 2253
2209 2210
2209 2252
2209 2253
2209 2254
2210 2211
2210 2253
2210 2254
2210 2255
2211 2254
2211 2255
2211 2256
2212 2213
2212 2256
2212 2257
2212 2258
2213 2214
2213 2257
2213 2258
2214 2258
2215 2216
2215 2259
2215 2260
2216 2217
2216 2259
2216 2260
2216 2261
2217 2218
2217 2260
2217 2261
2217 2262
2218 2261
2218 2262
2218 2263
2219 2220
2219 2263
2219 2264
2219 2265
2220 2221
2220 2264
2220 2265
2220 2266
2221 2222
2221 2265
2221 2266
2222 2223
2222 2266
2223 2224
2224 2225
2224 2267
2225 2226
2225 2267
2225 2268
2226 2227
2226 2267
2226 2268
2226 2269
2227 2228
2227 2268
2227 2269
2227 2270
2228 2269
2228 2270
2228 2271
2229 2271
2229 2272
2229 2273
2230 2231
2230 2273
2230 2274
2230 2275
2231 2232
2231 2274
2231 2275
2231 2276
2232 2233
2232 2275
2232 2276
2232 2277
2233 2276
2233 2277
2233 2278
2234 2235
2234 2278
2234 2279
2234 2280
2235 2236
2235 2279
2235 2280
2235 2281
2236 2237
2236 2280
2236 2281
2236 2282
2237 2238
2237 2281
2237 2282
2238 2239
2238 2282
2238 2283
2239 2240
2239 2283
2239 2284
2240 2283
2240 2284
2240 2285
2241 2242
2241 2285
2241 2286
2241 2287
2242 2243
2242 2286
2242 2287
2242 2288
2243 2244
2243 2287
2243 2288
2243 2289
2244 2245
2244 2288
2244 2289
2244 2290
2245 2246
2245 2289
2245 2290
2245 2291
2246 2247
2246 2290
2246 2291
2247 2291
2248 2292
2248 2293
2249 2250
2249 2297
2250 2297
2250 2298
2251 2252
2251 2300
2251 2301
2252 2253
2252 2301
2252 2302
2253 2254
2253 2302
2253 2303
2254 2255
2254 2302
2254 2303
2254 2304
2255 2256
2255 2303
2255 2304
2256 2257
2256 2304
2256 2305
2257 2258
2257 2305
2257 2306
2258 2305
2258 2306
2258 2307
2259 2260
2259 2308
2259 2309
2259 2310
2260 2261
2260 2309
2260 2310
2260 2311
2261 2262
2261 2310
2261 2311
2261 2312
2262 2263
2262 2311
2262 2312
2262 2313
2263 2264
2263 2312
2263 2313
2263 2314
2264 2265
2264 2313
2264 2314
2264 2315
2265 2266
2265 2314
2265 2315
2265 2316
2266 2315
2266 2316
2266 2317
2267 2268
2267 2319
2267 2320
2268 2269
2268 2319
2268 2320
2269 2270
2269 2320
2269 2321
2270 2271
2270 2321
2270 2322
2271 2272
2271 2321
2271 2322
2271 2323
2272 2273
2272 2322
2272 2323
2272 2324
2273 2274
2273 2323
2273 2324
2274 2275
2274 2324
2274 2325
2275 2276
2275 2325
2275 2326
2276 2277
2276 2325
2276 2326
2276 2327
2277 2278
2277 2326
2277 2327
2277 2328
2278 2279
2278 2327
2278 2328
2278 2329
2279 2280
2279 2328
2279 2329
2279 2330
2280 2281
2280 2329
2280 2330
2280 2331
2281 2282
2281 2330
2281 2331
2281 2332
2282 2331
2282 2332
2282 2333
2283 2284
2283 2333
2283 2334
2283 2335
2284 2285
2284 2334
2284 2335
2284 2336
2285 2286
2285 2335
2285 2336
2286 2287
2286 2336
2286 2337
2287 2288
2287 2337
2287 2338
2288 2289
2288 2337
2288 2338
2288 2339
2289 2290
2289 2338
2289 2339
2290 2291
2290 2339
2290 2340
2291 2340
2291 2341
2292 2293
2292 2342
2292 2343
2292 2344
2293 2294
2293 2343
2293 2344
2293 2345
2294 2295
2294 2344
2294 2345
2294 2346
2295 2296
2295 2345
2295 2346
2295 2347
2296 2346
2296 2347
2297 2298
2297 2348
2297 2349
2297 2350
2298 2299
2298 2349
2298 2350
2298 2351
2299 2350
2299 2351
2299 2352
2300 2301
2300 2352
2300 2353
2300 2354
2301 2353
2301 2354
2302 2303
2302 2355
2302 2356
2303 2304
2303 2355
2303 2356
2303 2357
2304 2356
2304 2357
2305 2306
2305 2358
2306 2307
2306 2358
2306 2359
2307 2308
2307 2359
2307 2360
2308 2309
2308 2359
2308 2360
2308 2361
2309 2310
2309 2360
2309 2361
2309 2362
2310 2311
2310 2361
2310 2362
2310 2363
2311 2312
2311 2362
2311 2363
2311 2364
2312 2313
2312 2363
2312 2364
2312 2365
2313 2314
2313 2364
2313 2365
2313 2366
2314 2315
2314 2365
2314 2366
2315 2316
2315 2366
2315 2367
2316 2317
2316 2367
2317 2318
2317 2367
2317 2368
2318 2368
2318 2369
2319 2320
2319 2369
2319 2370
2319 2371
2320 2370
2320 2371
2320 2372
2321 2322
2321 2372
2321 2373
2322 2323
2322 2373
2322 2374
2323 2324
2323 2373
2323 2374
2324 2374
2324 2375
2325 2326
2325 2375
2325 2376
2325 2377
2326 2327
2326 2376
2326 2377
2327 2328
2327 2377
2327 2378
2328 2329
2328 2378
2328 2379
2329 2330
2329 2378
2329 2379
2329 2380
2330 2331
2330 2379
2330 2380
2330 2381
2331 2332
2331 2380
2331 2381
2331 2382
2332 2333
2332 2381
2332 2382
2332 2383
2333 2334
2333 2382
2333 2383
2333 2384
2334 2335
2334 2383
2334 2384
2334 2385
2335 2336
2335 2384
2335 2385
2335 2386
2336 2385
2336 2386
2336 2387
2337 2338
2337 2387
2337 2388
2337 2389
2338 2339
2338 2388
2338 2389
2339 2389
2340 2341
2340 2390
2340 2391
2341 2342
2341 2390
2341 2391
2342 2343
2342 2391
2342 2392
2343 2344
2343 2392
2344 2345
2344 2392
2344 2393
2345 2346
2345 2393
2345 2394
2346 2347
2346 2393
2346 2394
2346 2395
2347 2394
2347 2395
2348 2349
2348 2396
2348 2397
2349 2350
2349 2396
2349 2397
2349 2398
2350 2351
2350 2397
2350 2398
2350 2399
2351 2352
2351 2398
2351 2399
2351 2400
2352 2353
2352 2399
2352 2400
2352 2401
2353 2354
2353 2400
2353 2401
2353 2402
2354 2401
2354 2402
2354 2403
2355 2356
2355 2403
2355 2404
2355 2405
2356 2357
2356 2404
2356 2405
2356 2406
2357 2405
2357 2406
2358 2407
2359 2360
2359 2407
2359 2408
2359 2409
2360 2361
2360 2408
2360 2409
2360 2410
2361 2362
2361 2409
2361 2410
2361 2411
2362 2363
2362 2410
2362 2411
2362 2412
2363 2364
2363 2411
2363 2412
2363 2413
2364 2365
2364 2412
2364 2413
2364 2414
2365 2366
2365 2413
2365 2414
2365 2415
2366 2414
2366 2415
2367 2416
2367 2417
2368 2369
2368 2417
2368 2418
2368 2419
2369 2370
2369 2418
2369 2419
2369 2420
2370 2371
2370 2419
2370 2420
2370 2421
2371 2372
2371 2420
2371 2421
2372 2421
2372 2422
2373 2374
2373 2422
2373 2423
2374 2423
2375 2376
2375 2424
2375 2425
2376 2377
2376 2424
2376 2425
2377 2425
2377 2426
2378 2379
2378 2426
2378 2427
2379 2380
2379 2427
2380 2381
2380 2428
2381 2382
2381 2428
2381 2429
2382 2383
2382 2428
2382 2429
2382 2430
2383 2384
2383 2429
2383 2430
2383 2431
2384 2385
2384 2430
2384 2431
2384 2432
2385 2386
2385 2431
2385 2432
2385 2433
2386 2387
2386 2432
2386 2433
2386 2434
2387 2388
2387 2433
2387 2434
2388 2389
2388 2434
2388 2435
2389 2435
2389 2436
2390 2391
2390 2437
2390 2438
2391 2437
2391 2438
2392 2439
2393 2394
2393 2440
2394 2395
2394 2440
2394 2441
2395 2440
2395 2441
2396 2397
2396 2442
2396 2443
2397 2398
2397 2442
2397 2443
2397 2444
2398 2399
2398 2443
2398 2444
2398 2445
2399 2400
2399 2444
2399 2445
2400 2401
2400 2445
2400 2446
2401 2402
2401 2446
2401 2447
2402 2403
2402 2446
2402 2447
2402 2448
2403 2404
2403 2447
2403 2448
2403 2449
2404 2405
2404 2448
2404 2449
2404 2450
2405 2406
2405 2449
2405 2450
2405 2451
2406 2450
2406 2451
2406 2452
2407 2408
2407 2453
2407 2454
2408 2409
2408 2454
2409 2410
2409 2455
2410 2411
2410 2455
2410 2456
2411 2412
2411 2455
2411 2456
2411 2457
2412 2413
2412 2456
2412 2457
2412 2458
2413 2414
2413 2457
2413 2458
2414 2415
2414 2458
2414 2459
2415 2459
2415 2460
2416 2417
2416 2460
2416 2461
2417 2418
2417 2461
2417 2462
2418 2419
2418 2461
2418 2462
2418 2463
2419 2420
2419 2462
2419 2463
2419 2464
2420 2421
2420 2463
2420 2464
2420 2465
2421 2464
2421 2465
2422 2466
2423 2466
2423 2467
2423 2468
2424 2425
2424 2468
2424 2469
2424 2470
2425 2469
2425 2470
2425 2471
2426 2427
2426 2471
2426 2472
2426 2473
2427 2472
2427 2473
2427 2474
2428 2429
2428 2475
2428 2476
2428 2477
2429 2430
2429 2476
2429 2477
2429 2478
2430 2431
2430 2477
2430 2478
2431 2432
2431 2478
2432 2433
2433 2434
2433 2479
2434 2479
2434 2480
2435 2436
2435 2480
2435 2481
2436 2481
2436 2482
2437 2438
2437 2482
2437 2483
2437 2484
2438 2483
2438 2484
2438 2485
2439 2485
2439 2486
2440 2441
2440 2487
2440 2488
2441 2488
2442 2443
2442 2489
2443 2444
2443 2489
2443 2490
2444 2445
2444 2489
2444 2490
2445 2490
2445 2491
2446 2447
2446 2491
2446 2492
2446 2493
2447 2448
2447 2492
2447 2493
2447 2494
2448 2449
2448 2493
2448 2494
2448 2495
2449 2450
2449 2494
2449 2495
2450 2451
2450 2495
2450 2496
2451 2452
2451 2496
2451 2497
2452 2453
2452 2496
2452 2497
2452 2498
2453 2454
2453 2497
2453 2498
2453 2499
2454 2498
2454 2499
2455 2456
2455 2500
2455 2501
2456 2457
2456 2501
2456 2502
2457 2458
2457 2501
2457 2502
2457 2503
2458 2502
2458 2503
2458 2504
2459 2460
2459 2504
2459 2505
2459 2506
2460 2505
2460 2506
2461 2462
2461 2507
2461 2508
2462 2463
2462 2507
2462 2508
2462 2509
2463 2464
2463 2508
2463 2509
2463 2510
2464 2465
2464 2509
2464 2510
2464 2511
2465 2510
2465 2511
2465 2512
2466 2467
2466 2513
2466 2514
2466 2515
2467 2468
2467 2514
2467 2515
2468 2469
2468 2515
2469 2470
2470 2471
2470 2516
2471 2472
2471 2516
2471 2517
2472 2473
2472 2516
2472 2517
2472 2518
2473 2474
2473 2517
2473 2518
2473 2519
2474 2475
2474 2518
2474 2519
2474 2520
2475 2476
2475 2519
2475 2520
2475 2521
2476 2477
2476 2520
2476 2521
2476 2522
2477 2478
2477 2521
2477 2522
2477 2523
2478 2522
2478 2523
2478 2524
2479 2480
2479 2526
2479 2527
2479 2528
2480 2527
2480 2528
2480 2529
2481 2482
2481 2529
2481 2530
2481 2531
2482 2483
2482 2530
2482 2531
2482 2532
2483 2484
2483 2531
2483 2532
2483 2533
2484 2485
2484 2532
2484 2533
2484 2534
2485 2486
2485 2533
2485 2534
2485 2535
2486 2534
2486 2535
2487 2536
2487 2537
2488 2537
2488 2538
2489 2490
2489 2539
2490 2539
2491 2492
2491 2540
2492 2493
2492 2540
2492 2541
2493 2494
2493 2540
2493 2541
2494 2495
2494 2541
2494 2542
2495 2542
2495 2543
2496 2497
2496 2543
2496 2544
2497 2498
2497 2544
2497 2545
2498 2499
2498 2545
2498 2546
2499 2545
2499 2546
2499 2547
2500 2547
2500 2548
2500 2549
2501 2502
2501 2549
2501 2550
2501 2551
2502 2503
2502 2550
2502 2551
2502 2552
2503 2504
2503 2551
2503 2552
2503 2553
2504 2505
2504 2552
2504 2553
2504 2554
2505 2506
2505 2553
2505 2554
2505 2555
2506 2554
2506 2555
2506 2556
2507 2508
2507 2556
2507 2557
2508 2509
2508 2557
2508 2558
2509 2510
2509 2557
2509 2558
2510 2511
2510 2558
2510 2559
2511 2512
2511 2559
2512 2513
2512 2559
2513 2514
2513 2560
2514 2515
2514 2560
2514 2561
2515 2560
2515 2561
2515 2562
2516 2517
2516 2564
2516 2565
2516 2566
2517 2518
2517 2565
2517 2566
2517 2567
2518 2519
2518 2566
2518 2567
2519 2520
2519 2567
2519 2568
2520 2521
2520 2568
2520 2569
2521 2522
2521 2568
2521 2569
2522 2523
2522 2569
2522 2570
2523 2524
2523 2570
2523 2571
2524 2525
2524 2570
2524 2571
2524 2572
2525 2526
2525 2571
2525 2572
2526 2527
2526 2572
2526 2573
2527 2528
2527 2573
2527 2574
2528 2529
2528 2573
2528 2574
2529 2530
2529 2574
2529 2575
2530 2531
2530 2575
2530 2576
2531 2532
2531 2575
2531 2576
2531 2577
2532 2533
2532 2576
2532 2577
2532 2578
2533 2534
2533 2577
2533 2578
2533 2579
2534 2535
2534 2578
2534 2579
2534 2580
2535 2579
2535 2580
2535 2581
2536 2537
2536 2581
2537 2538
2539 2582
2539 2583
2539 2584
2540 2541
2540 2586
2540 2587
2541 2587
2542 2543
2542 2588
2542 2589
2543 2544
2543 2588
2543 2589
2543 2590
2544 2589
2544 2590
2545 2546
2545 2591
2545 2592
2546 2547
2546 2591
2546 2592
2546 2593
2547 2548
2547 2592
2547 2593
2547 2594
2548 2549
2548 2593
2548 2594
2548 2595
2549 2550
2549 2594
2549 2595
2549 2596
2550 2551
2550 2595
2550 2596
2551 2552
2551 2596
2551 2597
2552 2553
2552 2597
2552 2598
2553 2554
2553 2597
2553 2598
2553 2599
2554 2555
2554 2598
2554 2599
2555 2556
2555 2599
2555 2600
2556 2600
2556 2601
2557 2558
2557 2601
2557 2602
2557 2603
2558 2602
2558 2603
2558 2604
2559 2604
2559 2605
2559 2606
2560 2561
2560 2607
2560 2608
2560 2609
2561 2562
2561 2608
2561 2609
2561 2610
2562 2563
2562 2609
2562 2610
2563 2564
2563 2610
2563 2611
2564 2565
2564 2611
2564 2612
2565 2566
2565 2611
2565 2612
2565 2613
2566 2567
2566 2612
2566 2613
2566 2614
2567 2613
2567 2614
2567 2615
2568 2569
2568 2615
2568 2616
2568 2617
2569 2616
2569 2617
2569 2618
2570 2571
2570 2618
2570 2619
2570 2620
2571 2572
2571 2619
2571 2620
2571 2621
2572 2620
2572 2621
2572 2622
2573 2574
2573 2622
2573 2623
2573 2624
2574 2623
2574 2624
2575 2576
2575 2625
2575 2626
2576 2577
2576 2625
2576 2626
2576 2627
2577 2578
2577 2626
2577 2627
2577 2628
2578 2579
2578 2627
2578 2628
2578 2629
2579 2580
2579 2628
2579 2629
2579 2630
2580 2581
2580 2629
2580 2630
2581 2630
2581 2631
2582 2583
2582 2632
2582 2633
2583 2584
2583 2632
2583 2633
2584 2585
2584 2633
2584 2634
2585 2586
2585 2634
2585 2635
2586 2634
2586 2635
2586 2636
2587 2636
2587 2637
2587 2638
2588 2589
2588 2638
2588 2639
2588 2640
2589 2590
2589 2639
2589 2640
2589 2641
2590 2640
2590 2641
2590 2642
2591 2592
2591 2642
2591 2643
2591 2644
2592 2593
2592 2643
2592 2644
2592 2645
2593 2594
2593 2644
2593 2645
2593 2646
2594 2595
2594 2645
2594 2646
2594 2647
2595 2596
2595 2646
2595 2647
2595 2648
2596 2647
2596 2648
2596 2649
2597 2598
2597 2649
2598 2599
2598 2650
2599 2650
2599 2651
2600 2601
2600 2651
2600 2652
2600 2653
2601 2602
2601 2652
2601 2653
2601 2654
2602 2603
2602 2653
2602 2654
2602 2655
2603 2604
2603 2654
2603 2655
2603 2656
2604 2605
2604 2655
2604 2656
2604 2657
2605 2606
2605 2656
2605 2657
2605 2658
2606 2607
2606 2657
2606 2658
2606 2659
2607 2608
2607 2658
2607 2659
2607 2660
2608 2609
2608 2659
2608 2660
2608 2661
2609 2610
2609 2660
2609 2661
2609 2662
2610 2661
2610 2662
2610 2663
2611 2612
2611 2663
2611 2664
2611 2665
2612 2613
2612 2664
2612 2665
2612 2666
2613 2614
2613 2665
2613 2666
2613 2667
2614 2615
2614 2666
2614 2667
2614 2668
2615 2616
2615 2667
2615 2668
2615 2669
2616 2617
2616 2668
2616 2669
2617 2618
2617 2669
2617 2670
2618 2619
2618 2670
2618 2671
2619 2620
2619 2670
2619 2671
2619 2672
2620 2621
2620 2671
2620 2672
2620 2673
2621 2622
2621 2672
2621 2673
2621 2674
2622 2623
2622 2673
2622 2674
2622 2675
2623 2624
2623 2674
2623 2675
2623 2676
2624 2675
2624 2676
2625 2626
2625 2677
2625 2678
2626 2627
2626 2677
2626 2678
2626 2679
2627 2628
2627 2678
2627 2679
2627 2680
2628 2629
2628 2679
2628 2680
2628 2681
2629 2630
2629 2680
2629 2681
2629 2682
2630 2681
2630 2682
2630 2683
2631 2683
2631 2684
2631 2685
2632 2633
2632 2687
2632 2688
2633 2687
2633 2688
2634 2635
2634 2689
2634 2690
2635 2636
2635 2689
2635 2690
2635 2691
2636 2637
2636 2690
2636 2691
2636 2692
2637 2638
2637 2691
2637 2692
2637 2693
2638 2639
2638 2692
2638 2693
2639 2640
2639 2693
2639 2694
2640 2641
2640 2694
2640 2695
2641 2642
2641 2694
2641 2695
2641 2696
2642 2643
2642 2695
2642 2696
2642 2697
2643 2644
2643 2696
2643 2697
2643 2698
2644 2645
2644 2697
2644 2698
2644 2699
2645 2646
2645 2698
2645 2699
2645 2700
2646 2647
2646 2699
2646 2700
2646 2701
2647 2648
2647 2700
2647 2701
2648 2649
2648 2701
2648 2702
2649 2702
2649 2703
2650 2651
2650 2704
2650 2705
2650 2706
2651 2652
2651 2705
2651 2706
2651 2707
2652 2653
2652 2706
2652 2707
2653 2654
2653 2707
2653 2708
2654 2655
2654 2708
2654 2709
2655 2656
2655 2708
2655 2709
2655 2710
2656 2657
2656 2709
2656 2710
2656 2711
2657 2658
2657 2710
2657 2711
2657 2712
2658 2659
2658 2711
2658 2712
2658 2713
2659 2660
2659 2712
2659 2713
2660 2661
2660 2713
2660 2714
2661 2662
2661 2714
2662 2663
2662 2714
2662 2715
2663 2664
2663 2715
2663 2716
2664 2665
2664 2715
2664 2716
2664 2717
2665 2666
2665 2716
2665 2717
2666 2667
2666 2717
2666 2718
2667 2668
2667 2718
2668 2669
2668 2718
2668 2719
2669 2719
2669 2720
2670 2671
2670 2720
2670 2721
2670 2722
2671 2672
2671 2721
2671 2722
2672 2673
2672 2722
2672 2723
2673 2674
2673 2723
2674 2675
2674 2723
2674 2724
2675 2676
2675 2724
2676 2724
2676 2725
2677 2678
2677 2725
2677 2726
2677 2727
2678 2679
2678 2726
2678 2727
2678 2728
2679 2680
2679 2727
2679 2728
2679 2729
2680 2681
2680 2728
2680 2729
2681 2682
2681 2729
2681 2730
2682 2683
2682 2730
2682 2731
2683 2684
2683 2730
2683 2731
2683 2732
2684 2685
2684 2731
2684 2732
2684 2733
2685 2686
2685 2732
2685 2733
2685 2734
2686 2733
2686 2734
2687 2688
2687 2735
2687 2736
2688 2735
2688 2736
2689 2690
2689 2737
2689 2738
2690 2691
2690 2737
2690 2738
2690 2739
2691 2692
2691 2738
2691 2739
2691 2740
2692 2693
2692 2739
2692 2740
2692 2741
2693 2740
2693 2741
2693 2742
2694 2695
2694 2742
2694 2743
2694 2744
2695 2696
2695 2743
2695 2744
2695 2745
2696 2697
2696 2744
2696 2745
2696 2746
2697 2698
2697 2745
2697 2746
2697 2747
2698 2699
2698 2746
2698 2747
2698 2748
2699 2700
2699 2747
2699 2748
2699 2749
2700 2701
2700 2748
2700 2749
2700 2750
2701 2749
2701 2750
2702 2703
2702 2751
2702 2752
2703 2704
2703 2751
2703 2752
2703 2753
2704 2705
2704 2752
2704 2753
2704 2754
2705 2706
2705 2753
2705 2754
2706 2707
2706 2754
2706 2755
2707 2755
2707 2756
2708 2709
2708 2756
2708 2757
2708 2758
2709 2710
2709 2757
2709 2758
2709 2759
2710 2711
2710 2758
2710 2759
2710 2760
2711 2712
2711 2759
2711 2760
2711 2761
2712 2713
2712 2760
2712 2761
2712 2762
2713 2761
2713 2762
2714 2763
2714 2764
2715 2716
2715 2764
2715 2765
2715 2766
2716 2717
2716 2765
2716 2766
2716 2767
2717 2766
2717 2767
2717 2768
2718 2768
2718 2769
2719 2720
2719 2769
2719 2770
2719 2771
2720 2721
2720 2770
2720 2771
2720 2772
2721 2722
2721 2771
2721 2772
2722 2772
2723 2773
2724 2774
2725 2726
2725 2775
2726 2727
2726 2775
2726 2776
2727 2728
2727 2776
2728 2729
2728 2776
2728 2777
2729 2777
2729 2778
2730 2731
2730 2778
2731 2732
2731 2779
2732 2733
2732 2779
2733 2734
2733 2779
2733 2780
2734 2780
2735 2736
2735 2781
2735 2782
2736 2781
2736 2782
2736 2783
2737 2738
2737 2783
2737 2784
2737 2785
2738 2739
2738 2784
2738 2785
2738 2786
2739 2740
2739 2785
2739 2786
2739 2787
2740 2741
2740 2786
2740 2787
2740 2788
2741 2742
2741 2787
2741 2788
2741 2789
2742 2743
2742 2788
2742 2789
2742 2790
2743 2744
2743 2789
2743 2790
2743 2791
2744 2745
2744 2790
2744 2791
2744 2792
2745 2746
2745 2791
2745 2792
2745 2793
2746 2747
2746 2792
2746 2793
2746 2794
2747 2748
2747 2793
2747 2794
2747 2795
2748 2749
2748 2794
2748 2795
2748 2796
2749 2750
2749 2795
2749 2796
2750 2796
2750 2797
2751 2752
2751 2797
2751 2798
2751 2799
2752 2753
2752 2798
2752 2799
2753 2754
2753 2799
2753 2800
2754 2800
2755 2756
2755 2801
2756 2757
2756 2801
2756 2802
2757 2758
2757 2801
2757 2802
2757 2803
2758 2759
2758 2802
2758 2803
2758 2804
2759 2760
2759 2803
2759 2804
2759 2805
2760 2761
2760 2804
2760 2805
2760 2806
2761 2762
2761 2805
2761 2806
2761 2807
2762 2806
2762 2807
2763 2764
2763 2808
2763 2809
2764 2765
2764 2808
2764 2809
2764 2810
2765 2766
2765 2809
2765 2810
2765 2811
2766 2767
2766 2810
2766 2811
2766 2812
2767 2768
2767 2811
2767 2812
2768 2812
2768 2813
2769 2770
2769 2813
2769 2814
2770 2771
2770 2814
2770 2815
2771 2772
2771 2815
2771 2816
2772 2815
2772 2816
2773 2817
2773 2818
2773 2819
2774 2819
2774 2820
2774 2821
2775 2821
2775 2822
2775 2823
2776 2823
2776 2824
2776 2825
2777 2778
2777 2825
2777 2826
2777 2827
2778 2826
2778 2827
2778 2828
2779 2829
2779 2830
2779 2831
2780 2831
2781 2782
2781 2832
2782 2783
2782 2832
2782 2833
2783 2784
2783 2832
2783 2833
2784 2785
2784 2833
2784 2834
2785 2786
2785 2834
2785 2835
2786 2787
2786 2834
2786 2835
2786 2836
2787 2788
2787 2835
2787 2836
2788 2789
2788 2836
2788 2837
2789 2790
2789 2837
2790 2791
2790 2837
2790 2838
2791 2792
2791 2838
2791 2839
2792 2793
2792 2838
2792 2839
2792 2840
2793 2794
2793 2839
2793 2840
2793 2841
2794 2795
2794 2840
2794 2841
2794 2842
2795 2796
2795 2841
2795 2842
2796 2842
2797 2798
2797 2843
2797 2844
2798 2799
2798 2843
2798 2844
2798 2845
2799 2844
2799 2845
2799 2846
2800 2846
2800 2847
2801 2802
2801 2848
2801 2849
2802 2803
2802 2849
2802 2850
2803 2804
2803 2850
2804 2805
2804 2850
2804 2851
2805 2806
2805 2851
2805 2852
2806 2807
2806 2851
2806 2852
2806 2853
2807 2852
2807 2853
2807 2854
2808 2809
2808 2854
2808 2855
2809 2810
2809 2855
2809 2856
2810 2811
2810 2856
2810 2857
2811 2812
2811 2856
2811 2857
2811 2858
2812 2857
2812 2858
2812 2859
2813 2814
2813 2859
2813 2860
2813 2861
2814 2860
2814 2861
2814 2862
2815 2816
2815 2862
2815 2863
2815 2864
2816 2863
2816 2864
2816 2865
2817 2818
2817 2865
2817 2866
2817 2867
2818 2819
2818 2866
2818 2867
2818 2868
2819 2820
2819 2867
2819 2868
2819 2869
2820 2821
2820 2868
2820 2869
2820 2870
2821 2822
2821 2869
2821 2870
2821 2871
2822 2823
2822 2870
2822 2871
2822 2872
2823 2824
2823 2871
2823 2872
2823 2873
2824 2825
2824 2872
2824 2873
2824 2874
2825 2826
2825 2873
2825 2874
2825 2875
2826 2827
2826 2874
2826 2875
2826 2876
2827 2828
2827 2875
2827 2876
2827 2877
2828 2829
2828 2876
2828 2877
2829 2830
2829 2877
2829 2878
2830 2831
2830 2878
2831 2878
2831 2879
2832 2833
2834 2835
2835 2836
2838 2839
2839 2840
2840 2841
2841 2842
2843 2844
2844 2845
2845 2846
2846 2847
2848 2849
2851 2852
2852 2853
2853 2854
2854 2855
2856 2857
2857 2858
2858 2859
2859 2860
2860 2861
2861 2862
2862 2863
2863 2864
2864 2865
2865 2866
2866 2867
2867 2868
2868 2869
2869 2870
2870 2871
2871 2872
2872 2873
2873 2874
2874 2875
2875 2876
2876 2877
