# FromNodeId	ToNodeId
0 1
0 34
1 2
1 34
2 34
2 35
3 4
3 35
3 36
3 37
4 36
4 37
5 6
5 38
5 39
6 38
6 39
6 40
7 8
7 41
7 42
7 43
8 9
8 42
8 43
8 44
9 10
9 43
9 44
9 45
10 11
10 44
10 45
10 46
11 12
11 45
11 46
11 47
12 13
12 46
12 47
12 48
13 14
13 47
13 48
14 15
14 48
14 49
15 16
15 49
16 49
17 18
17 50
17 51
18 19
18 50
18 51
18 52
19 20
19 51
19 52
20 52
20 53
21 22
21 53
21 54
22 23
22 54
22 55
23 24
23 54
23 55
23 56
24 25
24 55
24 56
24 57
25 26
25 56
25 57
26 27
26 57
26 58
27 28
27 58
28 29
28 58
28 59
29 30
29 59
29 60
30 31
30 59
30 60
30 61
31 32
31 60
31 61
31 62
32 33
32 61
32 62
32 63
33 62
33 63
34 64
34 65
35 36
35 66
35 67
36 37
36 66
36 67
36 68
37 67
37 68
37 69
38 39
38 69
38 70
39 40
39 70
39 71
40 41
40 71
40 72
41 42
41 71
41 72
41 73
42 43
42 72
42 73
42 74
43 44
43 73
43 74
44 45
44 74
44 75
45 46
45 75
45 76
46 47
46 75
46 76
46 77
47 48
47 76
47 77
47 78
48 77
48 78
49 79
49 80
50 51
50 81
50 82
50 83
51 52
51 82
51 83
51 84
52 83
52 84
53 85
53 86
54 55
54 86
54 87
54 88
55 56
55 87
55 88
56 57
56 88
56 89
57 89
57 90
58 90
58 91
58 92
59 60
59 92
59 93
59 94
60 61
60 93
60 94
60 95
61 62
61 94
61 95
61 96
62 63
62 95
62 96
62 97
63 96
63 97
64 65
64 98
65 98
65 99
66 67
66 99
66 100
66 101
67 68
67 100
67 101
67 102
68 69
68 101
68 102
68 103
69 70
69 102
69 103
70 103
71 72
71 104
71 105
72 73
72 104
72 105
72 106
73 74
73 105
73 106
74 106
75 76
75 107
75 108
76 77
76 107
76 108
77 78
77 108
77 109
78 109
78 110
79 80
79 110
79 111
79 112
80 81
80 111
80 112
80 113
81 82
81 112
81 113
81 114
82 83
82 113
82 114
82 115
83 84
83 114
83 115
83 116
84 115
84 116
84 117
85 86
85 117
85 118
85 119
86 87
86 118
86 119
86 120
87 88
87 119
87 120
88 120
88 121
89 90
89 121
89 122
89 123
90 91
90 122
90 123
91 92
91 123
92 93
93 94
93 124
94 95
94 124
94 125
95 96
95 124
95 125
95 126
96 97
96 125
96 126
96 127
97 126
97 127
98 128
98 129
99 100
99 129
99 130
99 131
100 101
100 130
100 131
100 132
101 102
101 131
101 132
101 133
102 103
102 132
102 133
103 133
103 134
104 105
104 135
104 136
105 106
105 135
105 136
105 137
106 136
106 137
106 138
107 108
107 139
107 140
107 141
108 140
108 141
108 142
109 110
109 142
109 143
109 144
110 111
110 143
110 144
111 112
111 144
111 145
112 113
112 145
112 146
113 114
113 145
113 146
114 115
114 146
114 147
115 116
115 147
115 148
116 117
116 147
116 148
116 149
117 118
117 148
117 149
117 150
118 119
118 149
118 150
118 151
119 120
119 150
119 151
119 152
120 151
120 152
120 153
121 122
121 153
121 154
122 123
122 154
123 155
124 125
124 156
125 126
125 157
126 127
126 157
126 158
127 157
127 158
128 129
128 159
128 160
129 130
129 159
129 160
130 131
130 160
130 161
131 132
131 161
131 162
132 133
132 161
132 162
132 163
133 162
133 163
134 164
134 165
135 136
135 165
135 166
136 137
136 166
136 167
137 138
137 167
138 139
138 167
138 168
139 140
139 168
139 169
140 141
140 168
140 169
140 170
141 142
141 169
141 170
141 171
142 143
142 170
142 171
142 172
143 144
143 171
143 172
143 173
144 172
144 173
144 174
145 146
145 174
145 175
145 176
146 175
146 176
146 177
147 148
147 177
148 149
148 178
149 150
149 178
149 179
150 151
150 178
150 179
150 180
151 152
151 179
151 180
151 181
152 153
152 180
152 181
152 182
153 154
153 181
153 182
153 183
154 182
154 183
154 184
155 185
155 186
155 187
156 187
156 188
157 158
157 189
157 190
157 191
158 190
158 191
159 160
159 192
160 192
160 193
161 162
161 193
161 194
162 163
162 194
162 195
163 194
163 195
163 196
164 165
164 196
164 197
165 166
165 197
166 198
167 198
167 199
167 200
168 169
168 200
168 201
168 202
169 170
169 201
169 202
170 171
170 202
170 203
171 172
171 203
171 204
172 173
172 203
172 204
172 205
173 174
173 204
173 205
173 206
174 175
174 205
174 206
174 207
175 176
175 206
175 207
175 208
176 177
176 207
176 208
177 208
177 209
178 179
178 210
178 211
178 212
179 180
179 211
179 212
179 213
180 181
180 212
180 213
181 182
181 213
181 214
182 183
182 214
182 215
183 184
183 214
183 215
183 216
184 185
184 215
184 216
184 217
185 186
185 216
185 217
185 218
186 187
186 217
186 218
186 219
187 218
187 219
187 220
188 189
188 220
188 221
189 190
189 221
189 222
190 191
190 221
190 222
190 223
191 222
191 223
192 193
192 224
192 225
192 226
193 225
193 226
194 195
194 227
194 228
195 196
195 227
195 228
196 197
196 228
196 229
197 229
197 230
198 199
198 231
198 232
198 233
199 200
199 232
199 233
199 234
200 201
200 233
200 234
200 235
201 202
201 234
201 235
201 236
202 235
202 236
203 204
203 237
203 238
204 205
204 237
204 238
204 239
205 206
205 238
205 239
205 240
206 207
206 239
206 240
206 241
207 208
207 240
207 241
207 242
208 241
208 242
208 243
209 210
209 243
209 244
210 211
210 244
210 245
211 212
211 245
212 213
212 245
212 246
213 246
213 247
214 215
214 247
214 248
215 216
215 248
215 249
216 217
216 248
216 249
216 250
217 218
217 249
217 250
217 251
218 219
218 250
218 251
218 252
219 220
219 251
219 252
219 253
220 252
220 253
220 254
221 222
221 254
221 255
221 256
222 223
222 255
222 256
222 257
223 256
223 257
224 225
224 258
224 259
225 226
225 258
225 259
225 260
226 259
226 260
226 261
227 228
227 261
227 262
228 262
228 263
229 230
229 263
229 264
229 265
230 231
230 264
230 265
230 266
231 232
231 265
231 266
231 267
232 233
232 266
232 267
232 268
233 234
233 267
233 268
233 269
234 235
234 268
234 269
234 270
235 236
235 269
235 270
235 271
236 270
236 271
236 272
237 238
237 272
237 273
237 274
238 239
238 273
238 274
238 275
239 240
239 274
239 275
240 241
240 275
240 276
241 242
241 276
241 277
242 243
242 276
242 277
242 278
243 244
243 277
243 278
243 279
244 278
244 279
245 280
245 281
246 247
246 281
246 282
247 282
247 283
248 249
248 283
248 284
248 285
249 250
249 284
249 285
249 286
250 251
250 285
250 286
250 287
251 252
251 286
251 287
251 288
252 253
252 287
252 288
252 289
253 254
253 288
253 289
253 290
254 255
254 289
254 290
254 291
255 256
255 290
255 291
256 257
256 291
256 292
257 292
258 259
258 293
258 294
259 260
259 293
259 294
260 261
260 294
260 295
261 295
261 296
262 263
262 296
262 297
262 298
263 264
263 297
263 298
263 299
264 265
264 298
264 299
264 300
265 266
265 299
265 300
265 301
266 267
266 300
266 301
266 302
267 268
267 301
267 302
267 303
268 269
268 302
268 303
269 270
269 303
270 271
270 304
271 272
271 304
272 273
272 304
272 305
273 274
273 305
273 306
274 275
274 305
274 306
274 307
275 306
275 307
275 308
276 277
276 308
276 309
276 310
277 278
277 309
277 310
277 311
278 279
278 310
278 311
278 312
279 311
279 312
280 281
280 313
281 313
281 314
282 283
282 314
282 315
283 284
283 315
283 316
284 285
284 316
284 317
285 286
285 316
285 317
285 318
286 287
286 317
286 318
287 288
287 318
288 289
288 319
289 290
289 319
290 291
290 319
290 320
291 320
291 321
292 321
292 322
293 294
293 323
293 324
294 323
294 324
294 325
295 296
295 325
295 326
296 297
296 326
296 327
297 298
297 327
297 328
298 299
298 327
298 328
298 329
299 300
299 328
299 329
299 330
300 301
300 329
300 330
300 331
301 302
301 330
301 331
301 332
302 303
302 331
302 332
302 333
303 332
303 333
303 334
304 335
304 336
305 306
305 336
305 337
305 338
306 307
306 337
306 338
307 308
307 338
307 339
308 309
308 339
308 340
309 310
309 339
309 340
309 341
310 311
310 340
310 341
310 342
311 312
311 341
311 342
311 343
312 342
312 343
312 344
313 314
313 345
314 315
314 345
314 346
315 345
315 346
315 347
316 317
316 347
316 348
316 349
317 318
317 348
317 349
317 350
318 349
318 350
318 351
319 352
319 353
319 354
320 321
320 354
321 322
321 355
322 355
323 324
323 356
323 357
324 325
324 356
324 357
324 358
325 326
325 357
325 358
325 359
326 358
326 359
326 360
327 328
327 360
327 361
327 362
328 329
328 361
328 362
328 363
329 330
329 362
329 363
329 364
330 331
330 363
330 364
330 365
331 332
331 364
331 365
331 366
332 333
332 365
332 366
333 334
333 366
333 367
334 367
334 368
335 336
335 368
335 369
335 370
336 337
336 369
336 370
337 338
337 370
337 371
338 371
338 372
339 340
339 372
339 373
340 341
340 373
340 374
341 342
341 373
341 374
342 343
342 374
342 375
343 344
343 375
343 376
344 375
344 376
344 377
345 346
345 378
345 379
346 347
346 379
347 348
347 380
348 349
348 380
348 381
349 350
349 380
349 381
349 382
350 351
350 381
350 382
350 383
351 352
351 382
351 383
352 353
352 383
352 384
353 354
353 384
353 385
354 384
354 385
354 386
355 387
356 357
356 388
356 389
357 358
357 388
357 389
357 390
358 359
358 389
358 390
358 391
359 360
359 390
359 391
359 392
360 361
360 391
360 392
360 393
361 362
361 392
361 393
361 394
362 363
362 393
362 394
362 395
363 364
363 394
363 395
364 365
364 395
364 396
365 366
365 396
365 397
366 396
366 397
366 398
367 368
367 398
367 399
367 400
368 369
368 399
368 400
369 370
369 400
369 401
370 401
370 402
371 372
371 402
371 403
371 404
372 403
372 404
373 374
373 405
374 405
374 406
375 376
375 406
375 407
376 377
376 407
376 408
377 378
377 408
377 409
378 379
378 408
378 409
378 410
379 409
379 410
379 411
380 381
380 412
380 413
380 414
381 382
381 413
381 414
381 415
382 383
382 414
382 415
382 416
383 415
383 416
383 417
384 385
384 417
384 418
384 419
385 386
385 418
385 419
385 420
386 419
386 420
387 421
388 389
388 422
388 423
389 390
389 422
389 423
389 424
390 391
390 423
390 424
390 425
391 392
391 424
391 425
391 426
392 393
392 425
392 426
392 427
393 394
393 426
393 427
394 395
394 427
394 428
395 428
395 429
396 397
396 429
397 398
397 430
398 399
398 430
398 431
399 400
399 430
399 431
400 431
400 432
401 402
401 432
401 433
401 434
402 403
402 433
402 434
403 404
403 434
403 435
404 435
404 436
405 406
405 437
405 438
406 407
406 438
407 438
408 409
408 439
408 440
409 410
409 439
409 440
409 441
410 411
410 440
410 441
410 442
411 412
411 441
411 442
412 413
412 442
412 443
413 414
413 443
414 415
414 443
414 444
415 416
415 444
415 445
416 417
416 444
416 445
416 446
417 418
417 445
417 446
417 447
418 419
418 446
418 447
419 420
419 447
419 448
420 448
421 449
422 423
423 424
423 450
424 425
424 450
424 451
425 426
425 450
425 451
425 452
426 427
426 451
426 452
426 453
427 452
427 453
427 454
428 429
428 454
428 455
429 455
429 456
430 431
430 457
430 458
431 458
432 433
432 459
433 434
433 459
433 460
434 460
434 461
435 436
435 461
435 462
436 437
436 462
437 463
438 463
438 464
439 440
439 465
440 441
440 466
441 442
441 466
441 467
442 466
442 467
442 468
443 468
443 469
443 470
444 445
444 470
445 446
445 471
446 447
446 471
446 472
447 471
447 472
447 473
448 473
448 474
449 475
450 451
450 476
450 477
450 478
451 452
451 477
451 478
451 479
452 453
452 478
452 479
452 480
453 454
453 479
453 480
453 481
454 480
454 481
454 482
455 456
455 482
455 483
456 457
456 483
457 483
457 484
458 484
458 485
458 486
459 486
459 487
459 488
460 461
460 488
460 489
460 490
461 462
461 489
461 490
461 491
462 490
462 491
462 492
463 493
463 494
464 465
464 495
465 495
466 467
466 496
466 497
466 498
467 468
467 497
467 498
468 469
468 498
468 499
469 470
469 499
469 500
470 499
470 500
470 501
471 472
471 502
471 503
471 504
472 473
472 503
472 504
473 474
473 504
473 505
474 505
475 506
476 477
476 507
476 508
477 478
477 507
477 508
477 509
478 479
478 508
478 509
478 510
479 480
479 509
479 510
479 511
480 481
480 510
480 511
480 512
481 482
481 511
481 512
481 513
482 512
482 513
484 485
484 514
484 515
485 486
485 514
485 515
485 516
486 487
486 515
486 516
486 517
487 488
487 516
487 517
488 489
488 517
488 518
489 490
489 518
489 519
490 491
490 518
490 519
491 492
491 519
491 520
492 493
492 520
493 494
493 520
493 521
494 521
494 522
495 523
495 524
495 525
496 497
496 525
496 526
497 498
497 526
498 527
499 500
499 527
499 528
499 529
500 501
500 528
500 529
501 502
501 529
501 530
502 503
502 530
503 504
503 530
503 531
504 531
505 532
506 533
507 508
507 534
507 535
507 536
508 509
508 535
508 536
508 537
509 510
509 536
509 537
509 538
510 511
510 537
510 538
511 512
511 538
511 539
512 513
512 539
513 539
513 540
514 515
514 542
514 543
514 544
515 516
515 543
515 544
516 517
516 544
516 545
517 545
517 546
518 519
518 546
518 547
519 547
519 548
520 548
520 549
521 522
521 550
522 523
522 550
522 551
523 524
523 551
523 552
524 525
524 551
524 552
524 553
525 526
525 552
525 553
525 554
526 553
526 554
526 555
527 528
527 556
527 557
527 558
528 529
528 557
528 558
528 559
529 558
529 559
529 560
530 560
530 561
531 561
531 562
531 563
532 563
532 564
532 565
533 565
533 566
534 535
534 567
534 568
535 536
535 567
535 568
535 569
536 537
536 568
536 569
537 538
537 569
537 570
538 570
538 571
539 571
539 572
539 573
540 541
540 573
540 574
541 542
541 574
541 575
542 543
542 574
542 575
542 576
543 544
543 575
543 576
543 577
544 576
544 577
544 578
545 546
545 578
545 579
546 547
546 579
546 580
547 580
547 581
548 549
548 581
548 582
549 582
549 583
550 583
550 584
550 585
551 552
551 585
551 586
551 587
552 553
552 586
552 587
553 554
553 587
553 588
554 555
554 588
554 589
555 556
555 588
555 589
556 557
556 589
557 558
558 559
558 590
559 560
559 590
559 591
560 590
560 591
560 592
561 562
561 592
561 593
561 594
562 563
562 593
562 594
562 595
563 564
563 594
563 595
563 596
564 565
564 595
564 596
564 597
565 566
565 596
565 597
565 598
566 597
566 598
567 568
567 599
568 569
568 599
568 600
569 600
569 601
570 571
570 601
570 602
571 572
571 602
571 603
572 573
572 602
572 603
572 604
573 603
573 604
573 605
574 575
574 605
574 606
575 576
575 606
575 607
576 577
576 606
576 607
576 608
577 578
577 607
577 608
577 609
578 579
578 608
578 609
579 609
580 581
580 610
581 610
581 611
582 583
582 611
582 612
582 613
583 584
583 612
583 613
583 614
584 585
584 613
584 614
584 615
585 586
585 614
585 615
585 616
586 587
586 615
586 616
586 617
587 616
587 617
588 589
588 618
588 619
589 618
589 619
589 620
590 591
590 622
590 623
590 624
591 592
591 623
591 624
591 625
592 593
592 624
592 625
592 626
593 594
593 625
593 626
594 595
594 626
594 627
595 596
595 627
595 628
596 597
596 627
596 628
596 629
597 598
597 628
597 629
597 630
598 629
598 630
599 631
599 632
600 601
600 632
600 633
600 634
601 633
601 634
601 635
602 603
602 635
602 636
603 604
603 636
603 637
604 605
604 637
604 638
605 637
605 638
605 639
606 607
606 639
606 640
607 608
607 640
607 641
608 609
608 640
608 641
608 642
609 641
609 642
609 643
610 644
610 645
611 612
611 646
612 613
612 646
612 647
613 614
613 646
613 647
613 648
614 615
614 647
614 648
614 649
615 616
615 648
615 649
615 650
616 617
616 649
616 650
617 650
617 651
618 619
618 651
618 652
618 653
619 620
619 652
619 653
619 654
620 621
620 653
620 654
620 655
621 622
621 654
621 655
621 656
622 623
622 655
622 656
622 657
623 624
623 656
623 657
623 658
624 625
624 657
624 658
624 659
625 626
625 658
625 659
625 660
626 659
626 660
626 661
627 628
627 661
627 662
627 663
628 629
628 662
628 663
628 664
629 630
629 663
629 664
629 665
630 664
630 665
631 632
631 666
632 633
632 666
632 667
633 634
633 666
633 667
633 668
634 635
634 667
634 668
634 669
635 636
635 668
635 669
635 670
636 669
636 670
636 671
637 638
637 671
638 639
638 672
639 672
639 673
640 641
640 673
640 674
640 675
641 642
641 674
641 675
641 676
642 643
642 675
642 676
642 677
643 644
643 676
643 677
643 678
644 645
644 677
644 678
644 679
645 678
645 679
646 647
646 680
646 681
647 648
647 681
647 682
648 649
648 681
648 682
649 650
649 682
649 683
650 683
650 684
651 652
651 684
651 685
651 686
652 653
652 685
652 686
652 687
653 654
653 686
653 687
654 655
654 687
655 656
656 657
656 688
657 658
657 688
657 689
658 659
658 688
658 689
658 690
659 660
659 689
659 690
659 691
660 661
660 690
660 691
660 692
661 662
661 691
661 692
661 693
662 663
662 692
662 693
662 694
663 664
663 693
663 694
664 665
664 694
664 695
665 695
666 667
666 696
666 697
667 668
667 697
667 698
668 669
668 697
668 698
668 699
669 670
669 698
669 699
669 700
670 671
670 699
670 700
670 701
671 700
671 701
671 702
672 673
672 703
672 704
672 705
673 674
673 704
673 705
673 706
674 675
674 705
674 706
675 676
675 706
675 707
676 677
676 707
676 708
677 678
677 707
677 708
677 709
678 679
678 708
678 709
678 710
679 709
679 710
680 711
681 682
681 711
681 712
681 713
682 712
682 713
682 714
683 684
683 714
683 715
684 685
684 715
684 716
685 686
685 716
685 717
686 687
686 716
686 717
686 718
687 717
687 718
687 719
688 689
688 720
688 721
688 722
689 690
689 721
689 722
689 723
690 691
690 722
690 723
690 724
691 692
691 723
691 724
691 725
692 693
692 724
692 725
692 726
693 694
693 725
693 726
693 727
694 726
694 727
694 728
695 728
696 729
696 730
697 698
697 730
697 731
698 699
698 731
698 732
699 700
699 732
699 733
700 701
700 732
700 733
701 702
701 733
701 734
702 703
702 734
702 735
703 704
703 734
703 735
703 736
704 705
704 735
704 736
704 737
705 706
705 736
705 737
705 738
706 737
706 738
707 708
707 739
708 709
708 739
708 740
709 710
709 739
709 740
709 741
710 740
710 741
711 712
711 742
711 743
711 744
712 713
712 743
712 744
712 745
713 714
713 744
713 745
714 715
714 745
714 746
715 746
716 717
716 747
717 718
717 747
718 719
718 747
718 748
719 748
719 749
720 721
720 749
720 750
720 751
721 722
721 750
721 751
721 752
722 723
722 751
722 752
722 753
723 724
723 752
723 753
723 754
724 725
724 753
724 754
724 755
725 726
725 754
725 755
725 756
726 727
726 755
726 756
726 757
727 728
727 756
727 757
727 758
728 757
728 758
728 759
729 730
729 760
729 761
730 731
730 760
730 761
730 762
731 761
731 762
732 733
732 763
732 764
733 763
733 764
733 765
734 735
734 765
734 766
734 767
735 736
735 766
735 767
735 768
736 737
736 767
736 768
736 769
737 738
737 768
737 769
738 769
738 770
739 740
739 771
739 772
740 741
740 771
740 772
741 772
741 773
742 743
742 773
742 774
742 775
743 744
743 774
743 775
743 776
744 745
744 775
744 776
744 777
745 776
745 777
745 778
746 778
746 779
746 780
747 781
747 782
747 783
748 749
748 783
748 784
748 785
749 750
749 784
749 785
749 786
750 751
750 785
750 786
750 787
751 752
751 786
751 787
751 788
752 753
752 787
752 788
753 754
753 788
754 755
754 789
755 756
755 789
756 757
756 789
756 790
757 758
757 790
758 759
758 790
758 791
759 791
760 761
760 792
760 793
761 762
761 792
761 793
761 794
762 793
762 794
762 795
763 764
763 795
763 796
763 797
764 765
764 796
764 797
764 798
765 766
765 797
765 798
765 799
766 767
766 798
766 799
766 800
767 768
767 799
767 800
768 769
768 800
768 801
769 801
769 802
770 802
770 803
771 772
771 803
771 804
771 805
772 804
772 805
772 806
773 774
773 806
773 807
773 808
774 775
774 807
774 808
775 776
775 808
776 777
776 809
777 778
777 809
777 810
778 779
778 809
778 810
778 811
779 780
779 810
779 811
779 812
780 781
780 811
780 812
780 813
781 782
781 812
781 813
781 814
782 783
782 813
782 814
782 815
783 784
783 814
783 815
783 816
784 785
784 815
784 816
784 817
785 786
785 816
785 817
785 818
786 787
786 817
786 818
787 788
787 818
787 819
788 819
788 820
789 821
789 822
789 823
790 823
790 824
790 825
791 825
791 826
792 793
792 827
793 794
793 827
793 828
794 795
794 827
794 828
794 829
795 796
795 828
795 829
795 830
796 797
796 829
796 830
796 831
797 798
797 830
797 831
797 832
798 799
798 831
798 832
799 800
799 832
800 833
801 802
801 833
801 834
802 834
803 804
803 835
803 836
804 805
804 835
804 836
804 837
805 806
805 836
805 837
805 838
806 807
806 837
806 838
806 839
807 808
807 838
807 839
807 840
808 839
808 840
808 841
809 810
809 842
809 843
809 844
810 811
810 843
810 844
810 845
811 812
811 844
811 845
811 846
812 813
812 845
812 846
812 847
813 814
813 846
813 847
813 848
814 815
814 847
814 848
814 849
815 816
815 848
815 849
815 850
816 817
816 849
816 850
816 851
817 818
817 850
817 851
817 852
818 851
818 852
818 853
819 820
819 853
819 854
819 855
820 821
820 854
820 855
821 822
821 855
821 856
822 823
822 856
822 857
823 824
823 856
823 857
823 858
824 825
824 857
824 858
824 859
825 826
825 858
825 859
825 860
826 859
826 860
827 828
827 861
828 829
828 861
828 862
829 830
829 861
829 862
829 863
830 831
830 862
830 863
830 864
831 832
831 863
831 864
831 865
832 864
832 865
832 866
833 867
833 868
834 868
834 869
835 836
835 869
835 870
835 871
836 837
836 870
836 871
836 872
837 838
837 871
837 872
838 839
838 872
838 873
839 840
839 873
839 874
840 841
840 873
840 874
840 875
841 842
841 874
841 875
841 876
842 843
842 875
842 876
842 877
843 844
843 876
843 877
844 845
844 877
844 878
845 846
845 878
845 879
846 847
846 878
846 879
846 880
847 848
847 879
847 880
847 881
848 849
848 880
848 881
848 882
849 850
849 881
849 882
849 883
850 851
850 882
850 883
850 884
851 852
851 883
851 884
851 885
852 853
852 884
852 885
852 886
853 854
853 885
853 886
854 855
854 886
854 887
855 887
855 888
856 857
856 888
856 889
856 890
857 858
857 889
857 890
857 891
858 859
858 890
858 891
858 892
859 860
859 891
859 892
859 893
860 892
860 893
861 862
861 895
861 896
861 897
862 863
862 896
862 897
862 898
863 864
863 897
863 898
863 899
864 865
864 898
864 899
864 900
865 866
865 899
865 900
866 867
866 900
866 901
867 901
867 902
868 902
868 903
868 904
869 870
869 904
869 905
869 906
870 871
870 905
870 906
870 907
871 872
871 906
871 907
871 908
872 907
872 908
872 909
873 874
873 909
873 910
874 875
874 910
874 911
875 876
875 910
875 911
875 912
876 877
876 911
876 912
876 913
877 912
877 913
877 914
878 879
878 914
878 915
878 916
879 880
879 915
879 916
879 917
880 881
880 916
880 917
881 882
881 917
881 918
882 883
882 918
882 919
883 884
883 918
883 919
883 920
884 885
884 919
884 920
885 886
885 920
885 921
886 921
886 922
887 888
887 922
887 923
888 889
888 923
888 924
889 890
889 924
889 925
890 891
890 924
890 925
890 926
891 892
891 925
891 926
891 927
892 893
892 926
892 927
892 928
893 927
893 928
894 895
894 929
894 930
895 896
895 929
895 930
895 931
896 897
896 930
896 931
896 932
897 898
897 931
897 932
897 933
898 899
898 932
898 933
898 934
899 900
899 933
899 934
900 934
900 935
901 902
901 935
901 936
902 903
902 936
903 904
903 936
904 905
904 937
905 906
905 937
905 938
906 907
906 937
906 938
906 939
907 908
907 938
907 939
907 940
908 909
908 939
908 940
908 941
909 940
909 941
909 942
910 911
910 942
910 943
910 944
911 912
911 943
911 944
911 945
912 913
912 944
912 945
913 914
913 945
913 946
914 915
914 946
914 947
915 916
915 946
915 947
915 948
916 917
916 947
916 948
916 949
917 948
917 949
917 950
918 919
918 950
919 920
919 951
920 951
920 952
921 922
921 952
921 953
921 954
922 923
922 953
922 954
923 954
923 955
924 925
924 955
924 956
924 957
925 926
925 956
925 957
925 958
926 927
926 957
926 958
926 959
927 928
927 958
927 959
927 960
928 959
928 960
929 930
929 961
929 962
930 931
930 961
930 962
930 963
931 932
931 962
931 963
931 964
932 933
932 963
932 964
932 965
933 934
933 964
933 965
933 966
934 965
934 966
934 967
935 967
935 968
936 969
937 938
937 970
937 971
937 972
938 939
938 971
938 972
938 973
939 940
939 972
939 973
940 941
940 973
940 974
941 942
941 974
941 975
942 943
942 974
942 975
943 944
943 975
943 976
944 945
944 976
944 977
945 976
945 977
945 978
946 947
946 978
946 979
946 980
947 948
947 979
947 980
947 981
948 949
948 980
948 981
949 950
949 981
949 982
950 982
950 983
951 952
951 984
951 985
951 986
952 953
952 985
952 986
952 987
953 954
953 986
953 987
953 988
954 987
954 988
954 989
955 956
955 989
955 990
956 957
956 990
956 991
957 958
957 990
957 991
957 992
958 959
958 991
958 992
958 993
959 960
959 992
959 993
960 993
961 962
961 994
961 995
962 963
962 994
962 995
962 996
963 964
963 995
963 996
963 997
964 965
964 996
964 997
965 966
965 997
965 998
966 967
966 998
966 999
967 968
967 998
967 999
967 1000
968 999
968 1000
968 1001
969 1001
969 1002
970 971
970 1002
970 1003
970 1004
971 972
971 1003
971 1004
972 973
972 1004
972 1005
973 1005
973 1006
974 975
974 1006
974 1007
975 1007
975 1008
976 977
976 1008
976 1009
977 978
977 1009
977 1010
978 979
978 1009
978 1010
978 1011
979 980
979 1010
979 1011
979 1012
980 981
980 1011
980 1012
980 1013
981 1012
981 1013
981 1014
982 983
982 1014
982 1015
982 1016
983 984
983 1015
983 1016
983 1017
984 985
984 1016
984 1017
984 1018
985 986
985 1017
985 1018
985 1019
986 987
986 1018
986 1019
986 1020
987 988
987 1019
987 1020
987 1021
988 989
988 1020
988 1021
988 1022
989 1021
989 1022
989 1023
990 991
990 1023
990 1024
991 992
991 1024
992 993
992 1024
992 1025
993 1025
993 1026
994 995
994 1027
994 1028
995 996
995 1027
995 1028
995 1029
996 997
996 1028
996 1029
996 1030
997 1029
997 1030
997 1031
998 999
998 1031
998 1032
999 1000
999 1032
1000 1001
1000 1032
1000 1033
1001 1033
1001 1034
1002 1003
1002 1034
1002 1035
1002 1036
1003 1004
1003 1035
1003 1036
1004 1036
1004 1037
1005 1006
1005 1037
1005 1038
1006 1007
1006 1038
1006 1039
1007 1038
1007 1039
1007 1040
1008 1040
1008 1041
1009 1010
1009 1042
1010 1011
1010 1042
1011 1012
1011 1042
1012 1013
1012 1043
1013 1014
1013 1043
1013 1044
1014 1015
1014 1043
1014 1044
1014 1045
1015 1016
1015 1044
1015 1045
1015 1046
1016 1017
1016 1045
1016 1046
1017 1018
1017 1046
1017 1047
1018 1019
1018 1047
1018 1048
1019 1020
1019 1047
1019 1048
1019 1049
1020 1021
1020 1048
1020 1049
1020 1050
1021 1022
1021 1049
1021 1050
1022 1023
1022 1050
1023 1051
1024 1051
1024 1052
1024 1053
1025 1026
1025 1053
1025 1054
1025 1055
1026 1054
1026 1055
1027 1028
1027 1056
1027 1057
1028 1029
1028 1056
1028 1057
1028 1058
1029 1030
1029 1057
1029 1058
1030 1031
1030 1058
1030 1059
1031 1059
1032 1060
1032 1061
1033 1034
1033 1061
1033 1062
1033 1063
1034 1035
1034 1062
1034 1063
1034 1064
1035 1036
1035 1063
1035 1064
1035 1065
1036 1064
1036 1065
1036 1066
1037 1066
1037 1067
1037 1068
1038 1039
1038 1068
1038 1069
1038 1070
1039 1040
1039 1069
1039 1070
1039 1071
1040 1041
1040 1070
1040 1071
1040 1072
1041 1071
1041 1072
1041 1073
1042 1074
1042 1075
1042 1076
1043 1044
1043 1077
1043 1078
1043 1079
1044 1045
1044 1078
1044 1079
1044 1080
1045 1046
1045 1079
1045 1080
1045 1081
1046 1080
1046 1081
1046 1082
1047 1048
1047 1082
1047 1083
1047 1084
1048 1049
1048 1083
1048 1084
1048 1085
1049 1050
1049 1084
1049 1085
1049 1086
1050 1085
1050 1086
1050 1087
1051 1052
1051 1088
1051 1089
1051 1090
1052 1053
1052 1089
1052 1090
1052 1091
1053 1054
1053 1090
1053 1091
1053 1092
1054 1055
1054 1091
1054 1092
1054 1093
1055 1092
1055 1093
1056 1057
1056 1094
1057 1058
1057 1094
1057 1095
1058 1094
1058 1095
1058 1096
1059 1096
1059 1097
1060 1061
1060 1098
1061 1062
1061 1098
1061 1099
1062 1063
1062 1098
1062 1099
1062 1100
1063 1064
1063 1099
1063 1100
1063 1101
1064 1065
1064 1100
1064 1101
1065 1066
1065 1101
1065 1102
1066 1067
1066 1102
1066 1103
1067 1068
1067 1102
1067 1103
1067 1104
1068 1069
1068 1103
1068 1104
1068 1105
1069 1070
1069 1104
1069 1105
1069 1106
1070 1071
1070 1105
1070 1106
1070 1107
1071 1072
1071 1106
1071 1107
1072 1073
1072 1107
1072 1108
1073 1074
1073 1108
1074 1075
1074 1108
1074 1109
1075 1076
1075 1109
1075 1110
1076 1077
1076 1109
1076 1110
1076 1111
1077 1078
1077 1110
1077 1111
1077 1112
1078 1079
1078 1111
1078 1112
1079 1080
1079 1112
1079 1113
1080 1081
1080 1113
1080 1114
1081 1082
1081 1113
1081 1114
1081 1115
1082 1083
1082 1114
1082 1115
1082 1116
1083 1084
1083 1115
1083 1116
1083 1117
1084 1085
1084 1116
1084 1117
1084 1118
1085 1086
1085 1117
1085 1118
1085 1119
1086 1087
1086 1118
1086 1119
1086 1120
1087 1088
1087 1119
1087 1120
1087 1121
1088 1089
1088 1120
1088 1121
1089 1090
1089 1121
1090 1091
1091 1092
1091 1122
1092 1093
1092 1122
1092 1123
1093 1122
1093 1123
1094 1095
1094 1124
1094 1125
1094 1126
1095 1096
1095 1125
1095 1126
1095 1127
1096 1097
1096 1126
1096 1127
1096 1128
1097 1127
1097 1128
1098 1099
1098 1129
1098 1130
1098 1131
1099 1100
1099 1130
1099 1131
1099 1132
1100 1101
1100 1131
1100 1132
1100 1133
1101 1132
1101 1133
1101 1134
1102 1103
1102 1134
1102 1135
1103 1104
1103 1135
1103 1136
1104 1105
1104 1135
1104 1136
1104 1137
1105 1106
1105 1136
1105 1137
1106 1107
1106 1137
1106 1138
1107 1138
1108 1139
1108 1140
1109 1110
1109 1140
1109 1141
1110 1111
1110 1141
1111 1112
1111 1142
1112 1142
1112 1143
1113 1114
1113 1143
1113 1144
1114 1115
1114 1144
1115 1116
1116 1117
1116 1145
1117 1118
1117 1145
1117 1146
1118 1119
1118 1145
1118 1146
1118 1147
1119 1120
1119 1146
1119 1147
1119 1148
1120 1121
1120 1147
1120 1148
1120 1149
1121 1148
1121 1149
1121 1150
1122 1123
1122 1152
1122 1153
1123 1153
1124 1125
1125 1126
1125 1154
1126 1127
1126 1154
1126 1155
1127 1128
1127 1154
1127 1155
1128 1155
1128 1156
1129 1130
1129 1156
1129 1157
1129 1158
1130 1131
1130 1157
1130 1158
1130 1159
1131 1132
1131 1158
1131 1159
1131 1160
1132 1133
1132 1159
1132 1160
1132 1161
1133 1134
1133 1160
1133 1161
1133 1162
1134 1161
1134 1162
1135 1136
1135 1163
1135 1164
1136 1137
1136 1163
1136 1164
1136 1165
1137 1164
1137 1165
1137 1166
1138 1166
1138 1167
1138 1168
1139 1140
1139 1168
1139 1169
1140 1141
1140 1169
1140 1170
1141 1170
1141 1171
1142 1143
1142 1172
1142 1173
1142 1174
1143 1144
1143 1173
1143 1174
1143 1175
1144 1174
1144 1175
1144 1176
1145 1146
1145 1178
1145 1179
1145 1180
1146 1147
1146 1179
1146 1180
1146 1181
1147 1148
1147 1180
1147 1181
1148 1149
1148 1181
1148 1182
1149 1150
1149 1182
1149 1183
1150 1151
1150 1182
1150 1183
1150 1184
1151 1152
1151 1183
1151 1184
1152 1184
1152 1185
1153 1185
1153 1186
1154 1155
1154 1188
1154 1189
1155 1189
1155 1190
1156 1157
1156 1190
1156 1191
1157 1158
1157 1191
1157 1192
1158 1159
1158 1192
1158 1193
1159 1160
1159 1192
1159 1193
1159 1194
1160 1161
1160 1193
1160 1194
1160 1195
1161 1162
1161 1194
1161 1195
1161 1196
1162 1195
1162 1196
1162 1197
1163 1164
1163 1197
1163 1198
1163 1199
1164 1165
1164 1198
1164 1199
1164 1200
1165 1166
1165 1199
1165 1200
1165 1201
1166 1167
1166 1200
1166 1201
1166 1202
1167 1168
1167 1201
1167 1202
1167 1203
1168 1169
1168 1202
1168 1203
1168 1204
1169 1203
1169 1204
1169 1205
1170 1171
1170 1205
1170 1206
1170 1207
1171 1172
1171 1206
1171 1207
1171 1208
1172 1173
1172 1207
1172 1208
1172 1209
1173 1174
1173 1208
1173 1209
1174 1175
1174 1209
1174 1210
1175 1176
1175 1210
1176 1177
1176 1210
1176 1211
1177 1178
1177 1211
1177 1212
1178 1179
1178 1211
1178 1212
1178 1213
1179 1180
1179 1212
1179 1213
1180 1181
1180 1213
1180 1214
1181 1214
1181 1215
1182 1183
1182 1215
1182 1216
1183 1184
1183 1216
1183 1217
1184 1216
1184 1217
1184 1218
1185 1186
1185 1218
1187 1188
1187 1219
1188 1219
1189 1190
1189 1220
1189 1221
1190 1191
1190 1220
1190 1221
1190 1222
1191 1221
1191 1222
1191 1223
1192 1193
1192 1223
1192 1224
1192 1225
1193 1194
1193 1224
1193 1225
1194 1195
1194 1225
1195 1196
1195 1226
1196 1197
1196 1226
1196 1227
1197 1198
1197 1226
1197 1227
1197 1228
1198 1199
1198 1227
1198 1228
1199 1200
1199 1228
1200 1201
1200 1229
1201 1202
1201 1229
1201 1230
1202 1203
1202 1229
1202 1230
1202 1231
1203 1204
1203 1230
1203 1231
1204 1205
1204 1231
1204 1232
1205 1206
1205 1232
1205 1233
1206 1207
1206 1232
1206 1233
1206 1234
1207 1208
1207 1233
1207 1234
1208 1209
1208 1234
1208 1235
1209 1235
1209 1236
1210 1236
1210 1237
1210 1238
1211 1212
1211 1238
1211 1239
1212 1213
1212 1239
1212 1240
1213 1239
1213 1240
1213 1241
1214 1215
1214 1241
1214 1242
1214 1243
1215 1242
1215 1243
1215 1244
1216 1217
1216 1244
1216 1245
1216 1246
1217 1218
1217 1245
1217 1246
1217 1247
1218 1246
1218 1247
1220 1221
1220 1249
1220 1250
1221 1222
1221 1249
1221 1250
1221 1251
1222 1223
1222 1250
1222 1251
1223 1224
1223 1251
1223 1252
1224 1225
1224 1252
1224 1253
1225 1252
1225 1253
1225 1254
1226 1227
1226 1255
1226 1256
1226 1257
1227 1228
1227 1256
1227 1257
1227 1258
1228 1257
1228 1258
1229 1230
1229 1259
1229 1260
1229 1261
1230 1231
1230 1260
1230 1261
1230 1262
1231 1261
1231 1262
1231 1263
1232 1233
1232 1263
1232 1264
1233 1234
1233 1264
1233 1265
1234 1265
1234 1266
1235 1236
1235 1266
1235 1267
1235 1268
1236 1237
1236 1267
1236 1268
1236 1269
1237 1238
1237 1268
1237 1269
1237 1270
1238 1269
1238 1270
1238 1271
1239 1240
1239 1271
1240 1241
1240 1272
1241 1242
1241 1272
1241 1273
1242 1243
1242 1272
1242 1273
1243 1244
1243 1273
1243 1274
1244 1245
1244 1274
1244 1275
1245 1246
1245 1274
1245 1275
1245 1276
1246 1247
1246 1275
1246 1276
1246 1277
1247 1276
1247 1277
1247 1278
1248 1278
1248 1279
1249 1250
1250 1251
1252 1253
1253 1254
1254 1255
1255 1256
1256 1257
1257 1258
1259 1260
1260 1261
1261 1262
1262 1263
1263 1264
1265 1266
1266 1267
1267 1268
1268 1269
1269 1270
1270 1271
1272 1273
1274 1275
1275 1276
1276 1277
1277 1278
1278 1279
