# FromNodeId	ToNodeId
0 33
0 34
1 2
1 34
1 35
2 35
2 36
3 4
3 36
3 37
4 5
4 37
4 38
5 6
5 38
5 39
6 7
6 38
6 39
7 39
7 40
8 9
8 41
8 42
8 43
9 10
9 42
9 43
9 44
10 11
10 43
10 44
11 44
11 45
12 13
12 46
12 47
13 14
13 47
13 48
14 15
14 47
14 48
14 49
15 16
15 48
15 49
15 50
16 17
16 49
16 50
16 51
17 18
17 50
17 51
17 52
18 51
18 52
18 53
19 53
19 54
20 55
20 56
21 22
21 56
21 57
21 58
22 23
22 57
22 58
22 59
23 24
23 58
23 59
23 60
24 59
24 60
24 61
25 61
25 62
25 63
26 27
26 63
26 64
26 65
27 28
27 64
27 65
27 66
28 29
28 65
28 66
28 67
29 66
29 67
29 68
30 31
30 68
30 69
30 70
31 32
31 69
31 70
31 71
32 70
32 71
33 34
33 72
34 35
34 72
35 72
35 73
36 37
36 73
36 74
36 75
37 74
37 75
38 39
38 76
39 76
40 41
40 77
40 78
41 42
41 77
41 78
41 79
42 43
42 78
42 79
42 80
43 44
43 79
43 80
43 81
44 80
44 81
45 46
46 82
47 48
47 82
47 83
48 49
48 83
49 50
49 84
50 51
50 84
51 52
51 84
52 53
53 54
53 85
54 85
54 86
55 56
55 86
55 87
55 88
56 57
56 87
56 88
56 89
57 58
57 88
57 89
57 90
58 59
58 89
58 90
58 91
59 60
59 90
59 91
59 92
60 61
60 91
60 92
60 93
61 62
61 92
61 93
61 94
62 63
62 93
62 94
62 95
63 64
63 94
63 95
63 96
64 65
64 95
64 96
65 66
65 96
65 97
66 67
66 97
67 68
67 97
67 98
68 69
68 98
69 70
69 98
70 71
70 99
71 99
72 100
72 101
73 74
73 101
73 102
73 103
74 75
74 102
74 103
74 104
75 103
75 104
76 105
76 106
76 107
77 78
77 107
77 108
78 79
78 108
78 109
79 80
79 108
79 109
80 81
80 109
80 110
81 110
81 111
82 83
82 112
82 113
83 113
83 114
84 115
84 116
84 117
85 86
85 119
85 120
86 87
86 119
86 120
86 121
87 88
87 120
87 121
87 122
88 89
88 121
88 122
88 123
89 90
89 122
89 123
89 124
90 91
90 123
90 124
90 125
91 92
91 124
91 125
91 126
92 93
92 125
92 126
92 127
93 94
93 126
93 127
93 128
94 95
94 127
94 128
94 129
95 96
95 128
95 129
95 130
96 129
96 130
99 131
99 132
100 133
101 102
101 133
101 134
102 103
102 134
102 135
103 104
103 135
103 136
104 135
104 136
104 137
105 106
105 137
105 138
105 139
106 107
106 138
106 139
106 140
107 139
107 140
107 141
108 109
108 141
108 142
108 143
109 142
109 143
110 111
110 144
110 145
111 144
111 145
111 146
112 146
112 147
113 114
113 148
113 149
114 115
114 148
114 149
114 150
115 116
115 149
115 150
115 151
116 117
116 150
116 151
116 152
117 118
117 151
117 152
117 153
118 152
118 153
118 154
119 120
119 154
119 155
119 156
120 121
120 155
120 156
120 157
121 122
121 156
121 157
121 158
122 123
122 157
122 158
122 159
123 124
123 158
123 159
123 160
124 125
124 159
124 160
124 161
125 126
125 160
125 161
125 162
126 127
126 161
126 162
127 128
127 162
127 163
128 129
128 163
129 130
129 163
129 164
130 164
130 165
131 132
131 169
131 170
132 170
133 134
133 171
133 172
134 172
134 173
135 136
135 173
135 174
136 137
136 174
136 175
137 138
137 175
137 176
138 139
138 175
138 176
138 177
139 140
139 176
139 177
139 178
140 141
140 177
140 178
140 179
141 142
141 178
141 179
142 143
142 179
142 180
143 180
143 181
144 145
144 181
144 182
144 183
145 146
145 182
145 183
145 184
146 147
146 183
146 184
146 185
147 184
147 185
147 186
148 149
148 186
148 187
148 188
149 150
149 187
149 188
149 189
150 151
150 188
150 189
150 190
151 152
151 189
151 190
151 191
152 153
152 190
152 191
152 192
153 154
153 191
153 192
153 193
154 155
154 192
154 193
154 194
155 156
155 193
155 194
156 157
156 194
156 195
157 158
157 195
157 196
158 159
158 195
158 196
158 197
159 160
159 196
159 197
159 198
160 161
160 197
160 198
160 199
161 162
161 198
161 199
161 200
162 199
162 200
162 201
163 201
163 202
163 203
164 165
164 203
164 204
164 205
165 166
165 204
165 205
166 167
166 205
166 206
167 168
167 206
168 169
168 206
168 207
169 207
169 208
170 208
170 209
171 210
171 211
172 173
172 211
172 212
172 213
173 174
173 212
173 213
173 214
174 213
174 214
174 215
175 176
175 215
175 216
176 177
176 216
176 217
177 178
177 216
177 217
177 218
178 179
178 217
178 218
178 219
179 218
179 219
180 181
180 220
180 221
181 182
181 220
181 221
181 222
182 183
182 221
182 222
182 223
183 184
183 222
183 223
184 185
184 223
185 186
185 224
186 187
186 224
186 225
187 188
187 224
187 225
187 226
188 189
188 225
188 226
188 227
189 190
189 226
189 227
189 228
190 191
190 227
190 228
190 229
191 192
191 228
191 229
191 230
192 193
192 229
192 230
192 231
193 194
193 230
193 231
193 232
194 231
194 232
195 196
195 233
196 197
196 233
197 198
197 234
198 199
198 234
198 235
199 200
199 234
199 235
199 236
200 201
200 235
200 236
200 237
201 202
201 236
201 237
202 203
202 237
203 204
203 238
204 205
204 238
204 239
205 238
205 239
206 240
207 208
207 240
207 241
207 242
208 209
208 241
208 242
209 242
210 211
210 243
210 244
211 212
211 243
211 244
211 245
212 213
212 244
212 245
212 246
213 214
213 245
213 246
214 215
214 246
214 247
215 247
216 217
216 248
216 249
217 218
217 248
217 249
218 219
218 249
218 250
219 250
219 251
220 221
220 251
220 252
221 222
221 252
221 253
222 223
222 253
222 254
223 253
223 254
223 255
224 225
224 256
224 257
224 258
225 226
225 257
225 258
226 227
226 258
227 228
228 229
228 259
229 230
229 259
229 260
230 231
230 259
230 260
230 261
231 232
231 260
231 261
231 262
232 261
232 262
232 263
233 263
233 264
234 235
234 265
234 266
235 236
235 265
235 266
235 267
236 237
236 266
236 267
236 268
237 267
237 268
237 269
238 239
238 270
238 271
239 271
239 272
240 241
240 273
241 242
241 273
242 273
242 274
243 244
243 275
243 276
244 245
244 275
244 276
244 277
245 246
245 276
245 277
245 278
246 277
246 278
246 279
247 279
247 280
247 281
248 249
248 281
248 282
248 283
249 282
249 283
249 284
250 251
250 284
250 285
250 286
251 252
251 285
251 286
252 286
252 287
253 254
253 287
253 288
253 289
254 255
254 288
254 289
254 290
255 256
255 289
255 290
256 257
256 290
256 291
257 258
257 291
258 291
258 292
259 260
259 294
259 295
259 296
260 261
260 295
260 296
260 297
261 262
261 296
261 297
262 263
262 297
263 298
264 298
264 299
264 300
265 266
265 300
265 301
266 267
266 301
266 302
267 268
267 301
267 302
267 303
268 269
268 302
268 303
268 304
269 270
269 303
269 304
269 305
270 271
270 304
270 305
270 306
271 305
271 306
271 307
272 307
272 308
273 309
273 310
274 311
275 276
275 312
276 277
276 312
277 278
277 312
278 279
279 280
279 313
280 281
280 313
280 314
281 282
281 313
281 314
281 315
282 283
282 314
282 315
282 316
283 284
283 315
283 316
283 317
284 285
284 316
284 317
285 286
285 317
285 318
286 318
286 319
287 288
287 319
287 320
288 289
288 320
288 321
289 290
289 321
289 322
290 321
290 322
290 323
291 323
291 324
291 325
292 293
292 325
292 326
293 294
293 326
294 295
294 327
295 296
295 327
295 328
296 297
296 327
296 328
297 328
297 329
298 299
298 330
298 331
299 300
299 330
299 331
299 332
300 331
300 332
300 333
301 302
301 333
301 334
301 335
302 303
302 334
302 335
302 336
303 304
303 335
303 336
303 337
304 305
304 336
304 337
304 338
305 306
305 337
305 338
305 339
306 307
306 338
306 339
306 340
307 339
307 340
307 341
308 309
308 341
308 342
308 343
309 310
309 342
309 343
309 344
310 343
310 344
310 345
311 345
312 346
312 347
313 314
313 349
313 350
314 315
314 349
314 350
314 351
315 316
315 350
315 351
315 352
316 317
316 351
316 352
316 353
317 352
317 353
318 319
318 354
318 355
319 320
319 354
319 355
319 356
320 355
320 356
320 357
321 322
321 357
321 358
321 359
322 323
322 358
322 359
322 360
323 324
323 359
323 360
323 361
324 325
324 360
324 361
324 362
325 326
325 361
325 362
325 363
326 362
326 363
326 364
327 328
327 365
327 366
328 366
328 367
329 367
329 368
329 369
330 331
330 369
330 370
331 332
331 370
332 333
332 370
332 371
333 334
333 371
333 372
334 335
334 371
334 372
334 373
335 336
335 372
335 373
335 374
336 337
336 373
336 374
336 375
337 338
337 374
337 375
338 339
338 375
339 340
339 376
340 341
340 376
340 377
341 342
341 376
341 377
341 378
342 343
342 377
342 378
342 379
343 344
343 378
343 379
343 380
344 345
344 379
344 380
345 380
345 381
346 382
346 383
347 348
347 383
347 384
347 385
348 384
348 385
348 386
349 350
349 386
349 387
349 388
350 351
350 387
350 388
351 352
351 388
351 389
352 353
352 389
352 390
353 389
353 390
353 391
354 355
354 391
354 392
354 393
355 356
355 392
355 393
355 394
356 357
356 393
356 394
356 395
357 358
357 394
357 395
357 396
358 359
358 395
358 396
358 397
359 360
359 396
359 397
359 398
360 361
360 397
360 398
360 399
361 362
361 398
361 399
362 363
362 399
362 400
363 364
363 400
363 401
364 365
364 400
364 401
364 402
365 401
365 402
365 403
366 367
366 403
366 404
366 405
367 368
367 404
367 405
368 369
368 405
368 406
369 406
369 407
370 407
370 408
370 409
371 372
371 409
371 410
371 411
372 373
372 410
372 411
372 412
373 374
373 411
373 412
373 413
374 375
374 412
374 413
374 414
375 413
375 414
375 415
376 377
376 416
376 417
376 418
377 378
377 417
377 418
377 419
378 379
378 418
378 419
378 420
379 380
379 419
379 420
379 421
380 420
380 421
380 422
381 422
381 423
382 383
382 424
383 384
383 424
383 425
384 385
384 424
384 425
384 426
385 386
385 425
385 426
386 387
386 426
386 427
387 388
387 427
387 428
388 427
388 428
388 429
389 390
389 429
389 430
389 431
390 391
390 430
390 431
390 432
391 392
391 431
391 432
392 393
392 432
392 433
393 394
393 433
393 434
394 395
394 433
394 434
395 396
395 434
395 435
396 397
396 435
396 436
397 398
397 435
397 436
397 437
398 399
398 436
398 437
399 437
400 401
400 438
400 439
401 402
401 438
401 439
401 440
402 403
402 439
402 440
403 404
403 440
404 405
404 441
405 441
405 442
406 407
406 442
406 443
406 444
407 408
407 443
407 444
407 445
408 409
408 444
408 445
408 446
409 410
409 445
409 446
409 447
410 411
410 446
410 447
410 448
411 412
411 447
411 448
411 449
412 413
412 448
412 449
412 450
413 414
413 449
413 450
413 451
414 415
414 450
414 451
414 452
415 416
415 451
415 452
415 453
416 417
416 452
416 453
416 454
417 418
417 453
417 454
417 455
418 419
418 454
418 455
418 456
419 420
419 455
419 456
419 457
420 421
420 456
420 457
420 458
421 422
421 457
421 458
421 459
422 423
422 458
422 459
423 459
424 425
424 460
424 461
425 426
425 461
425 462
426 462
427 428
427 463
427 464
428 429
428 463
428 464
429 430
429 464
430 431
430 465
431 432
431 465
431 466
432 465
432 466
432 467
433 434
433 467
433 468
433 469
434 468
434 469
434 470
435 436
435 470
435 471
435 472
436 437
436 471
436 472
436 473
437 472
437 473
437 474
438 439
438 475
438 476
438 477
439 440
439 476
439 477
439 478
440 477
440 478
440 479
441 442
441 480
441 481
441 482
442 443
442 481
442 482
443 444
443 482
443 483
444 445
444 483
445 446
445 483
445 484
446 447
446 484
446 485
447 448
447 484
447 485
447 486
448 449
448 485
448 486
448 487
449 450
449 486
449 487
450 451
450 487
450 488
451 452
451 488
452 453
452 488
452 489
453 454
453 489
453 490
454 455
454 489
454 490
455 456
455 490
455 491
456 457
456 491
457 458
457 491
457 492
458 459
458 492
458 493
459 492
459 493
460 461
460 494
460 495
461 494
461 495
461 496
462 496
462 497
462 498
463 464
463 498
463 499
463 500
464 499
464 500
464 501
465 466
466 467
466 502
467 468
467 502
467 503
468 469
468 502
468 503
468 504
469 470
469 503
469 504
469 505
470 471
470 504
470 505
470 506
471 472
471 505
471 506
471 507
472 473
472 506
472 507
472 508
473 474
473 507
473 508
473 509
474 475
474 508
474 509
474 510
475 476
475 509
475 510
475 511
476 477
476 510
476 511
476 512
477 478
477 511
477 512
477 513
478 479
478 512
478 513
478 514
479 480
479 513
479 514
479 515
480 481
480 514
480 515
480 516
481 482
481 515
481 516
481 517
482 516
482 517
482 518
483 518
483 519
484 485
484 520
485 486
485 520
485 521
486 487
486 521
486 522
487 521
487 522
487 523
488 523
488 524
489 490
489 524
489 525
490 525
490 526
491 526
491 527
491 528
492 493
492 528
492 529
492 530
493 529
493 530
493 531
494 495
494 532
495 496
495 532
495 533
496 497
496 533
497 498
497 533
497 534
498 499
498 534
498 535
499 500
499 534
499 535
500 501
500 535
500 536
501 536
501 537
502 503
502 539
502 540
502 541
503 504
503 540
503 541
503 542
504 505
504 541
504 542
504 543
505 506
505 542
505 543
505 544
506 507
506 543
506 544
506 545
507 508
507 544
507 545
508 509
508 545
508 546
509 510
509 546
509 547
510 511
510 546
510 547
510 548
511 512
511 547
511 548
511 549
512 513
512 548
512 549
512 550
513 514
513 549
513 550
513 551
514 515
514 550
514 551
514 552
515 516
515 551
515 552
515 553
516 517
516 552
516 553
516 554
517 518
517 553
517 554
517 555
518 519
518 554
518 555
518 556
519 555
519 556
519 557
520 557
520 558
520 559
521 522
521 559
521 560
521 561
522 523
522 560
522 561
523 561
523 562
524 525
524 562
524 563
524 564
525 563
525 564
525 565
526 527
526 565
527 528
528 529
528 566
529 530
529 566
529 567
530 531
530 566
530 567
530 568
531 567
531 568
532 569
532 570
533 570
533 571
533 572
534 535
534 572
534 573
534 574
535 573
535 574
535 575
536 537
536 575
536 576
536 577
537 538
537 576
537 577
537 578
538 539
538 577
538 578
538 579
539 540
539 578
539 579
539 580
540 541
540 579
540 580
540 581
541 542
541 580
541 581
542 543
542 581
542 582
543 544
543 582
543 583
544 545
544 582
544 583
544 584
545 583
545 584
545 585
546 547
546 585
546 586
547 548
547 586
547 587
548 549
548 586
548 587
548 588
549 550
549 587
549 588
550 551
550 588
550 589
551 552
551 589
551 590
552 553
552 589
552 590
552 591
553 554
553 590
553 591
554 555
554 591
554 592
555 556
555 592
555 593
556 557
556 592
556 593
556 594
557 558
557 593
557 594
557 595
558 559
558 594
558 595
558 596
559 560
559 595
559 596
559 597
560 561
560 596
560 597
560 598
561 597
561 598
561 599
562 563
562 599
562 600
562 601
563 564
563 600
563 601
563 602
564 565
564 601
564 602
565 602
565 603
566 567
566 605
566 606
567 568
567 606
567 607
568 607
569 570
569 608
569 609
570 571
570 608
570 609
570 610
571 572
571 609
571 610
571 611
572 573
572 610
572 611
572 612
573 574
573 611
573 612
573 613
574 575
574 612
574 613
574 614
575 576
575 613
575 614
575 615
576 577
576 614
576 615
576 616
577 578
577 615
577 616
577 617
578 579
578 616
578 617
579 580
579 617
579 618
580 581
580 618
580 619
581 618
581 619
581 620
582 583
582 620
582 621
582 622
583 584
583 621
583 622
583 623
584 585
584 622
584 623
584 624
585 623
585 624
585 625
586 587
586 625
586 626
586 627
587 588
587 626
587 627
587 628
588 627
588 628
588 629
589 590
589 629
589 630
589 631
590 591
590 630
590 631
590 632
591 631
591 632
592 593
592 633
593 594
593 633
593 634
594 595
594 633
594 634
594 635
595 596
595 634
595 635
595 636
596 597
596 635
596 636
596 637
597 598
597 636
597 637
598 599
598 637
598 638
599 600
599 638
599 639
600 601
600 638
600 639
600 640
601 602
601 639
601 640
601 641
602 640
602 641
602 642
603 604
603 642
603 643
603 644
604 605
604 643
604 644
604 645
605 606
605 644
605 645
605 646
606 645
606 646
606 647
607 647
607 648
608 609
608 649
608 650
609 610
609 649
609 650
610 611
610 650
610 651
611 612
611 651
611 652
612 613
612 651
612 652
612 653
613 614
613 652
613 653
614 615
614 653
614 654
615 616
615 654
616 617
616 654
617 655
618 619
618 655
618 656
618 657
619 620
619 656
619 657
619 658
620 621
620 657
620 658
620 659
621 622
621 658
621 659
621 660
622 623
622 659
622 660
622 661
623 624
623 660
623 661
623 662
624 625
624 661
624 662
624 663
625 626
625 662
625 663
625 664
626 627
626 663
626 664
626 665
627 628
627 664
627 665
628 629
628 665
628 666
629 630
629 666
629 667
630 631
630 666
630 667
630 668
631 632
631 667
631 668
631 669
632 668
632 669
633 634
633 670
633 671
633 672
634 635
634 671
634 672
634 673
635 636
635 672
635 673
636 637
636 673
636 674
637 674
637 675
638 639
638 675
638 676
639 640
639 676
639 677
640 641
640 676
640 677
640 678
641 642
641 677
641 678
641 679
642 643
642 678
642 679
642 680
643 644
643 679
643 680
644 645
644 680
644 681
645 646
645 681
645 682
646 647
646 681
646 682
646 683
647 648
647 682
647 683
648 683
649 650
649 684
649 685
650 684
650 685
651 652
651 686
651 687
652 653
652 686
652 687
652 688
653 687
653 688
653 689
654 689
654 690
654 691
655 656
655 692
655 693
656 657
656 692
656 693
656 694
657 658
657 693
657 694
657 695
658 659
658 694
658 695
659 660
659 695
659 696
660 661
660 696
661 662
661 696
661 697
662 663
662 697
662 698
663 664
663 697
663 698
663 699
664 665
664 698
664 699
664 700
665 699
665 700
665 701
666 667
666 701
666 702
666 703
667 668
667 702
667 703
668 669
668 703
670 671
670 704
670 705
671 672
671 704
671 705
672 673
672 705
672 706
673 706
673 707
674 675
674 707
674 708
674 709
675 708
675 709
675 710
676 677
676 710
676 711
676 712
677 678
677 711
677 712
677 713
678 679
678 712
678 713
678 714
679 680
679 713
679 714
679 715
680 714
680 715
680 716
681 682
681 716
681 717
681 718
682 683
682 717
682 718
682 719
683 718
683 719
683 720
684 685
684 721
684 722
685 721
685 722
685 723
686 687
686 723
686 724
687 688
687 724
688 689
688 725
689 690
689 725
689 726
690 691
690 725
690 726
690 727
691 726
691 727
692 693
692 728
692 729
693 694
693 728
693 729
693 730
694 695
694 729
694 730
694 731
695 730
695 731
695 732
696 732
696 733
697 698
697 734
698 699
698 734
699 700
699 735
700 701
700 735
700 736
701 702
701 735
701 736
701 737
702 703
702 736
702 737
703 737
704 705
704 739
704 740
704 741
705 740
705 741
705 742
706 707
706 742
706 743
706 744
707 708
707 743
707 744
707 745
708 709
708 744
708 745
708 746
709 710
709 745
709 746
709 747
710 711
710 746
710 747
710 748
711 712
711 747
711 748
711 749
712 713
712 748
712 749
712 750
713 714
713 749
713 750
713 751
714 715
714 750
714 751
714 752
715 716
715 751
715 752
716 717
716 752
716 753
717 718
717 753
717 754
718 719
718 753
718 754
718 755
719 720
719 754
719 755
719 756
720 755
720 756
721 722
721 757
722 723
722 757
722 758
723 724
723 758
723 759
724 758
724 759
724 760
725 726
725 761
725 762
726 727
726 762
726 763
727 763
728 729
728 764
728 765
729 730
729 764
729 765
729 766
730 731
730 765
730 766
730 767
731 732
731 766
731 767
731 768
732 733
732 767
732 768
732 769
733 768
733 769
733 770
734 770
734 771
734 772
735 736
735 773
736 737
736 773
737 773
737 774
738 739
738 775
738 776
739 740
739 776
739 777
740 741
740 777
740 778
741 742
741 777
741 778
741 779
742 743
742 778
742 779
742 780
743 744
743 779
743 780
744 745
744 780
744 781
745 746
745 781
745 782
746 747
746 781
746 782
746 783
747 748
747 782
747 783
747 784
748 749
748 783
748 784
748 785
749 750
749 784
749 785
749 786
750 751
750 785
750 786
750 787
751 752
751 786
751 787
751 788
752 787
752 788
752 789
753 754
753 789
753 790
753 791
754 755
754 790
754 791
754 792
755 756
755 791
755 792
755 793
756 792
756 793
757 794
758 759
758 794
758 795
758 796
759 760
759 795
759 796
759 797
760 761
760 796
760 797
760 798
761 762
761 797
761 798
761 799
762 798
762 799
762 800
763 800
763 801
763 802
764 765
764 802
764 803
764 804
765 766
765 803
765 804
765 805
766 767
766 804
766 805
766 806
767 768
767 805
767 806
768 769
768 806
768 807
769 770
769 807
769 808
770 771
770 807
770 808
770 809
771 772
771 808
771 809
771 810
772 809
772 810
772 811
773 812
773 813
774 775
774 814
774 815
775 776
775 814
775 815
775 816
776 815
776 816
776 817
777 778
777 817
777 818
777 819
778 779
778 818
778 819
778 820
779 780
779 819
779 820
779 821
780 820
780 821
780 822
781 782
781 822
781 823
781 824
782 783
782 823
782 824
782 825
783 784
783 824
783 825
783 826
784 785
784 825
784 826
784 827
785 786
785 826
785 827
785 828
786 787
786 827
786 828
786 829
787 788
787 828
787 829
788 789
788 829
788 830
789 790
789 830
789 831
790 791
790 830
790 831
791 792
791 831
791 832
792 793
792 832
792 833
793 832
793 833
794 795
794 834
794 835
795 796
795 835
796 797
796 836
797 798
797 836
797 837
798 799
798 836
798 837
798 838
799 800
799 837
799 838
800 801
800 838
800 839
801 802
801 839
801 840
802 803
802 839
802 840
802 841
803 804
803 840
803 841
803 842
804 805
804 841
804 842
804 843
805 806
805 842
805 843
805 844
806 843
806 844
806 845
807 808
807 845
807 846
808 809
808 846
808 847
809 810
809 846
809 847
809 848
810 811
810 847
810 848
810 849
811 812
811 848
811 849
812 813
812 849
812 850
813 850
813 851
814 815
814 851
814 852
815 816
815 852
816 817
816 853
817 818
817 853
818 819
818 853
818 854
819 820
819 854
819 855
820 821
820 854
820 855
820 856
821 822
821 855
821 856
821 857
822 823
822 856
822 857
822 858
823 824
823 857
823 858
823 859
824 825
824 858
824 859
824 860
825 826
825 859
825 860
825 861
826 827
826 860
826 861
826 862
827 828
827 861
827 862
827 863
828 829
828 862
828 863
828 864
829 863
829 864
830 831
831 865
832 833
832 865
832 866
833 866
834 835
835 867
836 837
836 868
836 869
837 838
837 869
838 869
838 870
839 840
839 870
839 871
840 841
840 871
840 872
841 842
841 872
841 873
842 843
842 872
842 873
842 874
843 844
843 873
843 874
843 875
844 845
844 874
844 875
844 876
845 875
845 876
845 877
846 847
846 877
847 848
847 878
848 849
848 878
849 878
849 879
850 851
850 879
850 880
850 881
851 852
851 880
851 881
851 882
852 881
852 882
852 883
853 884
853 885
854 855
854 886
854 887
855 856
855 886
855 887
855 888
856 857
856 887
856 888
857 858
857 888
857 889
858 859
858 889
859 860
859 889
859 890
860 861
860 890
860 891
861 862
861 890
861 891
861 892
862 863
862 891
862 892
863 864
863 892
863 893
864 893
864 894
865 895
865 896
866 896
867 868
867 898
867 899
868 898
868 899
868 900
869 900
869 901
869 902
870 871
870 902
870 903
871 903
871 904
872 873
872 904
872 905
873 874
873 905
873 906
874 875
874 905
874 906
874 907
875 876
875 906
875 907
875 908
876 877
876 907
876 908
877 908
877 909
878 910
878 911
878 912
879 880
879 912
879 913
879 914
880 881
880 913
880 914
880 915
881 882
881 914
881 915
882 883
882 915
882 916
883 884
883 916
884 885
884 916
884 917
885 917
885 918
886 887
886 918
886 919
887 888
887 919
887 920
888 920
888 921
889 921
889 922
890 891
890 922
890 923
890 924
891 892
891 923
891 924
892 924
893 894
893 925
894 925
894 926
895 926
895 927
896 927
896 928
897 929
897 930
898 899
898 930
898 931
898 932
899 900
899 931
899 932
900 901
900 932
900 933
901 902
901 933
901 934
902 903
902 933
902 934
903 934
903 935
904 935
904 936
904 937
905 906
905 937
905 938
905 939
906 907
906 938
906 939
906 940
907 908
907 939
907 940
907 941
908 940
908 941
908 942
909 910
909 942
909 943
909 944
910 911
910 943
910 944
910 945
911 912
911 944
911 945
911 946
912 913
912 945
912 946
912 947
913 914
913 946
913 947
913 948
914 915
914 947
914 948
915 948
916 949
916 950
917 918
917 950
917 951
917 952
918 919
918 951
918 952
918 953
919 952
919 953
919 954
920 921
920 954
920 955
921 955
922 923
922 956
923 924
923 956
923 957
924 957
924 958
925 959
925 960
925 961
926 961
926 962
926 963
927 928
927 963
927 964
927 965
928 964
928 965
929 930
929 966
930 931
930 966
930 967
931 932
931 966
931 967
931 968
932 967
932 968
933 934
933 969
934 969
935 936
935 970
936 937
936 970
936 971
937 938
937 971
938 939
938 971
938 972
939 940
939 972
940 941
940 972
940 973
941 942
941 973
942 943
942 973
943 944
943 974
944 945
944 974
944 975
945 946
945 974
945 975
945 976
946 947
946 975
946 976
946 977
947 948
947 976
947 977
947 978
948 977
948 978
948 979
949 950
949 980
950 951
950 981
951 952
951 981
951 982
952 953
952 981
952 982
952 983
953 954
953 982
953 983
953 984
954 955
954 983
954 984
954 985
955 984
955 985
955 986
956 987
956 988
957 958
957 988
957 989
957 990
958 959
958 989
958 990
958 991
959 960
959 990
959 991
960 961
960 991
960 992
961 962
961 992
961 993
962 963
962 992
962 993
963 964
963 993
963 994
964 965
964 994
964 995
965 994
965 995
965 996
966 967
966 997
966 998
966 999
967 968
967 998
967 999
967 1000
968 999
968 1000
968 1001
969 1002
969 1003
970 1003
970 1004
970 1005
971 1005
971 1006
971 1007
972 1007
972 1008
973 1009
973 1010
974 975
974 1011
974 1012
975 976
975 1012
975 1013
976 977
976 1012
976 1013
977 978
977 1013
977 1014
978 979
978 1014
978 1015
979 980
979 1014
979 1015
980 1015
980 1016
981 982
981 1017
981 1018
981 1019
982 983
982 1018
982 1019
983 984
983 1019
984 985
985 986
985 1020
986 1020
986 1021
987 988
987 1021
987 1022
987 1023
988 989
988 1022
988 1023
988 1024
989 990
989 1023
989 1024
989 1025
990 991
990 1024
990 1025
990 1026
991 1025
991 1026
991 1027
992 993
992 1027
992 1028
992 1029
993 1028
993 1029
993 1030
994 995
994 1030
994 1031
995 996
995 1031
995 1032
996 1032
997 998
997 1033
997 1034
998 999
998 1033
998 1034
998 1035
999 1000
999 1034
999 1035
999 1036
1000 1001
1000 1035
1000 1036
1000 1037
1001 1036
1001 1037
1001 1038
1002 1003
1002 1038
1002 1039
1002 1040
1003 1004
1003 1039
1003 1040
1003 1041
1004 1005
1004 1040
1004 1041
1004 1042
1005 1006
1005 1041
1005 1042
1005 1043
1006 1007
1006 1042
1006 1043
1006 1044
1007 1008
1007 1043
1007 1044
1008 1044
1008 1045
1009 1010
1009 1045
1009 1046
1010 1011
1010 1046
1011 1047
1012 1013
1012 1047
1012 1048
1013 1048
1013 1049
1014 1015
1014 1049
1014 1050
1014 1051
1015 1050
1015 1051
1015 1052
1016 1017
1016 1052
1016 1053
1016 1054
1017 1018
1017 1053
1017 1054
1017 1055
1018 1019
1018 1054
1018 1055
1018 1056
1019 1055
1019 1056
1019 1057
1020 1021
1020 1059
1020 1060
1020 1061
1021 1022
1021 1060
1021 1061
1021 1062
1022 1023
1022 1061
1022 1062
1022 1063
1023 1024
1023 1062
1023 1063
1023 1064
1024 1025
1024 1063
1024 1064
1024 1065
1025 1026
1025 1064
1025 1065
1025 1066
1026 1027
1026 1065
1026 1066
1027 1028
1027 1066
1028 1029
1029 1030
1029 1067
1030 1031
1030 1067
1030 1068
1031 1067
1031 1068
1031 1069
1032 1069
1032 1070
1033 1034
1033 1071
1034 1035
1034 1071
1034 1072
1035 1036
1035 1071
1035 1072
1035 1073
1036 1037
1036 1072
1036 1073
1036 1074
1037 1038
1037 1073
1037 1074
1037 1075
1038 1039
1038 1074
1038 1075
1038 1076
1039 1040
1039 1075
1039 1076
1039 1077
1040 1041
1040 1076
1040 1077
1040 1078
1041 1042
1041 1077
1041 1078
1041 1079
1042 1043
1042 1078
1042 1079
1042 1080
1043 1044
1043 1079
1043 1080
1043 1081
1044 1080
1044 1081
1044 1082
1045 1046
1045 1082
1045 1083
1045 1084
1046 1083
1046 1084
1046 1085
1047 1048
1047 1086
1047 1087
1047 1088
1048 1087
1048 1088
1048 1089
1049 1050
1049 1089
1049 1090
1049 1091
1050 1051
1050 1090
1050 1091
1050 1092
1051 1052
1051 1091
1051 1092
1051 1093
1052 1053
1052 1092
1052 1093
1052 1094
1053 1054
1053 1093
1053 1094
1054 1055
1054 1094
1054 1095
1055 1056
1055 1095
1056 1057
1056 1095
1056 1096
1057 1058
1057 1096
1057 1097
1058 1059
1058 1096
1058 1097
1058 1098
1059 1060
1059 1097
1059 1098
1059 1099
1060 1061
1060 1098
1060 1099
1060 1100
1061 1062
1061 1099
1061 1100
1061 1101
1062 1063
1062 1100
1062 1101
1062 1102
1063 1064
1063 1101
1063 1102
1064 1065
1064 1102
1064 1103
1065 1066
1065 1103
1065 1104
1066 1103
1066 1104
1066 1105
1067 1068
1067 1107
1067 1108
1067 1109
1068 1069
1068 1108
1068 1109
1069 1070
1069 1109
1069 1110
1070 1110
1071 1072
1071 1111
1071 1112
1072 1073
1072 1112
1073 1074
1073 1112
1073 1113
1074 1075
1074 1113
1074 1114
1075 1076
1075 1113
1075 1114
1075 1115
1076 1077
1076 1114
1076 1115
1076 1116
1077 1078
1077 1115
1077 1116
1077 1117
1078 1079
1078 1116
1078 1117
1078 1118
1079 1080
1079 1117
1079 1118
1079 1119
1080 1081
1080 1118
1080 1119
1080 1120
1081 1082
1081 1119
1081 1120
1081 1121
1082 1083
1082 1120
1082 1121
1082 1122
1083 1084
1083 1121
1083 1122
1084 1085
1084 1122
1084 1123
1085 1086
1085 1123
1085 1124
1086 1087
1086 1123
1086 1124
1086 1125
1087 1088
1087 1124
1087 1125
1087 1126
1088 1089
1088 1125
1088 1126
1088 1127
1089 1090
1089 1126
1089 1127
1089 1128
1090 1091
1090 1127
1090 1128
1090 1129
1091 1092
1091 1128
1091 1129
1091 1130
1092 1093
1092 1129
1092 1130
1093 1094
1093 1130
1093 1131
1094 1131
1094 1132
1095 1132
1095 1133
1095 1134
1096 1097
1096 1134
1096 1135
1096 1136
1097 1098
1097 1135
1097 1136
1097 1137
1098 1099
1098 1136
1098 1137
1099 1100
1099 1137
1099 1138
1100 1101
1100 1138
1101 1102
1101 1138
1102 1139
1103 1104
1103 1139
1104 1105
1104 1140
1105 1106
1105 1140
1105 1141
1106 1107
1106 1140
1106 1141
1106 1142
1107 1108
1107 1141
1107 1142
1107 1143
1108 1109
1108 1142
1108 1143
1108 1144
1109 1143
1109 1144
1110 1145
1111 1146
1111 1147
1112 1147
1112 1148
1112 1149
1113 1114
1113 1149
1113 1150
1113 1151
1114 1115
1114 1150
1114 1151
1115 1116
1115 1151
1115 1152
1116 1117
1116 1152
1116 1153
1117 1118
1117 1152
1117 1153
1117 1154
1118 1119
1118 1153
1118 1154
1119 1120
1119 1154
1119 1155
1120 1121
1120 1155
1121 1122
1121 1155
1121 1156
1122 1156
1123 1124
1123 1157
1123 1158
1124 1125
1124 1157
1124 1158
1124 1159
1125 1126
1125 1158
1125 1159
1126 1127
1126 1159
1126 1160
1127 1128
1127 1160
1127 1161
1128 1129
1128 1160
1128 1161
1128 1162
1129 1130
1129 1161
1129 1162
1130 1162
1130 1163
1131 1132
1131 1163
1131 1164
1132 1133
1132 1164
1132 1165
1133 1134
1133 1164
1133 1165
1133 1166
1134 1135
1134 1165
1134 1166
1134 1167
1135 1136
1135 1166
1135 1167
1135 1168
1136 1137
1136 1167
1136 1168
1136 1169
1137 1168
1137 1169
1137 1170
1138 1170
1138 1171
1138 1172
1139 1173
1139 1174
1139 1175
1140 1141
1140 1176
1140 1177
1140 1178
1141 1142
1141 1177
1141 1178
1141 1179
1142 1143
1142 1178
1142 1179
1142 1180
1143 1144
1143 1179
1143 1180
1143 1181
1144 1180
1144 1181
1144 1182
1145 1182
1145 1183
1146 1147
1146 1184
1147 1148
1147 1184
1147 1185
1148 1149
1148 1184
1148 1185
1148 1186
1149 1150
1149 1185
1149 1186
1149 1187
1150 1151
1150 1186
1150 1187
1150 1188
1151 1187
1151 1188
1151 1189
1152 1153
1152 1189
1152 1190
1152 1191
1153 1154
1153 1190
1153 1191
1153 1192
1154 1191
1154 1192
1154 1193
1155 1193
1155 1194
1156 1194
1156 1195
1156 1196
1157 1158
1157 1196
1157 1197
1157 1198
1158 1159
1158 1197
1158 1198
1158 1199
1159 1198
1159 1199
1159 1200
1160 1161
1160 1200
1160 1201
1160 1202
1161 1162
1161 1201
1161 1202
1161 1203
1162 1202
1162 1203
1162 1204
1163 1204
1163 1205
1163 1206
1164 1165
1164 1206
1164 1207
1164 1208
1165 1166
1165 1207
1165 1208
1165 1209
1166 1167
1166 1208
1166 1209
1167 1168
1167 1209
1167 1210
1168 1169
1168 1210
1168 1211
1169 1170
1169 1210
1169 1211
1169 1212
1170 1171
1170 1211
1170 1212
1170 1213
1171 1172
1171 1212
1171 1213
1171 1214
1172 1173
1172 1213
1172 1214
1172 1215
1173 1174
1173 1214
1173 1215
1173 1216
1174 1175
1174 1215
1174 1216
1174 1217
1175 1176
1175 1216
1175 1217
1176 1177
1176 1217
1176 1218
1177 1178
1177 1218
1177 1219
1178 1179
1178 1218
1178 1219
1178 1220
1179 1180
1179 1219
1179 1220
1180 1181
1180 1220
1181 1182
1181 1221
1182 1183
1182 1221
1182 1222
1183 1221
1183 1222
1184 1185
1184 1223
1184 1224
1185 1186
1185 1223
1185 1224
1185 1225
1186 1187
1186 1224
1186 1225
1186 1226
1187 1188
1187 1225
1187 1226
1187 1227
1188 1189
1188 1226
1188 1227
1188 1228
1189 1190
1189 1227
1189 1228
1189 1229
1190 1191
1190 1228
1190 1229
1190 1230
1191 1192
1191 1229
1191 1230
1191 1231
1192 1193
1192 1230
1192 1231
1193 1231
1193 1232
1194 1195
1194 1232
1194 1233
1195 1196
1195 1233
1195 1234
1196 1197
1196 1233
1196 1234
1197 1198
1197 1234
1197 1235
1198 1199
1198 1235
1198 1236
1199 1200
1199 1235
1199 1236
1199 1237
1200 1201
1200 1236
1200 1237
1200 1238
1201 1202
1201 1237
1201 1238
1201 1239
1202 1203
1202 1238
1202 1239
1202 1240
1203 1204
1203 1239
1203 1240
1203 1241
1204 1205
1204 1240
1204 1241
1204 1242
1205 1206
1205 1241
1205 1242
1205 1243
1206 1207
1206 1242
1206 1243
1206 1244
1207 1208
1207 1243
1207 1244
1207 1245
1208 1209
1208 1244
1208 1245
1209 1245
1209 1246
1210 1211
1210 1246
1210 1247
1211 1212
1211 1247
1211 1248
1212 1213
1212 1248
1212 1249
1213 1214
1213 1248
1213 1249
1213 1250
1214 1215
1214 1249
1214 1250
1214 1251
1215 1216
1215 1250
1215 1251
1215 1252
1216 1217
1216 1251
1216 1252
1216 1253
1217 1252
1217 1253
1217 1254
1218 1219
1218 1254
1218 1255
1219 1220
1219 1255
1219 1256
1220 1256
1220 1257
1221 1222
1221 1258
1221 1259
1221 1260
1222 1259
1222 1260
1223 1224
1223 1261
1223 1262
1224 1225
1224 1262
1224 1263
1225 1226
1225 1263
1226 1227
1226 1263
1226 1264
1227 1228
1227 1264
1227 1265
1228 1229
1228 1264
1228 1265
1229 1230
1229 1265
1229 1266
1230 1231
1230 1266
1230 1267
1231 1266
1231 1267
1232 1268
1232 1269
1233 1234
1233 1269
1233 1270
1234 1270
1235 1236
1235 1271
1235 1272
1236 1237
1236 1271
1236 1272
1236 1273
1237 1238
1237 1272
1237 1273
1237 1274
1238 1239
1238 1273
1238 1274
1238 1275
1239 1240
1239 1274
1239 1275
1239 1276
1240 1241
1240 1275
1240 1276
1240 1277
1241 1242
1241 1276
1241 1277
1242 1243
1242 1277
1242 1278
1243 1244
1243 1278
1243 1279
1244 1245
1244 1278
1244 1279
1244 1280
1245 1279
1245 1280
1246 1247
1247 1281
1248 1249
1248 1281
1248 1282
1248 1283
1249 1250
1249 1282
1249 1283
1249 1284
1250 1251
1250 1283
1250 1284
1250 1285
1251 1252
1251 1284
1251 1285
1251 1286
1252 1253
1252 1285
1252 1286
1252 1287
1253 1254
1253 1286
1253 1287
1253 1288
1254 1255
1254 1287
1254 1288
1254 1289
1255 1288
1255 1289
1256 1257
1256 1290
1256 1291
1257 1258
1257 1290
1257 1291
1257 1292
1258 1259
1258 1291
1258 1292
1259 1260
1259 1292
1259 1293
1260 1293
1261 1262
1261 1294
1261 1295
1262 1294
1262 1295
1262 1296
1263 1296
1263 1297
1264 1265
1264 1298
1264 1299
1265 1298
1265 1299
1265 1300
1266 1267
1266 1300
1266 1301
1266 1302
1267 1301
1267 1302
1268 1269
1268 1303
1268 1304
1269 1270
1269 1303
1269 1304
1269 1305
1270 1304
1270 1305
1270 1306
1271 1272
1271 1307
1272 1273
1272 1308
1273 1274
1273 1308
1273 1309
1274 1275
1274 1308
1274 1309
1274 1310
1275 1276
1275 1309
1275 1310
1275 1311
1276 1277
1276 1310
1276 1311
1277 1311
1277 1312
1278 1279
1278 1312
1278 1313
1278 1314
1279 1280
1279 1313
1279 1314
1279 1315
1280 1314
1280 1315
1280 1316
1281 1282
1281 1317
1281 1318
1281 1319
1282 1283
1282 1318
1282 1319
1282 1320
1283 1284
1283 1319
1283 1320
1283 1321
1284 1285
1284 1320
1284 1321
1284 1322
1285 1286
1285 1321
1285 1322
1285 1323
1286 1287
1286 1322
1286 1323
1286 1324
1287 1288
1287 1323
1287 1324
1287 1325
1288 1289
1288 1324
1288 1325
1288 1326
1289 1325
1289 1326
1289 1327
1290 1291
1290 1327
1290 1328
1290 1329
1291 1292
1291 1328
1291 1329
1291 1330
1292 1329
1292 1330
1292 1331
1293 1331
1293 1332
1294 1295
1294 1333
1295 1296
1295 1333
1295 1334
1296 1297
1296 1333
1296 1334
1297 1334
1297 1335
1298 1299
1298 1335
1298 1336
1298 1337
1299 1300
1299 1336
1299 1337
1299 1338
1300 1301
1300 1337
1300 1338
1300 1339
1301 1302
1301 1338
1301 1339
1301 1340
1302 1339
1302 1340
1302 1341
1303 1304
1303 1341
1303 1342
1304 1305
1304 1342
1305 1306
1305 1342
1305 1343
1306 1307
1306 1343
1306 1344
1307 1343
1307 1344
1307 1345
1308 1309
1308 1346
1308 1347
1308 1348
1309 1310
1309 1347
1309 1348
1309 1349
1310 1311
1310 1348
1310 1349
1310 1350
1311 1349
1311 1350
1311 1351
1312 1313
1312 1351
1312 1352
1313 1314
1313 1352
1313 1353
1314 1315
1314 1352
1314 1353
1314 1354
1315 1316
1315 1353
1315 1354
1315 1355
1316 1354
1316 1355
1316 1356
1317 1318
1317 1356
1317 1357
1318 1319
1318 1357
1318 1358
1319 1320
1319 1358
1319 1359
1320 1321
1320 1358
1320 1359
1320 1360
1321 1322
1321 1359
1321 1360
1321 1361
1322 1323
1322 1360
1322 1361
1322 1362
1323 1324
1323 1361
1323 1362
1323 1363
1324 1325
1324 1362
1324 1363
1324 1364
1325 1326
1325 1363
1325 1364
1325 1365
1326 1327
1326 1364
1326 1365
1326 1366
1327 1328
1327 1365
1327 1366
1327 1367
1328 1329
1328 1366
1328 1367
1328 1368
1329 1330
1329 1367
1329 1368
1329 1369
1330 1331
1330 1368
1330 1369
1331 1332
1331 1369
1331 1370
1332 1370
1333 1334
1333 1371
1333 1372
1333 1373
1334 1372
1334 1373
1334 1374
1335 1336
1335 1374
1335 1375
1335 1376
1336 1337
1336 1375
1336 1376
1336 1377
1337 1338
1337 1376
1337 1377
1337 1378
1338 1339
1338 1377
1338 1378
1339 1340
1339 1378
1340 1341
1341 1379
1342 1379
1342 1380
1343 1344
1343 1380
1343 1381
1343 1382
1344 1345
1344 1381
1344 1382
1344 1383
1345 1346
1345 1382
1345 1383
1345 1384
1346 1347
1346 1383
1346 1384
1346 1385
1347 1348
1347 1384
1347 1385
1347 1386
1348 1349
1348 1385
1348 1386
1348 1387
1349 1350
1349 1386
1349 1387
1350 1351
1350 1387
1350 1388
1351 1388
1351 1389
1352 1353
1352 1389
1352 1390
1352 1391
1353 1354
1353 1390
1353 1391
1353 1392
1354 1355
1354 1391
1354 1392
1354 1393
1355 1356
1355 1392
1355 1393
1355 1394
1356 1357
1356 1393
1356 1394
1356 1395
1357 1394
1357 1395
1357 1396
1358 1359
1358 1396
1358 1397
1358 1398
1359 1360
1359 1397
1359 1398
1359 1399
1360 1361
1360 1398
1360 1399
1361 1362
1361 1399
1361 1400
1362 1363
1362 1400
1362 1401
1363 1364
1363 1400
1363 1401
1363 1402
1364 1365
1364 1401
1364 1402
1364 1403
1365 1366
1365 1402
1365 1403
1365 1404
1366 1367
1366 1403
1366 1404
1367 1368
1367 1404
1367 1405
1368 1369
1368 1405
1368 1406
1369 1405
1369 1406
1369 1407
1370 1407
1371 1372
1371 1408
1371 1409
1372 1373
1372 1408
1372 1409
1372 1410
1373 1374
1373 1409
1373 1410
1373 1411
1374 1375
1374 1410
1374 1411
1374 1412
1375 1376
1375 1411
1375 1412
1375 1413
1376 1377
1376 1412
1376 1413
1376 1414
1377 1378
1377 1413
1377 1414
1378 1414
1378 1415
1379 1417
1379 1418
1379 1419
1380 1381
1380 1419
1380 1420
1381 1382
1381 1420
1382 1383
1382 1420
1382 1421
1383 1384
1383 1421
1383 1422
1384 1385
1384 1421
1384 1422
1384 1423
1385 1386
1385 1422
1385 1423
1385 1424
1386 1387
1386 1423
1386 1424
1386 1425
1387 1424
1387 1425
1388 1389
1388 1426
1388 1427
1389 1390
1389 1426
1389 1427
1389 1428
1390 1391
1390 1427
1390 1428
1391 1392
1391 1428
1391 1429
1392 1393
1392 1429
1392 1430
1393 1394
1393 1429
1393 1430
1393 1431
1394 1395
1394 1430
1394 1431
1394 1432
1395 1396
1395 1431
1395 1432
1395 1433
1396 1397
1396 1432
1396 1433
1396 1434
1397 1398
1397 1433
1397 1434
1397 1435
1398 1399
1398 1434
1398 1435
1398 1436
1399 1435
1399 1436
1399 1437
1400 1401
1400 1437
1400 1438
1401 1402
1401 1438
1401 1439
1402 1403
1402 1438
1402 1439
1402 1440
1403 1404
1403 1439
1403 1440
1403 1441
1404 1440
1404 1441
1405 1406
1405 1442
1405 1443
1406 1407
1406 1442
1406 1443
1406 1444
1407 1443
1407 1444
1408 1409
1408 1445
1408 1446
1409 1410
1409 1445
1409 1446
1409 1447
1410 1411
1410 1446
1410 1447
1411 1412
1411 1447
1411 1448
1412 1413
1412 1448
1412 1449
1413 1414
1413 1448
1413 1449
1413 1450
1414 1449
1414 1450
1414 1451
1415 1416
1415 1451
1415 1452
1415 1453
1416 1417
1416 1452
1416 1453
1416 1454
1417 1418
1417 1453
1417 1454
1417 1455
1418 1419
1418 1454
1418 1455
1418 1456
1419 1455
1419 1456
1419 1457
1420 1457
1420 1458
1421 1422
1421 1459
1421 1460
1422 1423
1422 1459
1422 1460
1422 1461
1423 1424
1423 1460
1423 1461
1423 1462
1424 1425
1424 1461
1424 1462
1424 1463
1425 1462
1425 1463
1425 1464
1426 1427
1426 1464
1426 1465
1426 1466
1427 1428
1427 1465
1427 1466
1427 1467
1428 1466
1428 1467
1428 1468
1429 1430
1429 1468
1429 1469
1429 1470
1430 1431
1430 1469
1430 1470
1430 1471
1431 1432
1431 1470
1431 1471
1431 1472
1432 1433
1432 1471
1432 1472
1432 1473
1433 1434
1433 1472
1433 1473
1434 1435
1434 1473
1434 1474
1435 1436
1435 1474
1436 1437
1436 1474
1436 1475
1437 1475
1438 1439
1438 1476
1439 1440
1439 1476
1439 1477
1440 1441
1440 1476
1440 1477
1440 1478
1441 1477
1441 1478
1441 1479
1442 1443
1442 1479
1442 1480
1443 1444
1443 1480
1443 1481
1444 1481
1444 1482
1445 1446
1445 1483
1445 1484
1446 1447
1446 1483
1446 1484
1446 1485
1447 1484
1447 1485
1447 1486
1448 1449
1448 1486
1448 1487
1448 1488
1449 1450
1449 1487
1449 1488
1449 1489
1450 1451
1450 1488
1450 1489
1450 1490
1451 1452
1451 1489
1451 1490
1452 1453
1452 1490
1452 1491
1453 1454
1453 1491
1453 1492
1454 1455
1454 1491
1454 1492
1455 1456
1455 1492
1455 1493
1456 1457
1456 1493
1456 1494
1457 1458
1457 1493
1457 1494
1457 1495
1458 1494
1458 1495
1458 1496
1459 1460
1459 1496
1459 1497
1460 1461
1460 1497
1461 1462
1461 1497
1461 1498
1462 1463
1462 1498
1462 1499
1463 1464
1463 1498
1463 1499
1463 1500
1464 1465
1464 1499
1464 1500
1464 1501
1465 1466
1465 1500
1465 1501
1466 1467
1466 1501
1466 1502
1467 1468
1467 1502
1468 1469
1468 1502
1469 1470
1469 1503
1470 1471
1470 1503
1470 1504
1471 1472
1471 1503
1471 1504
1471 1505
1472 1473
1472 1504
1472 1505
1473 1505
1473 1506
1474 1506
1474 1507
1474 1508
1475 1508
1475 1509
1476 1477
1476 1510
1476 1511
1476 1512
1477 1478
1477 1511
1477 1512
1477 1513
1478 1479
1478 1512
1478 1513
1478 1514
1479 1480
1479 1513
1479 1514
1479 1515
1480 1514
1480 1515
1480 1516
1481 1482
1481 1516
1481 1517
1481 1518
1482 1517
1482 1518
1483 1484
1483 1519
1484 1485
1484 1519
1484 1520
1485 1486
1485 1519
1485 1520
1486 1487
1486 1520
1487 1488
1487 1521
1488 1489
1488 1521
1488 1522
1489 1490
1489 1521
1489 1522
1489 1523
1490 1522
1490 1523
1490 1524
1491 1492
1491 1524
1491 1525
1491 1526
1492 1525
1492 1526
1493 1494
1493 1527
1493 1528
1494 1495
1494 1527
1494 1528
1494 1529
1495 1496
1495 1528
1495 1529
1495 1530
1496 1529
1496 1530
1497 1531
1497 1532
1498 1499
1498 1532
1498 1533
1499 1500
1499 1533
1499 1534
1500 1501
1500 1533
1500 1534
1500 1535
1501 1534
1501 1535
1501 1536
1502 1536
1502 1537
1503 1504
1503 1538
1503 1539
1504 1505
1504 1538
1504 1539
1504 1540
1505 1539
1505 1540
1505 1541
1506 1507
1506 1541
1506 1542
1507 1508
1507 1542
1507 1543
1508 1509
1508 1543
1509 1543
1509 1544
1510 1511
1510 1544
1511 1512
1511 1545
1512 1513
1512 1545
1512 1546
1513 1514
1513 1545
1513 1546
1513 1547
1514 1515
1514 1546
1514 1547
1514 1548
1515 1516
1515 1547
1515 1548
1515 1549
1516 1517
1516 1548
1516 1549
1516 1550
1517 1518
1517 1549
1517 1550
1517 1551
1518 1550
1518 1551
1519 1520
1519 1552
1519 1553
1520 1553
1521 1522
1521 1554
1522 1523
1522 1554
1523 1524
1524 1525
1524 1555
1525 1526
1525 1555
1525 1556
1526 1555
1526 1556
1526 1557
1527 1528
1527 1557
1527 1558
1527 1559
1528 1529
1528 1558
1528 1559
1528 1560
1529 1530
1529 1559
1529 1560
1530 1560
1530 1561
1531 1532
1531 1561
1531 1562
1531 1563
1532 1562
1532 1563
1532 1564
1533 1534
1533 1564
1533 1565
1533 1566
1534 1535
1534 1565
1534 1566
1534 1567
1535 1536
1535 1566
1535 1567
1535 1568
1536 1537
1536 1567
1536 1568
1536 1569
1537 1568
1537 1569
1537 1570
1538 1539
1538 1571
1538 1572
1538 1573
1539 1540
1539 1572
1539 1573
1539 1574
1540 1541
1540 1573
1540 1574
1541 1542
1541 1574
1541 1575
1542 1575
1542 1576
1543 1576
1543 1577
1543 1578
1544 1578
1544 1579
1544 1580
1545 1546
1545 1581
1546 1547
1546 1581
1547 1548
1547 1582
1548 1549
1548 1582
1548 1583
1549 1550
1549 1582
1549 1583
1549 1584
1550 1551
1550 1583
1550 1584
1551 1584
1552 1553
1552 1585
1552 1586
1553 1585
1553 1586
1553 1587
1554 1588
1554 1589
1554 1590
1555 1556
1555 1592
1555 1593
1555 1594
1556 1557
1556 1593
1556 1594
1556 1595
1557 1558
1557 1594
1557 1595
1557 1596
1558 1559
1558 1595
1558 1596
1558 1597
1559 1560
1559 1596
1559 1597
1559 1598
1560 1597
1560 1598
1561 1562
1561 1599
1561 1600
1562 1563
1562 1599
1562 1600
1562 1601
1563 1564
1563 1600
1563 1601
1563 1602
1564 1565
1564 1601
1564 1602
1564 1603
1565 1566
1565 1602
1565 1603
1566 1567
1566 1603
1566 1604
1567 1568
1567 1604
1567 1605
1568 1569
1568 1604
1568 1605
1568 1606
1569 1570
1569 1605
1569 1606
1569 1607
1570 1571
1570 1606
1570 1607
1571 1572
1571 1607
1572 1573
1572 1608
1573 1574
1573 1608
1574 1608
1575 1576
1575 1609
1575 1610
1576 1577
1576 1609
1576 1610
1576 1611
1577 1578
1577 1610
1577 1611
1577 1612
1578 1579
1578 1611
1578 1612
1579 1580
1579 1612
1579 1613
1580 1613
1580 1614
1581 1614
1581 1615
1581 1616
1582 1583
1582 1617
1582 1618
1583 1584
1583 1618
1583 1619
1584 1619
1585 1586
1586 1587
1588 1589
1589 1590
1590 1591
1591 1592
1592 1593
1593 1594
1594 1595
1595 1596
1596 1597
1597 1598
1599 1600
1600 1601
1601 1602
1602 1603
1604 1605
1605 1606
1606 1607
1609 1610
1610 1611
1611 1612
1613 1614
1614 1615
1615 1616
1616 1617
1617 1618
