# FromNodeId	ToNodeId
0 24
1 2
1 25
1 26
2 3
2 25
2 26
2 27
3 4
3 26
3 27
3 28
4 5
4 27
4 28
4 29
5 6
5 28
5 29
5 30
6 7
6 29
6 30
6 31
7 8
7 30
7 31
7 32
8 9
8 31
8 32
8 33
9 10
9 32
9 33
9 34
10 33
10 34
10 35
11 12
11 35
11 36
12 13
12 36
12 37
13 14
13 36
13 37
13 38
14 37
14 38
14 39
15 16
15 39
15 40
15 41
16 17
16 40
16 41
16 42
17 18
17 41
17 42
17 43
18 19
18 42
18 43
18 44
19 20
19 43
19 44
19 45
20 44
20 45
20 46
21 22
21 48
21 49
21 50
22 23
22 49
22 50
22 51
23 50
23 51
24 52
24 53
25 26
25 53
25 54
25 55
26 27
26 54
26 55
26 56
27 28
27 55
27 56
27 57
28 29
28 56
28 57
28 58
29 30
29 57
29 58
29 59
30 31
30 58
30 59
31 32
31 59
31 60
32 33
32 60
32 61
33 34
33 60
33 61
33 62
34 35
34 61
34 62
34 63
35 62
35 63
36 37
36 64
37 38
37 64
37 65
38 39
38 65
38 66
39 40
39 65
39 66
39 67
40 41
40 66
40 67
40 68
41 42
41 67
41 68
41 69
42 43
42 68
42 69
42 70
43 44
43 69
43 70
43 71
44 45
44 70
44 71
44 72
45 46
45 71
45 72
46 47
46 72
46 73
47 48
47 73
48 49
48 73
48 74
49 50
49 74
49 75
50 51
50 74
50 75
50 76
51 75
51 76
52 53
52 77
53 54
53 77
53 78
54 55
54 78
55 56
55 78
55 79
56 57
56 79
56 80
57 58
57 79
57 80
57 81
58 59
58 80
58 81
58 82
59 81
59 82
59 83
60 61
60 83
60 84
60 85
61 62
61 84
61 85
61 86
62 63
62 85
62 86
62 87
63 86
63 87
63 88
64 88
64 89
64 90
65 66
65 90
65 91
66 67
66 91
66 92
67 68
67 92
67 93
68 69
68 92
68 93
68 94
69 70
69 93
69 94
69 95
70 71
70 94
70 95
71 72
71 95
71 96
72 96
72 97
73 97
73 98
73 99
74 75
74 99
74 100
75 76
75 100
75 101
76 101
77 102
77 103
78 103
78 104
79 80
79 104
79 105
79 106
80 81
80 105
80 106
80 107
81 82
81 106
81 107
81 108
82 83
82 107
82 108
82 109
83 84
83 108
83 109
83 110
84 85
84 109
84 110
84 111
85 86
85 110
85 111
85 112
86 87
86 111
86 112
86 113
87 88
87 112
87 113
88 89
88 113
89 90
89 114
90 91
90 114
90 115
91 114
91 115
91 116
92 93
92 116
92 117
92 118
93 94
93 117
93 118
93 119
94 95
94 118
94 119
94 120
95 119
95 120
95 121
96 97
96 121
96 122
96 123
97 98
97 122
97 123
97 124
98 99
98 123
98 124
98 125
99 100
99 124
99 125
99 126
100 125
100 126
100 127
101 127
101 128
102 103
102 129
102 130
103 129
103 130
103 131
104 105
104 131
104 132
105 106
105 132
105 133
106 107
106 133
106 134
107 108
107 133
107 134
107 135
108 109
108 134
108 135
108 136
109 110
109 135
109 136
109 137
110 111
110 136
110 137
110 138
111 112
111 137
111 138
111 139
112 113
112 138
112 139
113 139
114 115
114 140
114 141
115 116
115 141
115 142
116 117
116 142
116 143
117 118
117 142
117 143
117 144
118 119
118 143
118 144
118 145
119 120
119 144
119 145
119 146
120 121
120 145
120 146
120 147
121 122
121 146
121 147
121 148
122 123
122 147
122 148
123 124
123 148
124 125
124 149
125 126
125 149
125 150
126 127
126 149
126 150
126 151
127 128
127 150
127 151
128 151
129 130
129 152
130 131
130 152
131 132
133 134
133 153
134 135
134 153
134 154
135 136
135 154
135 155
136 137
136 154
136 155
136 156
137 138
137 155
137 156
137 157
138 139
138 156
138 157
138 158
139 157
139 158
139 159
140 141
140 160
140 161
140 162
141 161
141 162
142 143
143 144
143 163
144 145
144 163
144 164
145 146
145 163
145 164
146 147
146 164
147 148
147 165
148 165
148 166
149 150
149 167
149 168
149 169
150 151
150 168
150 169
150 170
151 169
151 170
152 171
152 172
153 175
153 176
154 155
154 176
155 156
156 157
157 158
157 177
158 159
158 177
158 178
159 160
159 177
159 178
159 179
160 161
160 178
160 179
160 180
161 162
161 179
161 180
161 181
162 180
162 181
162 182
163 164
163 184
164 184
164 185
165 166
165 186
165 187
166 167
166 186
166 187
166 188
167 168
167 187
167 188
167 189
168 169
168 188
168 189
169 170
169 189
169 190
170 190
170 191
171 172
171 192
172 173
172 192
172 193
173 174
173 192
173 193
174 193
175 176
175 194
176 194
176 195
177 178
177 197
177 198
177 199
178 179
178 198
178 199
178 200
179 180
179 199
179 200
179 201
180 181
180 200
180 201
180 202
181 182
181 201
181 202
181 203
182 183
182 202
182 203
183 203
183 204
184 185
184 205
184 206
184 207
185 206
185 207
185 208
186 187
186 208
186 209
187 188
187 209
187 210
188 189
188 210
188 211
189 210
189 211
189 212
190 191
190 212
190 213
190 214
191 213
191 214
192 193
192 215
192 216
193 215
193 216
193 217
194 218
194 219
195 219
195 220
195 221
196 197
196 221
196 222
196 223
197 198
197 222
197 223
197 224
198 199
198 223
198 224
198 225
199 200
199 224
199 225
199 226
200 201
200 225
200 226
200 227
201 202
201 226
201 227
201 228
202 203
202 227
202 228
203 228
203 229
204 205
204 229
204 230
204 231
205 206
205 230
205 231
205 232
206 207
206 231
206 232
207 208
207 232
207 233
208 209
208 233
208 234
209 233
209 234
209 235
210 211
210 235
210 236
210 237
211 212
211 236
211 237
211 238
212 213
212 237
212 238
213 214
213 238
213 239
214 239
215 216
215 240
215 241
215 242
216 217
216 241
216 242
216 243
217 242
217 243
217 244
218 219
218 244
218 245
219 220
219 245
220 221
220 245
220 246
221 222
221 246
221 247
222 223
222 246
222 247
222 248
223 224
223 247
223 248
223 249
224 225
224 248
224 249
224 250
225 226
225 249
225 250
225 251
226 227
226 250
226 251
226 252
227 228
227 251
227 252
227 253
228 252
228 253
228 254
229 230
229 254
229 255
230 231
230 255
231 232
232 256
233 234
233 256
233 257
233 258
234 235
234 257
234 258
234 259
235 236
235 258
235 259
235 260
236 237
236 259
236 260
236 261
237 238
237 260
237 261
237 262
238 261
238 262
238 263
239 263
240 241
240 264
240 265
241 242
241 264
241 265
241 266
242 243
242 265
242 266
243 244
243 266
243 267
244 267
244 268
245 268
246 247
246 269
246 270
247 248
247 269
247 270
247 271
248 249
248 270
248 271
248 272
249 250
249 271
249 272
249 273
250 251
250 272
250 273
251 252
251 273
251 274
252 253
252 274
252 275
253 254
253 274
253 275
254 255
254 275
254 276
255 276
255 277
256 257
256 278
256 279
256 280
257 258
257 279
257 280
257 281
258 259
258 280
258 281
259 260
259 281
259 282
260 261
260 282
261 262
261 282
261 283
262 263
262 283
262 284
263 283
263 284
263 285
264 265
264 286
265 266
265 286
266 286
266 287
267 268
267 287
267 288
268 288
268 289
269 270
269 290
269 291
270 271
270 290
270 291
271 272
271 291
271 292
272 273
272 292
273 292
274 275
274 293
274 294
275 293
275 294
275 295
276 277
276 295
276 296
276 297
277 296
277 297
277 298
278 279
278 298
278 299
278 300
279 280
279 299
279 300
279 301
280 281
280 300
280 301
281 301
281 302
282 302
282 303
282 304
283 284
283 304
283 305
284 285
284 305
284 306
285 306
286 307
286 308
286 309
287 288
287 309
287 310
288 310
289 311
289 312
290 291
290 312
290 313
290 314
291 313
291 314
292 315
293 294
293 316
293 317
293 318
294 295
294 317
294 318
294 319
295 296
295 318
295 319
296 297
296 319
296 320
297 298
297 320
298 299
298 320
298 321
299 300
299 321
299 322
300 301
300 321
300 322
300 323
301 322
301 323
301 324
302 303
302 324
302 325
303 304
303 325
303 326
304 305
304 325
304 326
305 326
305 327
306 327
306 328
307 308
307 329
308 309
308 329
308 330
309 310
309 330
310 330
311 312
311 331
311 332
311 333
312 313
312 332
312 333
312 334
313 314
313 333
313 334
313 335
314 334
314 335
314 336
315 336
315 337
315 338
316 317
316 338
316 339
316 340
317 318
317 339
317 340
317 341
318 319
318 340
318 341
318 342
319 341
319 342
319 343
320 343
321 322
321 344
321 345
322 323
322 344
322 345
322 346
323 324
323 345
323 346
323 347
324 346
324 347
324 348
325 326
325 348
325 349
325 350
326 349
326 350
326 351
327 328
327 351
327 352
327 353
328 352
328 353
329 354
330 354
330 355
330 356
331 332
331 357
332 333
332 357
332 358
333 334
333 357
333 358
333 359
334 335
334 358
334 359
334 360
335 336
335 359
335 360
335 361
336 337
336 360
336 361
336 362
337 338
337 361
337 362
338 339
338 362
338 363
339 340
339 363
339 364
340 341
340 363
340 364
340 365
341 342
341 364
341 365
341 366
342 343
342 365
342 366
343 366
343 367
344 345
344 368
344 369
345 346
345 369
345 370
346 347
346 370
346 371
347 348
347 370
347 371
347 372
348 349
348 371
348 372
348 373
349 350
349 372
349 373
350 351
350 373
350 374
351 352
351 374
352 353
352 374
354 355
354 375
354 376
354 377
355 356
355 376
355 377
356 377
356 378
357 358
357 379
357 380
357 381
358 359
358 380
358 381
358 382
359 360
359 381
359 382
359 383
360 361
360 382
360 383
360 384
361 362
361 383
361 384
361 385
362 384
362 385
362 386
363 364
363 386
363 387
364 365
364 387
364 388
365 366
365 388
365 389
366 388
366 389
366 390
367 368
367 390
367 391
367 392
368 369
368 391
368 392
368 393
369 392
369 393
370 371
370 394
371 372
371 394
371 395
372 373
372 395
372 396
373 395
373 396
373 397
374 397
374 398
374 399
375 376
375 401
375 402
376 377
376 401
376 402
376 403
377 402
377 403
377 404
378 379
378 404
378 405
379 380
379 405
379 406
380 381
380 406
380 407
381 382
381 406
381 407
381 408
382 383
382 407
382 408
382 409
383 384
383 408
383 409
383 410
384 385
384 409
384 410
385 386
385 410
385 411
386 387
386 411
386 412
387 411
387 412
387 413
388 389
388 413
388 414
389 390
389 414
390 391
391 392
391 415
392 393
392 415
392 416
393 415
393 416
394 417
395 396
395 417
395 418
396 397
396 418
396 419
397 398
397 419
397 420
398 399
398 419
398 420
398 421
399 400
399 420
399 421
400 421
401 402
401 422
401 423
402 403
402 422
402 423
403 404
403 423
403 424
404 405
404 424
404 425
405 424
405 425
405 426
406 407
406 426
406 427
407 408
407 427
407 428
408 409
408 428
408 429
409 410
409 428
409 429
409 430
410 429
410 430
410 431
411 412
411 431
411 432
412 413
412 432
412 433
413 414
413 432
413 433
413 434
414 433
414 434
415 416
415 435
415 436
415 437
416 436
416 437
416 438
417 418
417 439
417 440
418 440
419 420
419 441
419 442
420 421
420 441
420 442
420 443
421 442
421 443
421 444
422 423
422 445
423 445
424 425
424 446
424 447
425 426
425 446
425 447
425 448
426 427
426 447
426 448
426 449
427 448
427 449
427 450
428 429
428 450
428 451
428 452
429 430
429 451
429 452
429 453
430 431
430 452
430 453
431 453
431 454
432 433
432 454
432 455
432 456
433 434
433 455
433 456
433 457
434 456
434 457
434 458
435 436
435 459
435 460
435 461
436 437
436 460
436 461
436 462
437 438
437 461
437 462
438 439
438 462
438 463
439 440
439 463
439 464
440 463
440 464
440 465
441 442
441 466
441 467
441 468
442 443
442 467
442 468
442 469
443 444
443 468
443 469
443 470
444 469
444 470
445 471
445 472
446 447
446 473
446 474
447 448
447 474
447 475
448 449
448 475
448 476
449 450
449 475
449 476
449 477
450 451
450 476
450 477
450 478
451 452
451 477
451 478
451 479
452 453
452 478
452 479
452 480
453 479
453 480
453 481
454 455
454 481
454 482
455 456
455 482
456 457
457 458
457 483
458 459
458 483
458 484
459 460
459 483
459 484
460 461
460 484
460 485
461 462
461 485
461 486
462 485
462 486
462 487
463 464
463 487
463 488
464 465
464 488
464 489
465 466
465 489
465 490
466 467
466 489
466 490
466 491
467 468
467 490
467 491
467 492
468 469
468 491
468 492
468 493
469 470
469 492
469 493
469 494
470 493
470 494
471 472
471 495
472 473
472 495
472 496
473 474
473 496
473 497
474 496
474 497
474 498
475 476
475 498
475 499
475 500
476 477
476 499
476 500
477 478
477 500
478 479
478 501
479 480
479 501
479 502
480 481
480 501
480 502
480 503
481 482
481 502
481 503
481 504
482 503
482 504
483 484
483 506
483 507
483 508
484 507
484 508
484 509
485 486
485 509
485 510
485 511
486 487
486 510
486 511
486 512
487 488
487 511
487 512
487 513
488 512
488 513
489 490
489 514
489 515
490 491
490 514
490 515
490 516
491 492
491 515
491 516
491 517
492 493
492 516
492 517
492 518
493 494
493 517
493 518
493 519
494 518
494 519
495 520
495 521
496 497
496 521
496 522
496 523
497 498
497 522
497 523
497 524
498 499
498 523
498 524
498 525
499 500
499 524
499 525
499 526
500 525
500 526
500 527
501 502
501 528
501 529
501 530
502 503
502 529
502 530
502 531
503 504
503 530
503 531
503 532
504 531
504 532
504 533
505 506
505 533
505 534
505 535
506 507
506 534
506 535
506 536
507 508
507 535
507 536
507 537
508 509
508 536
508 537
508 538
509 510
509 537
509 538
509 539
510 511
510 538
510 539
510 540
511 512
511 539
511 540
511 541
512 513
512 540
512 541
512 542
513 541
513 542
514 515
514 543
514 544
515 516
515 543
515 544
515 545
516 517
516 544
516 545
516 546
517 518
517 545
517 546
517 547
518 519
518 546
518 547
518 548
519 547
519 548
520 521
520 549
520 550
521 522
521 549
521 550
521 551
522 523
522 550
522 551
522 552
523 524
523 551
523 552
523 553
524 525
524 552
524 553
524 554
525 526
525 553
525 554
525 555
526 527
526 554
526 555
526 556
527 528
527 555
527 556
527 557
528 529
528 556
528 557
528 558
529 530
529 557
529 558
530 531
530 558
530 559
531 532
531 559
531 560
532 533
532 559
532 560
532 561
533 534
533 560
533 561
533 562
534 535
534 561
534 562
534 563
535 536
535 562
535 563
535 564
536 537
536 563
536 564
536 565
537 538
537 564
537 565
537 566
538 539
538 565
538 566
538 567
539 540
539 566
539 567
539 568
540 541
540 567
540 568
540 569
541 542
541 568
541 569
541 570
542 569
542 570
543 544
543 571
543 572
544 545
544 571
544 572
544 573
545 546
545 572
545 573
546 547
546 573
547 548
547 574
548 574
549 550
549 575
550 551
550 575
551 552
551 576
552 553
552 576
552 577
553 554
553 576
553 577
554 555
554 577
554 578
555 556
555 578
555 579
556 557
556 578
556 579
556 580
557 558
557 579
557 580
558 580
558 581
559 560
559 581
559 582
559 583
560 561
560 582
560 583
560 584
561 562
561 583
561 584
561 585
562 563
562 584
562 585
562 586
563 564
563 585
563 586
564 565
564 586
564 587
565 566
565 587
565 588
566 567
566 587
566 588
566 589
567 568
567 588
567 589
567 590
568 569
568 589
568 590
568 591
569 570
569 590
569 591
569 592
570 591
570 592
570 593
571 572
571 593
571 594
572 573
572 594
572 595
573 594
573 595
573 596
574 597
574 598
575 599
576 577
576 600
576 601
576 602
577 601
577 602
578 579
578 603
579 580
579 603
579 604
580 603
580 604
581 582
581 605
581 606
582 583
582 605
582 606
582 607
583 584
583 606
583 607
583 608
584 585
584 607
584 608
584 609
585 586
585 608
585 609
585 610
586 609
586 610
586 611
587 588
587 611
587 612
587 613
588 589
588 612
588 613
588 614
589 590
589 613
589 614
589 615
590 591
590 614
590 615
591 592
591 615
591 616
592 593
592 616
592 617
593 616
593 617
593 618
594 595
594 618
594 619
594 620
595 596
595 619
595 620
595 621
596 597
596 620
596 621
596 622
597 598
597 621
597 622
597 623
598 622
598 623
599 600
599 624
599 625
600 601
600 625
600 626
601 602
601 626
601 627
602 626
602 627
602 628
603 604
603 629
603 630
604 630
604 631
605 606
605 631
605 632
606 607
606 632
606 633
607 608
607 632
607 633
608 609
608 633
608 634
609 610
609 634
609 635
610 611
610 634
610 635
610 636
611 612
611 635
611 636
611 637
612 613
612 636
612 637
612 638
613 614
613 637
613 638
613 639
614 615
614 638
614 639
615 639
615 640
616 617
616 640
616 641
616 642
617 618
617 641
617 642
617 643
618 619
618 642
618 643
618 644
619 620
619 643
619 644
620 621
620 644
620 645
621 622
621 645
621 646
622 623
622 645
622 646
622 647
623 646
623 647
624 625
624 648
625 648
625 649
626 627
626 649
626 650
626 651
627 628
627 650
627 651
627 652
628 629
628 651
628 652
628 653
629 652
629 653
629 654
630 631
630 654
630 655
630 656
631 655
631 656
631 657
632 633
632 657
633 658
634 635
634 658
635 636
635 659
636 637
636 659
636 660
637 638
637 659
637 660
637 661
638 639
638 660
638 661
639 661
639 662
640 641
640 662
640 663
640 664
641 642
641 663
641 664
641 665
642 643
642 664
642 665
642 666
643 644
643 665
643 666
643 667
644 666
644 667
644 668
645 646
645 668
645 669
645 670
646 647
646 669
646 670
646 671
647 670
647 671
648 649
648 672
648 673
648 674
649 650
649 673
649 674
649 675
650 651
650 674
650 675
651 652
651 675
651 676
652 653
652 676
653 654
653 676
653 677
654 655
654 677
654 678
655 656
655 677
655 678
655 679
656 657
656 678
656 679
656 680
657 679
657 680
657 681
658 682
658 683
658 684
659 660
659 685
659 686
659 687
660 661
660 686
660 687
660 688
661 687
661 688
661 689
662 663
662 689
662 690
662 691
663 664
663 690
663 691
663 692
664 665
664 691
664 692
664 693
665 666
665 692
665 693
665 694
666 667
666 693
666 694
666 695
667 668
667 694
667 695
667 696
668 669
668 695
668 696
668 697
669 670
669 696
669 697
670 671
670 697
670 698
671 698
672 673
672 699
673 674
673 699
673 700
674 675
674 699
674 700
674 701
675 700
675 701
676 702
677 678
677 702
677 703
677 704
678 679
678 703
678 704
679 680
679 704
679 705
680 681
680 705
681 682
681 705
681 706
682 683
682 706
682 707
683 684
683 706
683 707
683 708
684 685
684 707
684 708
684 709
685 686
685 708
685 709
686 687
686 709
686 710
687 688
687 710
688 689
688 710
688 711
689 690
689 711
690 691
690 711
690 712
691 692
691 712
691 713
692 693
692 712
692 713
692 714
693 694
693 713
693 714
694 695
694 714
694 715
695 696
695 715
695 716
696 697
696 715
696 716
696 717
697 716
697 717
697 718
698 718
698 719
699 700
700 701
702 703
703 704
706 707
707 708
708 709
712 713
713 714
715 716
716 717
717 718
718 719
