# FromNodeId	ToNodeId
0 1
0 44
0 45
1 2
1 44
1 45
1 46
2 3
2 45
2 46
2 47
3 4
3 46
3 47
3 48
4 5
4 47
4 48
4 49
5 6
5 48
5 49
6 7
6 49
6 50
7 8
7 50
8 9
8 50
8 51
9 10
9 51
9 52
10 51
10 52
10 53
11 12
11 54
11 55
11 56
12 13
12 55
12 56
12 57
13 14
13 56
13 57
13 58
14 15
14 57
14 58
14 59
15 16
15 58
15 59
15 60
16 17
16 59
16 60
16 61
17 18
17 60
17 61
17 62
18 19
18 61
18 62
18 63
19 20
19 62
19 63
19 64
20 21
20 63
20 64
20 65
21 22
21 64
21 65
21 66
22 23
22 65
22 66
23 24
23 66
24 25
24 67
25 26
25 67
25 68
26 27
26 67
26 68
26 69
27 28
27 68
27 69
27 70
28 69
28 70
29 30
29 71
30 31
30 71
31 32
31 71
32 33
32 72
33 34
33 72
33 73
34 35
34 72
34 73
34 74
35 36
35 73
35 74
35 75
36 37
36 74
36 75
37 75
37 76
38 76
38 77
38 78
39 40
39 78
39 79
39 80
40 41
40 79
40 80
40 81
41 42
41 80
41 81
41 82
42 43
42 81
42 82
43 82
44 45
44 83
44 84
45 46
45 83
45 84
45 85
46 47
46 84
46 85
46 86
47 48
47 85
47 86
47 87
48 49
48 86
48 87
48 88
49 87
49 88
49 89
50 89
50 90
50 91
51 52
51 91
51 92
51 93
52 53
52 92
52 93
52 94
53 54
53 93
53 94
53 95
54 55
54 94
54 95
54 96
55 56
55 95
55 96
55 97
56 57
56 96
56 97
56 98
57 58
57 97
57 98
57 99
58 59
58 98
58 99
58 100
59 60
59 99
59 100
60 61
60 100
60 101
61 62
61 101
62 63
62 101
62 102
63 64
63 102
63 103
64 65
64 102
64 103
64 104
65 66
65 103
65 104
65 105
66 104
66 105
66 106
67 68
67 107
68 69
68 107
68 108
69 70
69 108
69 109
70 108
70 109
71 110
71 111
71 112
72 73
72 113
72 114
72 115
73 74
73 114
73 115
73 116
74 75
74 115
74 116
74 117
75 116
75 117
75 118
76 77
76 118
76 119
76 120
77 78
77 119
77 120
77 121
78 79
78 120
78 121
79 80
79 121
79 122
80 81
80 122
80 123
81 82
81 122
81 123
81 124
82 123
82 124
83 84
83 125
84 85
84 125
84 126
85 86
85 126
85 127
86 87
86 126
86 127
87 88
87 127
87 128
88 89
88 128
88 129
89 90
89 128
89 129
90 91
90 129
90 130
91 92
91 130
91 131
92 93
92 130
92 131
92 132
93 94
93 131
93 132
93 133
94 95
94 132
94 133
94 134
95 96
95 133
95 134
95 135
96 97
96 134
96 135
96 136
97 98
97 135
97 136
97 137
98 99
98 136
98 137
98 138
99 100
99 137
99 138
99 139
100 138
100 139
100 140
101 140
101 141
101 142
102 103
102 142
102 143
102 144
103 104
103 143
103 144
104 105
104 144
104 145
105 106
105 145
105 146
106 145
106 146
106 147
107 147
107 148
107 149
108 109
108 149
108 150
109 150
109 151
110 111
110 152
110 153
111 112
111 152
111 153
111 154
112 113
112 153
112 154
112 155
113 114
113 154
113 155
113 156
114 115
114 155
114 156
115 116
115 156
115 157
116 117
116 157
116 158
117 118
117 157
117 158
117 159
118 119
118 158
118 159
118 160
119 120
119 159
119 160
119 161
120 121
120 160
120 161
121 161
121 162
122 123
122 162
122 163
122 164
123 124
123 163
123 164
123 165
124 164
124 165
124 166
125 167
126 127
126 167
126 168
126 169
127 168
127 169
128 129
128 170
128 171
129 170
129 171
130 131
130 172
130 173
131 132
131 172
131 173
131 174
132 133
132 173
132 174
132 175
133 134
133 174
133 175
133 176
134 135
134 175
134 176
134 177
135 136
135 176
135 177
135 178
136 137
136 177
136 178
136 179
137 138
137 178
137 179
138 139
138 179
138 180
139 140
139 180
139 181
140 141
140 180
140 181
141 142
141 181
142 143
142 182
143 144
143 182
143 183
144 182
144 183
144 184
145 146
145 184
145 185
145 186
146 147
146 185
146 186
147 148
147 186
147 187
148 149
148 187
148 188
149 187
149 188
149 189
150 151
150 189
150 190
151 190
151 191
152 153
152 191
153 154
153 192
154 155
154 192
155 156
155 192
155 193
156 193
156 194
157 158
157 194
157 195
157 196
158 159
158 195
158 196
158 197
159 160
159 196
159 197
160 161
160 197
161 198
162 163
162 198
162 199
162 200
163 164
163 199
163 200
164 165
164 200
164 201
165 166
165 201
165 202
166 201
166 202
167 168
167 203
167 204
168 169
168 203
168 204
168 205
169 204
169 205
169 206
170 171
170 206
170 207
170 208
171 207
171 208
171 209
172 173
172 209
172 210
172 211
173 174
173 210
173 211
173 212
174 175
174 211
174 212
175 176
175 212
175 213
176 177
176 213
176 214
177 178
177 213
177 214
178 179
178 214
178 215
179 215
179 216
180 181
180 216
180 217
180 218
181 217
181 218
182 183
182 219
182 220
183 184
183 219
183 220
183 221
184 185
184 220
184 221
184 222
185 186
185 221
185 222
185 223
186 222
186 223
186 224
187 188
187 224
187 225
188 189
188 225
188 226
189 190
189 225
189 226
189 227
190 226
190 227
191 228
192 229
192 230
193 194
193 230
193 231
193 232
194 195
194 231
194 232
194 233
195 196
195 232
195 233
195 234
196 197
196 233
196 234
196 235
197 234
197 235
198 199
198 236
198 237
198 238
199 200
199 237
199 238
199 239
200 238
200 239
200 240
201 202
201 240
203 204
203 241
204 205
204 241
204 242
205 206
205 241
205 242
205 243
206 207
206 242
206 243
207 208
207 243
207 244
208 209
208 244
208 245
209 210
209 244
209 245
209 246
210 211
210 245
210 246
210 247
211 212
211 246
211 247
211 248
212 247
212 248
212 249
213 214
213 249
213 250
213 251
214 250
214 251
215 216
215 252
215 253
216 217
216 252
216 253
216 254
217 218
217 253
217 254
217 255
218 254
218 255
218 256
219 220
219 257
219 258
219 259
220 221
220 258
220 259
221 222
221 259
221 260
222 223
222 260
223 224
223 260
223 261
224 261
224 262
225 226
225 262
225 263
226 227
226 263
226 264
227 263
227 264
228 265
229 230
229 266
230 231
230 266
230 267
231 232
231 267
232 233
232 267
232 268
233 234
233 268
233 269
234 235
234 268
234 269
234 270
235 269
235 270
235 271
236 237
236 271
236 272
237 238
237 272
238 239
239 240
239 273
240 273
240 274
241 242
241 275
241 276
241 277
242 243
242 276
242 277
242 278
243 277
243 278
243 279
244 245
244 279
244 280
244 281
245 246
245 280
245 281
246 247
246 281
246 282
247 248
247 282
247 283
248 249
248 282
248 283
248 284
249 250
249 283
249 284
249 285
250 251
250 284
250 285
250 286
251 285
251 286
251 287
252 253
252 287
252 288
253 254
253 288
253 289
254 255
254 288
254 289
254 290
255 256
255 289
255 290
255 291
256 257
256 290
256 291
256 292
257 258
257 291
257 292
257 293
258 259
258 292
258 293
259 293
259 294
260 294
260 295
260 296
261 262
261 296
261 297
261 298
262 297
262 298
262 299
263 264
263 299
263 300
263 301
264 300
264 301
264 302
265 303
265 304
265 305
266 305
266 306
267 307
268 269
268 308
268 309
269 270
269 308
269 309
270 271
270 309
270 310
271 272
271 310
271 311
272 310
272 311
272 312
273 274
273 313
273 314
273 315
274 314
274 315
275 276
275 316
275 317
276 277
276 316
276 317
276 318
277 278
277 317
277 318
277 319
278 279
278 318
278 319
278 320
279 280
279 319
279 320
280 281
280 320
280 321
281 321
281 322
282 283
282 322
282 323
283 284
283 323
283 324
284 285
284 323
284 324
284 325
285 286
285 324
285 325
285 326
286 287
286 325
286 326
286 327
287 326
287 327
287 328
288 289
288 328
288 329
289 290
289 329
289 330
290 291
290 329
290 330
290 331
291 292
291 330
291 331
291 332
292 293
292 331
292 332
292 333
293 332
293 333
293 334
294 295
294 334
294 335
294 336
295 296
295 335
295 336
295 337
296 297
296 336
296 337
296 338
297 298
297 337
297 338
297 339
298 299
298 338
298 339
298 340
299 300
299 339
299 340
299 341
300 301
300 340
300 341
300 342
301 302
301 341
301 342
301 343
302 303
302 342
302 343
302 344
303 304
303 343
303 344
303 345
304 305
304 344
304 345
304 346
305 306
305 345
305 346
305 347
306 346
306 347
306 348
307 348
307 349
307 350
308 309
308 350
308 351
309 351
310 311
310 352
311 312
311 352
311 353
312 353
312 354
313 314
313 354
313 355
313 356
314 315
314 355
314 356
314 357
315 356
315 357
315 358
316 317
316 359
316 360
317 318
317 360
317 361
318 319
318 361
318 362
319 320
319 361
319 362
320 362
320 363
321 322
321 363
321 364
321 365
322 364
322 365
323 324
323 366
324 325
324 366
324 367
325 326
325 366
325 367
325 368
326 327
326 367
326 368
326 369
327 328
327 368
327 369
327 370
328 369
328 370
329 330
330 331
330 371
331 332
331 371
332 333
332 371
332 372
333 334
333 372
334 335
334 372
335 336
336 337
337 338
338 339
339 340
339 373
340 341
340 373
341 342
341 373
341 374
342 343
342 374
342 375
343 344
343 374
343 375
344 345
344 375
344 376
345 346
345 376
345 377
346 347
346 376
346 377
346 378
347 348
347 377
347 378
348 349
348 378
348 379
349 350
349 379
349 380
350 379
350 380
350 381
351 381
351 382
351 383
352 383
352 384
352 385
353 354
353 385
353 386
354 355
354 386
354 387
355 356
355 386
355 387
355 388
356 357
356 387
356 388
356 389
357 358
357 388
357 389
357 390
358 389
358 390
359 360
359 391
359 392
360 391
360 392
360 393
361 362
361 393
361 394
361 395
362 394
362 395
363 364
363 396
363 397
364 365
364 396
364 397
364 398
365 397
365 398
365 399
366 367
366 400
366 401
367 368
367 401
367 402
368 369
368 402
368 403
369 370
369 402
369 403
369 404
370 403
370 404
370 405
371 407
371 408
371 409
372 409
372 410
372 411
373 415
374 375
374 415
374 416
374 417
375 416
375 417
376 377
376 418
377 378
377 418
378 419
379 380
379 419
379 420
380 381
380 420
380 421
381 382
381 421
381 422
382 383
382 421
382 422
382 423
383 384
383 422
383 423
383 424
384 385
384 423
384 424
384 425
385 424
385 425
385 426
386 387
386 426
386 427
387 388
387 427
388 389
389 390
389 428
390 428
391 392
391 429
391 430
392 393
392 429
392 430
392 431
393 394
393 430
393 431
393 432
394 395
394 431
394 432
394 433
395 432
395 433
395 434
396 397
396 434
396 435
397 398
397 435
397 436
398 399
398 435
398 436
398 437
399 400
399 436
399 437
399 438
400 401
400 437
400 438
400 439
401 438
401 439
402 403
402 440
403 404
403 440
403 441
404 405
404 440
404 441
404 442
405 406
405 441
405 442
405 443
406 407
406 442
406 443
406 444
407 408
407 443
407 444
408 409
408 444
408 445
409 410
409 445
409 446
410 411
410 445
410 446
411 446
411 447
412 413
412 447
412 448
413 414
413 448
413 449
414 449
414 450
415 416
415 451
415 452
415 453
416 417
416 452
416 453
416 454
417 453
417 454
418 455
419 420
419 456
419 457
419 458
420 457
420 458
420 459
421 422
421 459
421 460
421 461
422 423
422 460
422 461
422 462
423 424
423 461
423 462
423 463
424 425
424 462
424 463
424 464
425 426
425 463
425 464
425 465
426 427
426 464
426 465
426 466
427 465
427 466
427 467
428 468
428 469
429 430
429 470
429 471
430 431
430 470
430 471
430 472
431 432
431 471
431 472
431 473
432 433
432 472
432 473
432 474
433 434
433 473
433 474
433 475
434 474
434 475
434 476
435 436
435 476
435 477
435 478
436 437
436 477
436 478
436 479
437 438
437 478
437 479
437 480
438 439
438 479
438 480
438 481
439 480
439 481
439 482
440 441
440 483
440 484
440 485
441 442
441 484
441 485
441 486
442 443
442 485
442 486
442 487
443 444
443 486
443 487
443 488
444 487
444 488
444 489
445 446
445 489
445 490
446 490
447 448
447 491
448 491
449 450
449 492
449 493
450 451
450 492
450 493
450 494
451 452
451 493
451 494
451 495
452 453
452 494
452 495
452 496
453 454
453 495
453 496
453 497
454 496
454 497
454 498
455 456
455 499
455 500
456 457
456 500
457 458
457 501
458 459
458 501
458 502
459 460
459 501
459 502
459 503
460 461
460 502
460 503
460 504
461 462
461 503
461 504
461 505
462 463
462 504
462 505
462 506
463 464
463 505
463 506
463 507
464 465
464 506
464 507
464 508
465 466
465 507
465 508
465 509
466 467
466 508
466 509
466 510
467 509
467 510
467 511
468 469
468 511
468 512
468 513
469 512
469 513
470 471
470 514
470 515
471 472
471 514
471 515
471 516
472 473
472 515
472 516
473 474
473 516
473 517
474 475
474 517
474 518
475 476
475 517
475 518
475 519
476 477
476 518
476 519
477 478
477 519
477 520
478 479
478 520
478 521
479 480
479 520
479 521
480 481
480 521
480 522
481 482
481 522
482 483
482 522
482 523
483 484
483 523
483 524
484 485
484 523
484 524
484 525
485 486
485 524
485 525
486 487
486 525
487 488
487 526
488 489
488 526
488 527
489 490
489 526
489 527
489 528
490 527
490 528
490 529
491 530
491 531
492 493
492 532
492 533
492 534
493 494
493 533
493 534
493 535
494 495
494 534
494 535
495 496
495 535
495 536
496 497
496 536
496 537
497 498
497 536
497 537
498 499
498 537
498 538
499 500
499 538
500 538
500 539
501 502
501 540
501 541
502 503
502 540
502 541
502 542
503 504
503 541
503 542
503 543
504 505
504 542
504 543
505 506
505 543
505 544
506 507
506 544
506 545
507 508
507 544
507 545
507 546
508 509
508 545
508 546
508 547
509 510
509 546
509 547
509 548
510 511
510 547
510 548
511 512
511 548
511 549
512 513
512 549
512 550
513 549
513 550
514 515
514 551
514 552
515 516
515 551
515 552
516 552
516 553
517 518
517 553
517 554
517 555
518 519
518 554
518 555
518 556
519 555
519 556
520 521
520 557
521 557
522 558
522 559
523 524
523 559
523 560
523 561
524 525
524 560
524 561
524 562
525 561
525 562
525 563
526 527
526 564
526 565
527 528
527 565
527 566
528 529
528 565
528 566
528 567
529 566
529 567
529 568
530 531
530 568
530 569
531 532
531 569
531 570
532 533
532 570
532 571
533 534
533 570
533 571
533 572
534 535
534 571
534 572
534 573
535 572
535 573
536 537
536 574
536 575
537 574
537 575
537 576
538 576
538 577
539 577
539 578
539 579
540 541
540 579
540 580
541 542
541 580
542 543
542 580
542 581
543 581
543 582
544 545
544 582
544 583
544 584
545 546
545 583
545 584
546 547
546 584
547 548
547 585
548 585
548 586
549 550
549 586
549 587
549 588
550 587
550 588
551 552
551 589
551 590
552 589
552 590
552 591
553 554
553 591
553 592
553 593
554 555
554 592
554 593
554 594
555 556
555 593
555 594
556 594
557 595
557 596
557 597
558 559
558 597
558 598
559 560
559 598
559 599
560 561
560 598
560 599
560 600
561 562
561 599
561 600
561 601
562 563
562 600
562 601
562 602
563 564
563 601
563 602
563 603
564 602
564 603
564 604
565 566
565 604
565 605
565 606
566 567
566 605
566 606
567 568
567 606
567 607
568 569
568 607
568 608
569 607
569 608
569 609
570 571
570 609
570 610
571 572
571 610
572 573
573 611
574 575
574 611
575 576
576 612
577 578
577 612
577 613
578 579
578 613
578 614
579 613
579 614
580 615
581 582
581 616
581 617
582 583
582 616
582 617
582 618
583 584
583 617
583 618
583 619
584 618
584 619
584 620
585 586
585 621
585 622
585 623
586 587
586 622
586 623
586 624
587 588
587 623
587 624
587 625
588 624
588 625
589 590
589 626
589 627
590 591
590 626
590 627
590 628
591 592
591 627
591 628
591 629
592 593
592 628
592 629
592 630
593 594
593 629
593 630
593 631
594 630
594 631
594 632
595 596
595 633
595 634
596 597
596 634
596 635
597 634
597 635
598 599
598 636
599 600
599 636
599 637
600 601
600 637
600 638
601 602
601 637
601 638
601 639
602 603
602 638
602 639
603 604
603 639
603 640
604 605
604 640
604 641
605 606
605 640
605 641
606 641
607 608
607 642
607 643
608 609
608 642
608 643
608 644
609 610
609 643
609 644
609 645
610 644
610 645
610 646
611 648
611 649
611 650
612 652
612 653
613 614
613 654
614 654
614 655
615 655
615 656
616 617
616 656
616 657
616 658
617 618
617 657
617 658
618 619
618 658
618 659
619 620
619 659
619 660
620 621
620 659
620 660
621 622
621 660
621 661
622 623
622 661
623 624
623 661
623 662
624 625
624 662
624 663
625 662
625 663
626 627
626 664
626 665
627 628
627 664
627 665
627 666
628 629
628 665
628 666
628 667
629 630
629 666
629 667
629 668
630 631
630 667
630 668
630 669
631 632
631 668
631 669
631 670
632 633
632 669
632 670
632 671
633 670
633 671
633 672
634 635
634 672
634 673
635 673
635 674
636 674
636 675
636 676
637 638
637 676
638 639
638 677
639 677
639 678
640 641
640 678
640 679
641 679
641 680
642 643
642 681
642 682
642 683
643 644
643 682
643 683
643 684
644 645
644 683
644 684
644 685
645 646
645 684
645 685
645 686
646 647
646 685
646 686
647 648
647 686
648 649
648 687
649 650
649 687
650 651
650 687
651 652
651 688
652 653
652 688
652 689
653 688
653 689
653 690
654 690
654 691
655 692
656 657
656 693
656 694
657 658
657 693
657 694
657 695
658 694
658 695
658 696
659 660
659 696
659 697
660 697
660 698
661 698
661 699
661 700
662 663
662 700
662 701
662 702
663 701
663 702
664 665
664 703
665 666
665 703
666 667
666 703
666 704
667 668
667 704
667 705
668 669
668 704
668 705
668 706
669 670
669 705
669 706
669 707
670 671
670 706
670 707
670 708
671 672
671 707
671 708
671 709
672 708
672 709
673 674
673 710
673 711
674 675
674 710
674 711
674 712
675 676
675 711
675 712
675 713
676 712
676 713
676 714
677 678
677 715
677 716
678 679
678 716
678 717
679 716
679 717
679 718
680 681
680 718
680 719
681 682
681 719
681 720
682 683
682 719
682 720
682 721
683 684
683 720
683 721
683 722
684 685
684 721
684 722
684 723
685 686
685 722
685 723
685 724
686 723
686 724
686 725
687 726
687 727
687 728
688 689
688 729
688 730
689 690
689 730
689 731
690 691
690 730
690 731
691 731
691 732
692 732
692 733
692 734
693 694
693 734
693 735
694 695
694 735
694 736
695 696
695 736
695 737
696 736
696 737
696 738
697 698
697 738
697 739
698 699
698 739
698 740
699 700
699 740
699 741
700 701
700 740
700 741
700 742
701 702
701 741
701 742
701 743
702 742
702 743
703 744
703 745
703 746
704 705
704 746
704 747
704 748
705 706
705 747
705 748
706 707
706 748
706 749
707 708
707 749
707 750
708 709
708 749
708 750
708 751
709 750
709 751
709 752
710 711
710 752
710 753
710 754
711 712
711 753
711 754
711 755
712 713
712 754
712 755
712 756
713 714
713 755
713 756
714 715
714 756
714 757
715 757
715 758
716 717
716 758
716 759
716 760
717 718
717 759
717 760
717 761
718 760
718 761
719 720
719 762
720 721
720 762
720 763
721 722
721 762
721 763
722 723
722 763
722 764
723 724
723 764
724 725
724 764
724 765
725 726
725 765
725 766
726 727
726 765
726 766
727 728
727 766
727 767
728 729
728 767
728 768
729 767
729 768
729 769
730 731
730 769
730 770
730 771
731 770
731 771
731 772
732 733
732 772
732 773
732 774
733 734
733 773
733 774
734 735
734 774
734 775
735 775
735 776
736 737
736 776
736 777
736 778
737 738
737 777
737 778
737 779
738 739
738 778
738 779
738 780
739 779
739 780
739 781
740 741
740 781
740 782
740 783
741 742
741 782
741 783
741 784
742 743
742 783
742 784
742 785
743 784
743 785
744 745
744 786
744 787
745 746
745 786
745 787
745 788
746 747
746 787
746 788
746 789
747 748
747 788
747 789
747 790
748 789
748 790
749 750
749 791
749 792
750 751
750 791
750 792
751 752
751 792
751 793
752 753
752 793
752 794
753 754
753 793
753 794
753 795
754 755
754 794
754 795
754 796
755 756
755 795
755 796
755 797
756 796
756 797
756 798
757 758
757 798
757 799
757 800
758 759
758 799
758 800
758 801
759 760
759 800
759 801
760 761
760 801
761 802
762 763
762 803
763 803
764 804
765 766
765 804
765 805
765 806
766 805
766 806
766 807
767 768
767 807
768 769
768 808
769 770
769 808
769 809
770 771
770 808
770 809
770 810
771 772
771 809
771 810
772 773
772 810
772 811
773 774
773 811
773 812
774 811
774 812
775 776
775 813
775 814
776 777
776 813
776 814
776 815
777 778
777 814
777 815
778 779
778 815
778 816
779 780
779 816
779 817
780 781
780 816
780 817
780 818
781 782
781 817
781 818
781 819
782 783
782 818
782 819
783 784
783 819
783 820
784 785
784 820
784 821
785 820
785 821
786 787
786 822
786 823
787 788
787 822
787 823
787 824
788 789
788 823
788 824
789 790
789 824
791 792
791 825
791 826
792 825
792 826
792 827
793 794
793 827
793 828
793 829
794 795
794 828
794 829
794 830
795 796
795 829
795 830
795 831
796 797
796 830
796 831
796 832
797 798
797 831
797 832
798 799
798 832
798 833
799 800
799 833
799 834
800 801
800 833
800 834
800 835
801 834
801 835
801 836
802 837
802 838
802 839
803 839
803 840
803 841
804 805
804 843
804 844
805 806
805 843
805 844
805 845
806 807
806 844
806 845
807 845
808 809
808 846
808 847
809 810
809 846
809 847
809 848
810 847
810 848
810 849
811 812
811 849
811 850
811 851
812 850
812 851
812 852
813 814
813 852
813 853
814 815
814 853
814 854
815 853
815 854
815 855
816 817
816 855
816 856
816 857
817 818
817 856
817 857
817 858
818 819
818 857
818 858
818 859
819 858
819 859
819 860
820 821
820 860
820 861
820 862
821 861
821 862
822 823
822 863
823 824
823 863
824 863
824 864
825 826
825 865
825 866
826 827
826 865
826 866
827 828
827 866
828 829
828 867
829 830
829 867
829 868
830 831
830 867
830 868
831 832
831 868
831 869
832 869
832 870
833 834
833 870
833 871
833 872
834 835
834 871
834 872
834 873
835 836
835 872
835 873
836 837
836 873
836 874
837 838
837 874
837 875
838 839
838 874
838 875
839 840
839 875
839 876
840 841
840 876
841 842
841 876
841 877
842 877
842 878
843 844
843 878
843 879
843 880
844 845
844 879
844 880
844 881
845 880
845 881
845 882
846 847
846 884
846 885
846 886
847 848
847 885
847 886
847 887
848 849
848 886
848 887
848 888
849 850
849 887
849 888
849 889
850 851
850 888
850 889
850 890
851 852
851 889
851 890
852 890
852 891
853 854
853 891
853 892
853 893
854 855
854 892
854 893
854 894
855 856
855 893
855 894
855 895
856 857
856 894
856 895
857 858
857 895
857 896
858 859
858 896
858 897
859 860
859 896
859 897
860 861
860 897
860 898
861 862
861 898
861 899
862 898
862 899
863 900
863 901
864 901
865 866
865 902
865 903
866 902
866 903
866 904
867 868
867 905
867 906
868 906
868 907
869 870
869 907
869 908
870 871
870 908
871 872
871 909
872 873
872 909
872 910
873 909
873 910
874 875
874 911
874 912
875 911
875 912
875 913
876 913
876 914
876 915
877 878
877 915
877 916
878 879
878 916
878 917
879 880
879 916
879 917
879 918
880 881
880 917
880 918
880 919
881 882
881 918
881 919
881 920
882 883
882 919
882 920
883 884
883 920
883 921
884 885
884 921
884 922
885 886
885 921
885 922
886 887
886 922
887 888
887 923
888 889
888 923
888 924
889 890
889 923
889 924
889 925
890 924
890 925
890 926
891 892
891 926
891 927
892 893
892 927
892 928
893 894
893 928
893 929
894 895
894 928
894 929
894 930
895 929
895 930
895 931
896 897
896 931
896 932
897 932
898 899
898 933
899 933
900 934
901 935
901 936
902 903
902 938
902 939
903 904
903 939
903 940
904 905
904 940
904 941
905 906
905 940
905 941
905 942
906 941
906 942
907 908
907 943
907 944
908 943
908 944
908 945
909 910
909 946
909 947
910 947
910 948
911 912
911 948
911 949
911 950
912 913
912 949
912 950
912 951
913 914
913 950
913 951
913 952
914 915
914 951
914 952
914 953
915 952
915 953
915 954
916 917
916 954
916 955
916 956
917 918
917 955
917 956
918 919
918 956
918 957
919 920
919 957
919 958
920 957
920 958
920 959
921 922
921 959
921 960
921 961
922 960
922 961
923 924
923 962
923 963
924 925
924 963
924 964
925 926
925 964
925 965
926 927
926 964
926 965
927 965
927 966
928 929
928 966
928 967
928 968
929 930
929 967
929 968
929 969
930 931
930 968
930 969
930 970
931 932
931 969
931 970
931 971
932 970
932 971
932 972
933 973
933 974
934 975
934 976
935 936
935 976
935 977
936 937
936 977
936 978
937 938
937 978
938 939
938 978
938 979
939 979
939 980
940 941
940 980
940 981
941 942
941 981
941 982
942 981
942 982
942 983
943 944
943 983
943 984
943 985
944 945
944 984
944 985
944 986
945 946
945 985
945 986
946 947
946 986
946 987
947 987
948 949
948 988
948 989
949 950
949 988
949 989
949 990
950 951
950 989
950 990
950 991
951 952
951 990
951 991
951 992
952 953
952 991
952 992
953 954
953 992
953 993
954 955
954 993
954 994
955 956
955 993
955 994
955 995
956 994
956 995
957 958
957 996
958 959
958 996
958 997
959 960
959 996
959 997
959 998
960 961
960 997
960 998
960 999
961 998
961 999
962 963
962 1000
962 1001
963 1000
963 1001
963 1002
964 965
964 1002
964 1003
964 1004
965 1003
965 1004
965 1005
966 967
966 1005
966 1006
967 968
967 1006
967 1007
968 969
968 1007
968 1008
969 970
969 1007
969 1008
969 1009
970 971
970 1008
970 1009
970 1010
971 972
971 1009
971 1010
971 1011
972 973
972 1010
972 1011
972 1012
973 974
973 1011
973 1012
974 1012
975 976
975 1013
975 1014
976 977
976 1013
976 1014
976 1015
977 1014
977 1015
977 1016
978 1016
978 1017
978 1018
979 980
979 1018
979 1019
979 1020
980 1019
980 1020
980 1021
981 982
981 1021
981 1022
982 983
982 1022
982 1023
983 984
983 1022
983 1023
984 985
984 1023
984 1024
985 986
985 1024
985 1025
986 1024
986 1025
986 1026
987 1026
987 1027
988 989
988 1027
988 1028
988 1029
989 990
989 1028
989 1029
989 1030
990 991
990 1029
990 1030
990 1031
991 992
991 1030
991 1031
992 1031
992 1032
993 994
993 1032
993 1033
993 1034
994 995
994 1033
994 1034
994 1035
995 1034
995 1035
995 1036
996 997
996 1037
996 1038
997 998
997 1037
997 1038
998 999
998 1038
998 1039
999 1039
999 1040
1000 1001
1000 1040
1000 1041
1001 1002
1001 1041
1001 1042
1002 1003
1002 1041
1002 1042
1002 1043
1003 1004
1003 1042
1003 1043
1003 1044
1004 1005
1004 1043
1004 1044
1005 1006
1005 1044
1005 1045
1006 1045
1007 1008
1007 1046
1007 1047
1008 1009
1008 1046
1008 1047
1009 1010
1009 1047
1009 1048
1010 1011
1010 1048
1010 1049
1011 1012
1011 1048
1011 1049
1011 1050
1012 1049
1012 1050
1013 1014
1013 1052
1014 1015
1014 1052
1015 1016
1015 1052
1015 1053
1016 1017
1016 1053
1017 1018
1017 1053
1017 1054
1018 1019
1018 1054
1018 1055
1019 1020
1019 1054
1019 1055
1019 1056
1020 1021
1020 1055
1020 1056
1020 1057
1021 1056
1021 1057
1021 1058
1022 1023
1022 1058
1022 1059
1022 1060
1023 1059
1023 1060
1023 1061
1024 1025
1024 1061
1024 1062
1024 1063
1025 1026
1025 1062
1025 1063
1026 1063
1026 1064
1027 1028
1027 1064
1027 1065
1027 1066
1028 1029
1028 1065
1028 1066
1029 1030
1029 1066
1029 1067
1030 1031
1030 1067
1030 1068
1031 1067
1031 1068
1031 1069
1032 1033
1032 1069
1032 1070
1032 1071
1033 1034
1033 1070
1033 1071
1033 1072
1034 1035
1034 1071
1034 1072
1034 1073
1035 1036
1035 1072
1035 1073
1035 1074
1036 1073
1036 1074
1036 1075
1037 1038
1037 1075
1037 1076
1037 1077
1038 1076
1038 1077
1039 1040
1039 1078
1039 1079
1040 1078
1040 1079
1040 1080
1041 1042
1041 1080
1041 1081
1041 1082
1042 1043
1042 1081
1042 1082
1042 1083
1043 1044
1043 1082
1043 1083
1043 1084
1044 1083
1044 1084
1044 1085
1045 1085
1045 1086
1046 1047
1046 1087
1047 1087
1047 1088
1048 1049
1048 1088
1048 1089
1049 1050
1049 1089
1049 1090
1050 1089
1050 1090
1050 1091
1051 1091
1051 1092
1052 1093
1052 1094
1053 1094
1053 1095
1053 1096
1054 1055
1054 1096
1054 1097
1055 1056
1055 1097
1055 1098
1056 1057
1056 1097
1056 1098
1056 1099
1057 1058
1057 1098
1057 1099
1058 1059
1058 1099
1059 1060
1059 1100
1060 1061
1060 1100
1061 1062
1061 1100
1061 1101
1062 1063
1062 1101
1062 1102
1063 1101
1063 1102
1063 1103
1064 1065
1064 1103
1064 1104
1064 1105
1065 1066
1065 1104
1065 1105
1065 1106
1066 1105
1066 1106
1066 1107
1067 1068
1067 1107
1067 1108
1067 1109
1068 1069
1068 1108
1068 1109
1068 1110
1069 1070
1069 1109
1069 1110
1070 1071
1070 1110
1070 1111
1071 1072
1071 1111
1071 1112
1072 1073
1072 1111
1072 1112
1072 1113
1073 1074
1073 1112
1073 1113
1073 1114
1074 1075
1074 1113
1074 1114
1074 1115
1075 1076
1075 1114
1075 1115
1076 1077
1076 1115
1076 1116
1077 1116
1077 1117
1078 1079
1078 1117
1078 1118
1078 1119
1079 1080
1079 1118
1079 1119
1079 1120
1080 1081
1080 1119
1080 1120
1080 1121
1081 1082
1081 1120
1081 1121
1081 1122
1082 1083
1082 1121
1082 1122
1082 1123
1083 1084
1083 1122
1083 1123
1083 1124
1084 1085
1084 1123
1084 1124
1084 1125
1085 1086
1085 1124
1085 1125
1086 1125
1086 1126
1087 1126
1087 1127
1087 1128
1088 1128
1088 1129
1088 1130
1089 1090
1089 1130
1089 1131
1090 1091
1090 1131
1090 1132
1091 1092
1091 1131
1091 1132
1091 1133
1092 1132
1092 1133
1093 1094
1093 1134
1093 1135
1094 1095
1094 1135
1094 1136
1095 1096
1095 1136
1095 1137
1096 1136
1096 1137
1097 1098
1097 1138
1097 1139
1098 1099
1098 1138
1098 1139
1098 1140
1099 1139
1099 1140
1099 1141
1100 1142
1100 1143
1100 1144
1101 1102
1101 1144
1101 1145
1102 1103
1102 1145
1102 1146
1103 1104
1103 1146
1103 1147
1104 1105
1104 1146
1104 1147
1104 1148
1105 1106
1105 1147
1105 1148
1105 1149
1106 1107
1106 1148
1106 1149
1106 1150
1107 1108
1107 1149
1107 1150
1108 1109
1108 1150
1109 1110
1109 1151
1110 1151
1110 1152
1111 1112
1111 1152
1111 1153
1112 1113
1112 1153
1112 1154
1113 1114
1113 1154
1113 1155
1114 1115
1114 1154
1114 1155
1114 1156
1115 1155
1115 1156
1115 1157
1116 1117
1116 1157
1116 1158
1116 1159
1117 1118
1117 1158
1117 1159
1117 1160
1118 1119
1118 1159
1118 1160
1118 1161
1119 1120
1119 1160
1119 1161
1120 1121
1120 1161
1120 1162
1121 1122
1121 1162
1121 1163
1122 1123
1122 1162
1122 1163
1122 1164
1123 1124
1123 1163
1123 1164
1123 1165
1124 1125
1124 1164
1124 1165
1124 1166
1125 1165
1125 1166
1125 1167
1126 1127
1126 1167
1126 1168
1126 1169
1127 1128
1127 1168
1127 1169
1127 1170
1128 1129
1128 1169
1128 1170
1128 1171
1129 1130
1129 1170
1129 1171
1129 1172
1130 1171
1130 1172
1130 1173
1131 1132
1131 1173
1131 1174
1132 1133
1132 1174
1132 1175
1133 1174
1133 1175
1134 1135
1134 1176
1134 1177
1135 1176
1135 1177
1135 1178
1136 1137
1136 1178
1136 1179
1137 1179
1137 1180
1138 1139
1138 1180
1138 1181
1138 1182
1139 1140
1139 1181
1139 1182
1139 1183
1140 1141
1140 1182
1140 1183
1140 1184
1141 1142
1141 1183
1141 1184
1141 1185
1142 1143
1142 1184
1142 1185
1142 1186
1143 1144
1143 1185
1143 1186
1143 1187
1144 1145
1144 1186
1144 1187
1145 1187
1145 1188
1146 1147
1146 1188
1146 1189
1147 1148
1147 1189
1147 1190
1148 1149
1148 1190
1148 1191
1149 1150
1149 1190
1149 1191
1149 1192
1150 1191
1150 1192
1150 1193
1151 1152
1151 1194
1151 1195
1151 1196
1152 1153
1152 1195
1152 1196
1152 1197
1153 1196
1153 1197
1154 1155
1154 1198
1155 1156
1155 1198
1155 1199
1156 1157
1156 1199
1156 1200
1157 1158
1157 1199
1157 1200
1158 1159
1158 1200
1158 1201
1159 1160
1159 1201
1159 1202
1160 1161
1160 1201
1160 1202
1160 1203
1161 1202
1161 1203
1161 1204
1162 1163
1162 1204
1162 1205
1162 1206
1163 1164
1163 1205
1163 1206
1163 1207
1164 1165
1164 1206
1164 1207
1164 1208
1165 1166
1165 1207
1165 1208
1165 1209
1166 1167
1166 1208
1166 1209
1166 1210
1167 1168
1167 1209
1167 1210
1167 1211
1168 1169
1168 1210
1168 1211
1168 1212
1169 1170
1169 1211
1169 1212
1170 1171
1170 1212
1170 1213
1171 1172
1171 1213
1171 1214
1172 1173
1172 1213
1172 1214
1172 1215
1173 1214
1173 1215
1173 1216
1174 1175
1174 1216
1174 1217
1174 1218
1175 1217
1175 1218
1176 1177
1176 1219
1176 1220
1177 1178
1177 1219
1177 1220
1177 1221
1178 1220
1178 1221
1178 1222
1179 1180
1179 1222
1179 1223
1179 1224
1180 1181
1180 1223
1180 1224
1180 1225
1181 1182
1181 1224
1181 1225
1181 1226
1182 1183
1182 1225
1182 1226
1182 1227
1183 1184
1183 1226
1183 1227
1184 1185
1184 1227
1184 1228
1185 1186
1185 1228
1185 1229
1186 1187
1186 1228
1186 1229
1186 1230
1187 1229
1187 1230
1187 1231
1188 1189
1188 1231
1188 1232
1188 1233
1189 1232
1189 1233
1189 1234
1190 1191
1190 1234
1190 1235
1190 1236
1191 1192
1191 1235
1191 1236
1191 1237
1192 1193
1192 1236
1192 1237
1192 1238
1193 1194
1193 1237
1193 1238
1193 1239
1194 1195
1194 1238
1194 1239
1194 1240
1195 1196
1195 1239
1195 1240
1195 1241
1196 1197
1196 1240
1196 1241
1196 1242
1197 1241
1197 1242
1198 1243
1198 1244
1199 1200
1199 1244
1199 1245
1199 1246
1200 1245
1200 1246
1200 1247
1201 1202
1201 1247
1201 1248
1201 1249
1202 1203
1202 1248
1202 1249
1202 1250
1203 1204
1203 1249
1203 1250
1204 1205
1204 1250
1205 1206
1206 1207
1206 1251
1207 1208
1207 1251
1207 1252
1208 1209
1208 1251
1208 1252
1208 1253
1209 1210
1209 1252
1209 1253
1209 1254
1210 1211
1210 1253
1210 1254
1210 1255
1211 1212
1211 1254
1211 1255
1211 1256
1212 1255
1212 1256
1212 1257
1213 1214
1213 1257
1213 1258
1213 1259
1214 1215
1214 1258
1214 1259
1214 1260
1215 1216
1215 1259
1215 1260
1215 1261
1216 1217
1216 1260
1216 1261
1217 1218
1217 1261
1219 1220
1219 1262
1219 1263
1220 1221
1220 1262
1220 1263
1221 1222
1221 1263
1221 1264
1222 1223
1222 1264
1222 1265
1223 1224
1223 1264
1223 1265
1223 1266
1224 1225
1224 1265
1224 1266
1225 1226
1225 1266
1226 1227
1227 1267
1228 1229
1228 1267
1228 1268
1228 1269
1229 1230
1229 1268
1229 1269
1229 1270
1230 1231
1230 1269
1230 1270
1230 1271
1231 1232
1231 1270
1231 1271
1231 1272
1232 1233
1232 1271
1232 1272
1233 1234
1233 1272
1233 1273
1234 1235
1234 1273
1235 1236
1235 1273
1235 1274
1236 1237
1236 1274
1237 1238
1237 1274
1237 1275
1238 1239
1238 1275
1238 1276
1239 1240
1239 1275
1239 1276
1239 1277
1240 1241
1240 1276
1240 1277
1240 1278
1241 1242
1241 1277
1241 1278
1241 1279
1242 1278
1242 1279
1242 1280
1243 1244
1243 1280
1243 1281
1243 1282
1244 1245
1244 1281
1244 1282
1244 1283
1245 1246
1245 1282
1245 1283
1245 1284
1246 1247
1246 1283
1246 1284
1246 1285
1247 1248
1247 1284
1247 1285
1247 1286
1248 1249
1248 1285
1248 1286
1249 1250
1249 1286
1249 1287
1250 1287
1250 1288
1251 1252
1251 1289
1251 1290
1252 1253
1252 1289
1252 1290
1252 1291
1253 1254
1253 1290
1253 1291
1253 1292
1254 1255
1254 1291
1254 1292
1254 1293
1255 1256
1255 1292
1255 1293
1256 1257
1256 1293
1256 1294
1257 1258
1257 1294
1257 1295
1258 1259
1258 1294
1258 1295
1258 1296
1259 1260
1259 1295
1259 1296
1259 1297
1260 1261
1260 1296
1260 1297
1261 1297
1262 1263
1262 1298
1263 1298
1263 1299
1264 1265
1264 1299
1264 1300
1265 1266
1265 1300
1265 1301
1266 1301
1266 1302
1267 1268
1267 1303
1267 1304
1268 1269
1268 1303
1268 1304
1268 1305
1269 1270
1269 1304
1269 1305
1269 1306
1270 1271
1270 1305
1270 1306
1270 1307
1271 1272
1271 1306
1271 1307
1271 1308
1272 1307
1272 1308
1272 1309
1273 1309
1273 1310
1273 1311
1274 1311
1274 1312
1274 1313
1275 1276
1275 1313
1275 1314
1275 1315
1276 1277
1276 1314
1276 1315
1276 1316
1277 1278
1277 1315
1277 1316
1277 1317
1278 1279
1278 1316
1278 1317
1278 1318
1279 1280
1279 1317
1279 1318
1279 1319
1280 1281
1280 1318
1280 1319
1280 1320
1281 1282
1281 1319
1281 1320
1282 1283
1282 1320
1282 1321
1283 1284
1283 1321
1283 1322
1284 1285
1284 1321
1284 1322
1284 1323
1285 1286
1285 1322
1285 1323
1285 1324
1286 1323
1286 1324
1286 1325
1287 1288
1287 1325
1287 1326
1288 1326
1288 1327
1289 1290
1289 1328
1289 1329
1289 1330
1290 1291
1290 1329
1290 1330
1290 1331
1291 1292
1291 1330
1291 1331
1291 1332
1292 1293
1292 1331
1292 1332
1292 1333
1293 1332
1293 1333
1293 1334
1294 1295
1294 1334
1294 1335
1294 1336
1295 1296
1295 1335
1295 1336
1295 1337
1296 1297
1296 1336
1296 1337
1296 1338
1297 1337
1297 1338
1297 1339
1298 1342
1299 1300
1299 1343
1299 1344
1300 1343
1300 1344
1301 1302
1301 1345
1302 1345
1302 1346
1303 1304
1303 1347
1303 1348
1303 1349
1304 1305
1304 1348
1304 1349
1304 1350
1305 1306
1305 1349
1305 1350
1305 1351
1306 1307
1306 1350
1306 1351
1306 1352
1307 1308
1307 1351
1307 1352
1307 1353
1308 1309
1308 1352
1308 1353
1308 1354
1309 1310
1309 1353
1309 1354
1309 1355
1310 1311
1310 1354
1310 1355
1311 1312
1311 1355
1312 1313
1312 1356
1313 1314
1313 1356
1313 1357
1314 1315
1314 1356
1314 1357
1314 1358
1315 1316
1315 1357
1315 1358
1315 1359
1316 1317
1316 1358
1316 1359
1316 1360
1317 1318
1317 1359
1317 1360
1317 1361
1318 1319
1318 1360
1318 1361
1318 1362
1319 1320
1319 1361
1319 1362
1319 1363
1320 1362
1320 1363
1320 1364
1321 1322
1321 1364
1321 1365
1321 1366
1322 1323
1322 1365
1322 1366
1322 1367
1323 1324
1323 1366
1323 1367
1323 1368
1324 1325
1324 1367
1324 1368
1324 1369
1325 1368
1325 1369
1325 1370
1326 1327
1326 1370
1327 1328
1327 1371
1328 1329
1328 1371
1328 1372
1329 1330
1329 1371
1329 1372
1329 1373
1330 1331
1330 1372
1330 1373
1330 1374
1331 1332
1331 1373
1331 1374
1331 1375
1332 1333
1332 1374
1332 1375
1332 1376
1333 1334
1333 1375
1333 1376
1333 1377
1334 1335
1334 1376
1334 1377
1334 1378
1335 1336
1335 1377
1335 1378
1335 1379
1336 1337
1336 1378
1336 1379
1336 1380
1337 1338
1337 1379
1337 1380
1337 1381
1338 1339
1338 1380
1338 1381
1339 1340
1339 1381
1339 1382
1340 1341
1340 1382
1340 1383
1341 1382
1341 1383
1342 1384
1342 1385
1343 1344
1343 1385
1343 1386
1344 1386
1345 1387
1345 1388
1346 1347
1346 1388
1346 1389
1347 1348
1347 1389
1347 1390
1348 1349
1348 1390
1348 1391
1349 1350
1349 1390
1349 1391
1349 1392
1350 1351
1350 1391
1350 1392
1350 1393
1351 1352
1351 1392
1351 1393
1351 1394
1352 1353
1352 1393
1352 1394
1352 1395
1353 1354
1353 1394
1353 1395
1353 1396
1354 1355
1354 1395
1354 1396
1354 1397
1355 1396
1355 1397
1356 1357
1356 1398
1356 1399
1356 1400
1357 1358
1357 1399
1357 1400
1358 1359
1358 1400
1358 1401
1359 1360
1359 1401
1359 1402
1360 1361
1360 1401
1360 1402
1360 1403
1361 1362
1361 1402
1361 1403
1361 1404
1362 1363
1362 1403
1362 1404
1362 1405
1363 1364
1363 1404
1363 1405
1363 1406
1364 1365
1364 1405
1364 1406
1364 1407
1365 1366
1365 1406
1365 1407
1366 1367
1366 1407
1366 1408
1367 1368
1367 1408
1367 1409
1368 1369
1368 1408
1368 1409
1368 1410
1369 1370
1369 1409
1369 1410
1369 1411
1370 1410
1370 1411
1370 1412
1371 1372
1371 1413
1371 1414
1371 1415
1372 1373
1372 1414
1372 1415
1372 1416
1373 1374
1373 1415
1373 1416
1373 1417
1374 1375
1374 1416
1374 1417
1374 1418
1375 1376
1375 1417
1375 1418
1375 1419
1376 1377
1376 1418
1376 1419
1376 1420
1377 1378
1377 1419
1377 1420
1377 1421
1378 1379
1378 1420
1378 1421
1378 1422
1379 1380
1379 1421
1379 1422
1379 1423
1380 1381
1380 1422
1380 1423
1380 1424
1381 1423
1381 1424
1381 1425
1382 1383
1382 1425
1382 1426
1382 1427
1383 1426
1383 1427
1384 1385
1384 1428
1384 1429
1385 1386
1385 1428
1385 1429
1386 1429
1386 1430
1387 1388
1387 1431
1387 1432
1388 1389
1388 1432
1388 1433
1389 1433
1389 1434
1390 1391
1390 1434
1390 1435
1390 1436
1391 1392
1391 1435
1391 1436
1391 1437
1392 1393
1392 1436
1392 1437
1392 1438
1393 1394
1393 1437
1393 1438
1394 1395
1394 1438
1394 1439
1395 1396
1395 1439
1395 1440
1396 1397
1396 1439
1396 1440
1397 1440
1398 1399
1398 1441
1398 1442
1399 1400
1399 1441
1399 1442
1400 1442
1400 1443
1401 1402
1401 1443
1401 1444
1401 1445
1402 1403
1402 1444
1402 1445
1402 1446
1403 1404
1403 1445
1403 1446
1403 1447
1404 1405
1404 1446
1404 1447
1404 1448
1405 1406
1405 1447
1405 1448
1405 1449
1406 1407
1406 1448
1406 1449
1406 1450
1407 1449
1407 1450
1407 1451
1408 1409
1408 1451
1408 1452
1408 1453
1409 1410
1409 1452
1409 1453
1409 1454
1410 1411
1410 1453
1410 1454
1410 1455
1411 1412
1411 1454
1411 1455
1411 1456
1412 1413
1412 1455
1412 1456
1412 1457
1413 1414
1413 1456
1413 1457
1413 1458
1414 1415
1414 1457
1414 1458
1414 1459
1415 1416
1415 1458
1415 1459
1416 1417
1416 1459
1416 1460
1417 1418
1417 1460
1417 1461
1418 1419
1418 1460
1418 1461
1418 1462
1419 1420
1419 1461
1419 1462
1419 1463
1420 1421
1420 1462
1420 1463
1420 1464
1421 1422
1421 1463
1421 1464
1421 1465
1422 1423
1422 1464
1422 1465
1423 1424
1423 1465
1423 1466
1424 1425
1424 1466
1424 1467
1425 1426
1425 1466
1425 1467
1425 1468
1426 1427
1426 1467
1426 1468
1426 1469
1427 1468
1427 1469
1428 1429
1428 1470
1428 1471
1429 1470
1429 1471
1429 1472
1430 1431
1430 1472
1430 1473
1430 1474
1431 1432
1431 1473
1431 1474
1431 1475
1432 1474
1432 1475
1432 1476
1433 1434
1433 1476
1433 1477
1433 1478
1434 1435
1434 1477
1434 1478
1434 1479
1435 1436
1435 1478
1435 1479
1436 1437
1436 1479
1436 1480
1437 1438
1437 1480
1437 1481
1438 1480
1438 1481
1438 1482
1439 1440
1439 1482
1439 1483
1439 1484
1440 1483
1440 1484
1440 1485
1441 1442
1441 1486
1441 1487
1441 1488
1442 1487
1442 1488
1442 1489
1443 1444
1443 1489
1443 1490
1443 1491
1444 1445
1444 1490
1444 1491
1444 1492
1445 1446
1445 1491
1445 1492
1445 1493
1446 1447
1446 1492
1446 1493
1446 1494
1447 1448
1447 1493
1447 1494
1447 1495
1448 1449
1448 1494
1448 1495
1448 1496
1449 1450
1449 1495
1449 1496
1450 1451
1450 1496
1450 1497
1451 1452
1451 1497
1451 1498
1452 1453
1452 1497
1452 1498
1452 1499
1453 1454
1453 1498
1453 1499
1453 1500
1454 1455
1454 1499
1454 1500
1454 1501
1455 1456
1455 1500
1455 1501
1455 1502
1456 1457
1456 1501
1456 1502
1457 1458
1457 1502
1457 1503
1458 1459
1458 1503
1459 1503
1459 1504
1460 1461
1460 1504
1460 1505
1461 1462
1461 1505
1461 1506
1462 1463
1462 1506
1462 1507
1463 1464
1463 1506
1463 1507
1463 1508
1464 1465
1464 1507
1464 1508
1464 1509
1465 1508
1465 1509
1466 1467
1466 1510
1466 1511
1467 1468
1467 1510
1467 1511
1467 1512
1468 1469
1468 1511
1468 1512
1468 1513
1469 1512
1469 1513
1470 1471
1470 1514
1470 1515
1471 1472
1471 1514
1471 1515
1471 1516
1472 1473
1472 1515
1472 1516
1472 1517
1473 1474
1473 1516
1473 1517
1473 1518
1474 1475
1474 1517
1474 1518
1474 1519
1475 1476
1475 1518
1475 1519
1476 1477
1476 1519
1476 1520
1477 1478
1477 1520
1477 1521
1478 1479
1478 1520
1478 1521
1478 1522
1479 1521
1479 1522
1479 1523
1480 1481
1480 1523
1480 1524
1481 1482
1481 1524
1481 1525
1482 1483
1482 1524
1482 1525
1482 1526
1483 1484
1483 1525
1483 1526
1484 1485
1484 1526
1484 1527
1485 1486
1485 1527
1485 1528
1486 1487
1486 1527
1486 1528
1486 1529
1487 1488
1487 1528
1487 1529
1487 1530
1488 1489
1488 1529
1488 1530
1488 1531
1489 1490
1489 1530
1489 1531
1490 1491
1490 1531
1490 1532
1491 1492
1491 1532
1491 1533
1492 1493
1492 1532
1492 1533
1492 1534
1493 1494
1493 1533
1493 1534
1493 1535
1494 1495
1494 1534
1494 1535
1494 1536
1495 1496
1495 1535
1495 1536
1495 1537
1496 1536
1496 1537
1496 1538
1497 1498
1497 1538
1497 1539
1497 1540
1498 1499
1498 1539
1498 1540
1498 1541
1499 1500
1499 1540
1499 1541
1499 1542
1500 1501
1500 1541
1500 1542
1500 1543
1501 1502
1501 1542
1501 1543
1501 1544
1502 1543
1502 1544
1502 1545
1503 1545
1503 1546
1503 1547
1504 1505
1504 1547
1504 1548
1504 1549
1505 1548
1505 1549
1505 1550
1506 1507
1506 1550
1506 1551
1507 1508
1507 1551
1507 1552
1508 1509
1508 1552
1508 1553
1509 1552
1509 1553
1509 1554
1510 1511
1510 1554
1510 1555
1511 1512
1511 1555
1511 1556
1512 1513
1512 1555
1512 1556
1512 1557
1513 1556
1513 1557
1514 1515
1514 1558
1515 1516
1515 1558
1516 1517
1517 1518
1518 1519
1518 1559
1519 1559
1519 1560
1520 1521
1520 1560
1520 1561
1521 1522
1521 1561
1521 1562
1522 1523
1522 1562
1523 1562
1523 1563
1524 1525
1524 1563
1524 1564
1525 1526
1525 1564
1526 1565
1527 1528
1527 1565
1528 1529
1528 1566
1529 1530
1529 1566
1530 1531
1530 1566
1530 1567
1531 1567
1531 1568
1532 1533
1532 1568
1532 1569
1532 1570
1533 1534
1533 1569
1533 1570
1534 1535
1534 1570
1534 1571
1535 1536
1535 1571
1535 1572
1536 1537
1536 1571
1536 1572
1536 1573
1537 1538
1537 1572
1537 1573
1537 1574
1538 1539
1538 1573
1538 1574
1539 1540
1539 1574
1539 1575
1540 1541
1540 1575
1540 1576
1541 1542
1541 1575
1541 1576
1541 1577
1542 1543
1542 1576
1542 1577
1542 1578
1543 1544
1543 1577
1543 1578
1544 1545
1544 1578
1544 1579
1545 1546
1545 1579
1545 1580
1546 1547
1546 1579
1546 1580
1546 1581
1547 1548
1547 1580
1547 1581
1547 1582
1548 1549
1548 1581
1548 1582
1548 1583
1549 1550
1549 1582
1549 1583
1549 1584
1550 1551
1550 1583
1550 1584
1550 1585
1551 1584
1551 1585
1551 1586
1552 1553
1552 1586
1552 1587
1552 1588
1553 1554
1553 1587
1553 1588
1553 1589
1554 1588
1554 1589
1554 1590
1555 1556
1555 1590
1555 1591
1556 1557
1556 1591
1556 1592
1557 1592
1558 1593
1558 1594
1559 1560
1559 1597
1559 1598
1559 1599
1560 1561
1560 1598
1560 1599
1561 1599
1561 1600
1562 1600
1562 1601
1562 1602
1563 1564
1563 1602
1563 1603
1563 1604
1564 1603
1564 1604
1564 1605
1565 1606
1565 1607
1566 1608
1566 1609
1567 1568
1567 1609
1567 1610
1568 1569
1568 1610
1568 1611
1569 1570
1569 1610
1569 1611
1569 1612
1570 1611
1570 1612
1570 1613
1571 1572
1571 1613
1571 1614
1571 1615
1572 1573
1572 1614
1572 1615
1572 1616
1573 1574
1573 1615
1573 1616
1573 1617
1574 1616
1574 1617
1574 1618
1575 1576
1575 1618
1575 1619
1575 1620
1576 1577
1576 1619
1576 1620
1576 1621
1577 1578
1577 1620
1577 1621
1577 1622
1578 1621
1578 1622
1578 1623
1579 1580
1579 1623
1579 1624
1579 1625
1580 1581
1580 1624
1580 1625
1580 1626
1581 1582
1581 1625
1581 1626
1581 1627
1582 1583
1582 1626
1582 1627
1582 1628
1583 1584
1583 1627
1583 1628
1583 1629
1584 1585
1584 1628
1584 1629
1584 1630
1585 1586
1585 1629
1585 1630
1585 1631
1586 1587
1586 1630
1586 1631
1586 1632
1587 1588
1587 1631
1587 1632
1587 1633
1588 1589
1588 1632
1588 1633
1589 1590
1589 1633
1590 1591
1590 1634
1591 1634
1592 1635
1593 1594
1593 1636
1593 1637
1594 1595
1594 1636
1594 1637
1594 1638
1595 1596
1595 1637
1595 1638
1595 1639
1596 1597
1596 1638
1596 1639
1596 1640
1597 1598
1597 1639
1597 1640
1597 1641
1598 1599
1598 1640
1598 1641
1598 1642
1599 1641
1599 1642
1599 1643
1600 1601
1600 1643
1600 1644
1601 1602
1601 1644
1601 1645
1602 1603
1602 1645
1602 1646
1603 1604
1603 1645
1603 1646
1603 1647
1604 1605
1604 1646
1604 1647
1604 1648
1605 1606
1605 1647
1605 1648
1605 1649
1606 1648
1606 1649
1607 1608
1607 1650
1607 1651
1608 1650
1608 1651
1608 1652
1609 1652
1609 1653
1609 1654
1610 1611
1610 1654
1610 1655
1610 1656
1611 1612
1611 1655
1611 1656
1611 1657
1612 1613
1612 1656
1612 1657
1612 1658
1613 1614
1613 1657
1613 1658
1613 1659
1614 1615
1614 1658
1614 1659
1614 1660
1615 1616
1615 1659
1615 1660
1615 1661
1616 1617
1616 1660
1616 1661
1616 1662
1617 1618
1617 1661
1617 1662
1618 1619
1618 1662
1618 1663
1619 1620
1619 1663
1619 1664
1620 1621
1620 1663
1620 1664
1621 1622
1621 1664
1621 1665
1622 1623
1622 1665
1622 1666
1623 1624
1623 1665
1623 1666
1623 1667
1624 1625
1624 1666
1624 1667
1624 1668
1625 1626
1625 1667
1625 1668
1625 1669
1626 1627
1626 1668
1626 1669
1626 1670
1627 1628
1627 1669
1627 1670
1627 1671
1628 1629
1628 1670
1628 1671
1628 1672
1629 1630
1629 1671
1629 1672
1629 1673
1630 1631
1630 1672
1630 1673
1630 1674
1631 1632
1631 1673
1631 1674
1631 1675
1632 1633
1632 1674
1632 1675
1632 1676
1633 1675
1633 1676
1634 1677
1634 1678
1635 1678
1635 1679
1636 1637
1636 1680
1636 1681
1637 1638
1637 1680
1637 1681
1638 1639
1638 1681
1638 1682
1639 1640
1639 1682
1639 1683
1640 1641
1640 1682
1640 1683
1641 1642
1641 1683
1641 1684
1642 1643
1642 1684
1642 1685
1643 1644
1643 1684
1643 1685
1643 1686
1644 1685
1644 1686
1644 1687
1645 1646
1645 1687
1645 1688
1646 1647
1646 1688
1646 1689
1647 1648
1647 1689
1648 1649
1648 1689
1648 1690
1649 1690
1649 1691
1650 1651
1650 1691
1650 1692
1651 1652
1651 1692
1651 1693
1652 1653
1652 1693
1652 1694
1653 1654
1653 1693
1653 1694
1653 1695
1654 1655
1654 1694
1654 1695
1654 1696
1655 1656
1655 1695
1655 1696
1655 1697
1656 1657
1656 1696
1656 1697
1656 1698
1657 1658
1657 1697
1657 1698
1657 1699
1658 1659
1658 1698
1658 1699
1658 1700
1659 1660
1659 1699
1659 1700
1660 1661
1660 1700
1660 1701
1661 1662
1661 1701
1661 1702
1662 1701
1662 1702
1662 1703
1663 1664
1663 1703
1663 1704
1664 1704
1664 1705
1665 1666
1665 1705
1665 1706
1665 1707
1666 1667
1666 1706
1666 1707
1667 1668
1667 1707
1667 1708
1668 1669
1668 1708
1668 1709
1669 1670
1669 1708
1669 1709
1669 1710
1670 1671
1670 1709
1670 1710
1670 1711
1671 1672
1671 1710
1671 1711
1672 1673
1672 1711
1672 1712
1673 1674
1673 1712
1673 1713
1674 1675
1674 1712
1674 1713
1674 1714
1675 1676
1675 1713
1675 1714
1675 1715
1676 1714
1676 1715
1677 1678
1677 1716
1677 1717
1678 1679
1678 1717
1680 1681
1680 1718
1680 1719
1681 1718
1681 1719
1682 1683
1682 1720
1682 1721
1683 1720
1683 1721
1683 1722
1684 1685
1684 1722
1684 1723
1685 1686
1685 1723
1686 1687
1686 1723
1686 1724
1687 1688
1687 1724
1687 1725
1688 1724
1688 1725
1689 1726
1689 1727
1690 1691
1690 1727
1690 1728
1691 1692
1691 1728
1691 1729
1692 1728
1692 1729
1692 1730
1693 1694
1693 1730
1693 1731
1693 1732
1694 1695
1694 1731
1694 1732
1694 1733
1695 1696
1695 1732
1695 1733
1695 1734
1696 1697
1696 1733
1696 1734
1696 1735
1697 1698
1697 1734
1697 1735
1697 1736
1698 1699
1698 1735
1698 1736
1698 1737
1699 1700
1699 1736
1699 1737
1700 1737
1700 1738
1701 1702
1701 1738
1701 1739
1701 1740
1702 1703
1702 1739
1702 1740
1702 1741
1703 1704
1703 1740
1703 1741
1703 1742
1704 1741
1704 1742
1704 1743
1705 1706
1705 1743
1705 1744
1706 1707
1706 1744
1706 1745
1707 1745
1708 1709
1708 1746
1708 1747
1709 1710
1709 1746
1709 1747
1709 1748
1710 1711
1710 1747
1710 1748
1710 1749
1711 1748
1711 1749
1711 1750
1712 1713
1712 1750
1712 1751
1712 1752
1713 1714
1713 1751
1713 1752
1713 1753
1714 1715
1714 1752
1714 1753
1714 1754
1715 1753
1715 1754
1715 1755
1716 1717
1716 1755
1716 1756
1716 1757
1717 1756
1717 1757
1717 1758
1718 1719
1718 1760
1718 1761
1719 1760
1719 1761
1719 1762
1720 1721
1720 1762
1720 1763
1721 1722
1721 1763
1721 1764
1722 1764
1722 1765
1723 1765
1723 1766
1723 1767
1724 1725
1724 1767
1724 1768
1725 1768
1725 1769
1726 1727
1726 1769
1726 1770
1726 1771
1727 1770
1727 1771
1727 1772
1728 1729
1728 1772
1728 1773
1728 1774
1729 1730
1729 1773
1729 1774
1729 1775
1730 1731
1730 1774
1730 1775
1730 1776
1731 1732
1731 1775
1731 1776
1731 1777
1732 1733
1732 1776
1732 1777
1732 1778
1733 1734
1733 1777
1733 1778
1734 1735
1734 1778
1734 1779
1735 1736
1735 1779
1735 1780
1736 1737
1736 1779
1736 1780
1736 1781
1737 1780
1737 1781
1737 1782
1738 1739
1738 1782
1738 1783
1739 1740
1739 1783
1739 1784
1740 1741
1740 1783
1740 1784
1740 1785
1741 1742
1741 1784
1741 1785
1742 1743
1742 1785
1742 1786
1743 1744
1743 1786
1743 1787
1744 1786
1744 1787
1744 1788
1745 1788
1745 1789
1745 1790
1746 1747
1746 1790
1746 1791
1746 1792
1747 1748
1747 1791
1747 1792
1747 1793
1748 1749
1748 1792
1748 1793
1748 1794
1749 1750
1749 1793
1749 1794
1749 1795
1750 1751
1750 1794
1750 1795
1751 1752
1751 1795
1751 1796
1752 1753
1752 1796
1752 1797
1753 1754
1753 1796
1753 1797
1754 1755
1754 1797
1754 1798
1755 1756
1755 1798
1756 1757
1756 1798
1756 1799
1757 1758
1757 1799
1757 1800
1758 1759
1758 1799
1758 1800
1758 1801
1759 1800
1759 1801
1760 1761
1760 1802
1760 1803
1761 1762
1761 1802
1761 1803
1761 1804
1762 1763
1762 1803
1762 1804
1762 1805
1763 1804
1763 1805
1763 1806
1764 1765
1764 1806
1764 1807
1764 1808
1765 1766
1765 1807
1765 1808
1765 1809
1766 1767
1766 1808
1766 1809
1766 1810
1767 1809
1767 1810
1767 1811
1768 1769
1768 1811
1768 1812
1768 1813
1769 1770
1769 1812
1769 1813
1769 1814
1770 1771
1770 1813
1770 1814
1770 1815
1771 1772
1771 1814
1771 1815
1771 1816
1772 1773
1772 1815
1772 1816
1772 1817
1773 1774
1773 1816
1773 1817
1774 1775
1774 1817
1774 1818
1775 1776
1775 1818
1775 1819
1776 1777
1776 1818
1776 1819
1776 1820
1777 1778
1777 1819
1777 1820
1778 1820
1778 1821
1779 1780
1779 1821
1779 1822
1779 1823
1780 1781
1780 1822
1780 1823
1781 1782
1781 1823
1781 1824
1782 1824
1782 1825
1783 1784
1783 1825
1783 1826
1783 1827
1784 1785
1784 1826
1784 1827
1785 1827
1786 1787
1786 1828
1787 1788
1787 1828
1787 1829
1788 1789
1788 1828
1788 1829
1788 1830
1789 1790
1789 1829
1789 1830
1790 1791
1790 1830
1790 1831
1791 1792
1791 1831
1792 1793
1792 1831
1792 1832
1793 1794
1793 1832
1793 1833
1794 1795
1794 1832
1794 1833
1794 1834
1795 1833
1795 1834
1796 1797
1796 1835
1796 1836
1797 1835
1797 1836
1798 1837
1799 1800
1799 1838
1799 1839
1800 1801
1800 1838
1800 1839
1800 1840
1801 1839
1801 1840
1802 1803
1802 1841
1802 1842
1803 1804
1803 1841
1803 1842
1803 1843
1804 1805
1804 1842
1804 1843
1804 1844
1805 1806
1805 1843
1805 1844
1805 1845
1806 1807
1806 1844
1806 1845
1806 1846
1807 1808
1807 1845
1807 1846
1808 1809
1808 1846
1808 1847
1809 1810
1809 1847
1809 1848
1810 1811
1810 1847
1810 1848
1810 1849
1811 1812
1811 1848
1811 1849
1812 1813
1812 1849
1813 1814
1813 1850
1814 1815
1814 1850
1814 1851
1815 1816
1815 1850
1815 1851
1815 1852
1816 1817
1816 1851
1816 1852
1816 1853
1817 1852
1817 1853
1817 1854
1818 1819
1818 1854
1818 1855
1819 1820
1819 1855
1820 1855
1820 1856
1821 1822
1821 1856
1821 1857
1821 1858
1822 1823
1822 1857
1822 1858
1822 1859
1823 1858
1823 1859
1823 1860
1824 1825
1824 1860
1824 1861
1824 1862
1825 1826
1825 1861
1825 1862
1825 1863
1826 1827
1826 1862
1826 1863
1826 1864
1827 1863
1827 1864
1827 1865
1828 1829
1828 1867
1828 1868
1828 1869
1829 1830
1829 1868
1829 1869
1829 1870
1830 1869
1830 1870
1831 1871
1831 1872
1832 1833
1832 1872
1832 1873
1832 1874
1833 1834
1833 1873
1833 1874
1834 1874
1834 1875
1835 1836
1835 1875
1835 1876
1836 1876
1836 1877
1837 1877
1837 1878
1838 1839
1838 1878
1838 1879
1838 1880
1839 1840
1839 1879
1839 1880
1839 1881
1840 1880
1840 1881
1841 1842
1841 1882
1842 1843
1842 1882
1843 1844
1843 1882
1843 1883
1844 1845
1844 1883
1844 1884
1845 1846
1845 1883
1845 1884
1845 1885
1846 1884
1846 1885
1847 1848
1847 1886
1847 1887
1848 1849
1848 1886
1848 1887
1848 1888
1849 1887
1849 1888
1849 1889
1850 1851
1850 1890
1850 1891
1850 1892
1851 1852
1851 1891
1851 1892
1851 1893
1852 1853
1852 1892
1852 1893
1852 1894
1853 1854
1853 1893
1853 1894
1854 1894
1854 1895
1855 1895
1855 1896
1855 1897
1856 1857
1856 1897
1856 1898
1856 1899
1857 1858
1857 1898
1857 1899
1858 1859
1858 1899
1858 1900
1859 1860
1859 1900
1859 1901
1860 1861
1860 1900
1860 1901
1860 1902
1861 1862
1861 1901
1861 1902
1861 1903
1862 1863
1862 1902
1862 1903
1863 1864
1863 1903
1863 1904
1864 1865
1864 1904
1865 1866
1865 1904
1865 1905
1866 1867
1866 1905
1866 1906
1867 1868
1867 1905
1867 1906
1867 1907
1868 1869
1868 1906
1868 1907
1868 1908
1869 1870
1869 1907
1869 1908
1869 1909
1870 1908
1870 1909
1871 1872
1871 1910
1871 1911
1872 1873
1872 1910
1872 1911
1872 1912
1873 1874
1873 1911
1873 1912
1873 1913
1874 1912
1874 1913
1874 1914
1875 1876
1875 1914
1875 1915
1876 1915
1876 1916
1877 1916
1877 1917
1878 1879
1878 1917
1878 1918
1878 1919
1879 1880
1879 1918
1879 1919
1879 1920
1880 1881
1880 1919
1880 1920
1880 1921
1881 1920
1881 1921
1882 1922
1882 1923
1883 1884
1883 1924
1883 1925
1884 1885
1884 1924
1884 1925
1884 1926
1885 1925
1885 1926
1886 1887
1886 1927
1886 1928
1887 1888
1887 1927
1887 1928
1888 1889
1888 1928
1888 1929
1889 1890
1889 1929
1889 1930
1890 1891
1890 1929
1890 1930
1890 1931
1891 1892
1891 1930
1891 1931
1891 1932
1892 1893
1892 1931
1892 1932
1892 1933
1893 1894
1893 1932
1893 1933
1893 1934
1894 1933
1894 1934
1894 1935
1895 1896
1895 1935
1895 1936
1896 1897
1896 1936
1896 1937
1897 1898
1897 1936
1897 1937
1897 1938
1898 1899
1898 1937
1898 1938
1899 1938
1899 1939
1900 1901
1900 1939
1900 1940
1900 1941
1901 1902
1901 1940
1901 1941
1901 1942
1902 1903
1902 1941
1902 1942
1902 1943
1903 1942
1903 1943
1903 1944
1904 1944
1904 1945
1904 1946
1905 1906
1905 1946
1905 1947
1905 1948
1906 1907
1906 1947
1906 1948
1906 1949
1907 1908
1907 1948
1907 1949
1907 1950
1908 1909
1908 1949
1908 1950
1909 1950
1909 1951
1910 1911
1910 1951
1910 1952
1910 1953
1911 1912
1911 1952
1911 1953
1911 1954
1912 1913
1912 1953
1912 1954
1912 1955
1913 1914
1913 1954
1913 1955
1913 1956
1914 1955
1914 1956
1914 1957
1915 1916
1915 1957
1915 1958
1916 1958
1916 1959
1917 1918
1917 1959
1917 1960
1917 1961
1918 1919
1918 1960
1918 1961
1918 1962
1919 1920
1919 1961
1919 1962
1919 1963
1920 1921
1920 1962
1920 1963
1920 1964
1921 1963
1921 1964
1922 1923
1922 1965
1923 1965
1923 1966
1924 1925
1924 1966
1925 1926
1926 1967
1927 1928
1927 1967
1927 1968
1927 1969
1928 1968
1928 1969
1928 1970
1929 1930
1929 1970
1929 1971
1930 1931
1930 1971
1930 1972
1931 1932
1931 1971
1931 1972
1931 1973
1932 1933
1932 1972
1932 1973
1932 1974
1933 1934
1933 1973
1933 1974
1933 1975
1934 1935
1934 1974
1934 1975
1935 1975
1936 1937
1936 1976
1936 1977
1937 1938
1937 1976
1937 1977
1937 1978
1938 1977
1938 1978
1938 1979
1939 1940
1939 1979
1939 1980
1940 1941
1940 1980
1941 1942
1941 1980
1941 1981
1942 1943
1942 1981
1942 1982
1943 1944
1943 1981
1943 1982
1943 1983
1944 1945
1944 1982
1944 1983
1945 1946
1945 1983
1945 1984
1946 1947
1946 1984
1947 1948
1947 1984
1947 1985
1948 1949
1948 1985
1948 1986
1949 1950
1949 1985
1949 1986
1949 1987
1950 1986
1950 1987
1951 1952
1951 1988
1951 1989
1952 1953
1952 1988
1952 1989
1952 1990
1953 1954
1953 1989
1953 1990
1953 1991
1954 1955
1954 1990
1954 1991
1954 1992
1955 1956
1955 1991
1955 1992
1955 1993
1956 1957
1956 1992
1956 1993
1957 1993
1957 1994
1958 1959
1958 1994
1958 1995
1959 1960
1959 1995
1959 1996
1960 1961
1960 1995
1960 1996
1960 1997
1961 1962
1961 1996
1961 1997
1962 1963
1962 1997
1962 1998
1963 1964
1963 1998
1963 1999
1964 1998
1964 1999
1967 1968
1968 1969
1969 1970
1971 1972
1972 1973
1973 1974
1974 1975
1976 1977
1977 1978
1978 1979
1981 1982
1982 1983
1985 1986
1986 1987
1988 1989
1989 1990
1990 1991
1991 1992
1992 1993
1995 1996
1996 1997
1998 1999
