# FromNodeId	ToNodeId
0 1
0 31
0 32
1 2
1 31
1 32
1 33
2 3
2 32
2 33
2 34
3 4
3 33
3 34
3 35
4 5
4 34
4 35
4 36
5 6
5 35
5 36
5 37
6 7
6 36
6 37
6 38
7 8
7 37
7 38
7 39
8 9
8 38
8 39
8 40
9 10
9 39
9 40
10 11
10 40
10 41
11 41
11 42
12 42
12 43
12 44
13 14
13 44
13 45
13 46
14 15
14 45
14 46
14 47
15 16
15 46
15 47
15 48
16 17
16 47
16 48
16 49
17 18
17 48
17 49
17 50
18 19
18 49
18 50
18 51
19 20
19 50
19 51
19 52
20 21
20 51
20 52
20 53
21 22
21 52
21 53
21 54
22 23
22 53
22 54
22 55
23 24
23 54
23 55
23 56
24 55
24 56
24 57
25 26
25 57
25 58
25 59
26 58
26 59
26 60
27 61
27 62
27 63
28 29
28 65
28 66
29 30
29 66
31 32
31 67
31 68
32 33
32 67
32 68
32 69
33 34
33 68
33 69
33 70
34 35
34 69
34 70
34 71
35 36
35 70
35 71
36 37
36 71
36 72
37 38
37 72
37 73
38 39
38 72
38 73
38 74
39 40
39 73
39 74
40 74
41 42
41 75
41 76
42 43
42 75
42 76
43 44
43 76
43 77
44 45
44 77
45 46
45 77
45 78
46 47
46 78
46 79
47 48
47 78
47 79
47 80
48 49
48 79
48 80
49 50
49 80
49 81
50 51
50 81
51 52
51 81
51 82
52 53
52 82
52 83
53 54
53 82
53 83
54 55
54 83
54 84
55 56
55 84
55 85
56 57
56 84
56 85
56 86
57 58
57 85
57 86
57 87
58 59
58 86
58 87
58 88
59 60
59 87
59 88
59 89
60 61
60 88
60 89
60 90
61 62
61 89
61 90
61 91
62 63
62 90
62 91
62 92
63 64
63 91
63 92
63 93
64 65
64 92
64 93
64 94
65 66
65 93
65 94
66 94
67 68
67 97
67 98
68 69
68 97
68 98
68 99
69 70
69 98
69 99
70 71
70 99
71 100
72 73
72 100
72 101
72 102
73 74
73 101
73 102
73 103
74 102
74 103
74 104
75 76
75 105
75 106
76 106
77 107
77 108
78 79
78 108
78 109
78 110
79 80
79 109
79 110
80 110
80 111
81 111
81 112
82 83
82 113
82 114
83 113
83 114
83 115
84 85
84 115
84 116
85 86
85 116
85 117
86 87
86 116
86 117
86 118
87 88
87 117
87 118
88 89
88 118
89 90
89 119
90 91
90 119
91 92
91 119
91 120
92 93
92 120
92 121
93 94
93 120
93 121
93 122
94 121
94 122
94 123
95 96
95 124
95 125
95 126
96 125
96 126
97 98
97 127
97 128
98 99
98 127
98 128
98 129
99 128
99 129
99 130
100 101
100 131
100 132
101 102
101 132
101 133
102 103
102 133
103 104
103 133
103 134
104 105
104 134
104 135
105 106
105 134
105 135
106 135
106 136
107 108
107 137
107 138
107 139
108 109
108 138
108 139
108 140
109 110
109 139
109 140
109 141
110 140
110 141
111 112
111 142
111 143
112 142
112 143
112 144
113 114
113 144
113 145
113 146
114 115
114 145
114 146
115 146
116 117
116 147
116 148
117 118
117 147
117 148
117 149
118 148
118 149
118 150
119 151
119 152
119 153
120 121
120 153
120 154
120 155
121 122
121 154
121 155
122 123
122 155
122 156
123 124
123 156
124 125
124 156
125 126
125 157
126 157
127 128
127 158
127 159
128 129
128 158
128 159
128 160
129 130
129 159
129 160
130 131
130 160
130 161
131 132
131 161
132 161
132 162
133 162
133 163
134 135
134 163
134 164
134 165
135 164
135 165
135 166
136 137
136 166
136 167
136 168
137 138
137 167
137 168
137 169
138 139
138 168
138 169
138 170
139 140
139 169
139 170
139 171
140 141
140 170
140 171
140 172
141 171
141 172
141 173
142 143
142 173
142 174
142 175
143 144
143 174
143 175
143 176
144 145
144 175
144 176
144 177
145 146
145 176
145 177
145 178
146 177
146 178
146 179
147 148
147 180
147 181
147 182
148 149
148 181
148 182
148 183
149 150
149 182
149 183
149 184
150 151
150 183
150 184
150 185
151 152
151 184
151 185
151 186
152 153
152 185
152 186
152 187
153 154
153 186
153 187
153 188
154 155
154 187
154 188
154 189
155 188
155 189
155 190
156 190
156 191
156 192
157 193
157 194
158 159
158 195
159 160
159 195
160 195
161 196
161 197
162 197
162 198
163 164
163 199
164 165
164 199
164 200
165 166
165 199
165 200
166 167
166 200
167 168
167 201
168 169
168 201
168 202
169 170
169 201
169 202
169 203
170 171
170 202
170 203
171 172
171 203
171 204
172 173
172 204
173 174
173 204
173 205
174 175
174 205
174 206
175 176
175 205
175 206
175 207
176 177
176 206
176 207
176 208
177 178
177 207
177 208
177 209
178 179
178 208
178 209
178 210
179 180
179 209
179 210
179 211
180 181
180 210
180 211
180 212
181 182
181 211
181 212
182 183
182 212
183 184
183 213
184 185
184 213
184 214
185 186
185 213
185 214
185 215
186 187
186 214
186 215
186 216
187 188
187 215
187 216
188 189
188 216
188 217
189 190
189 217
189 218
190 191
190 217
190 218
190 219
191 192
191 218
191 219
191 220
192 193
192 219
192 220
193 194
193 220
193 221
194 221
195 222
195 223
196 197
196 224
196 225
197 198
197 224
197 225
197 226
198 225
198 226
198 227
199 200
199 228
199 229
200 229
200 230
201 202
201 231
201 232
201 233
202 203
202 232
202 233
202 234
203 233
203 234
204 235
205 206
205 236
206 207
206 236
206 237
207 208
207 237
207 238
208 209
208 237
208 238
208 239
209 210
209 238
209 239
209 240
210 211
210 239
210 240
210 241
211 212
211 240
211 241
211 242
212 241
212 242
212 243
213 214
213 244
214 215
214 244
214 245
215 216
215 245
215 246
216 245
216 246
217 218
217 247
218 219
218 247
218 248
219 220
219 248
220 248
221 249
222 223
222 250
222 251
222 252
223 251
223 252
223 253
224 225
224 253
224 254
224 255
225 226
225 254
225 255
225 256
226 227
226 255
226 256
226 257
227 228
227 256
227 257
227 258
228 229
228 257
228 258
228 259
229 258
229 259
229 260
230 231
230 260
230 261
230 262
231 232
231 261
231 262
231 263
232 233
232 262
232 263
232 264
233 234
233 263
233 264
233 265
234 264
234 265
234 266
235 266
235 267
235 268
236 268
236 269
237 238
237 269
237 270
237 271
238 239
238 270
238 271
238 272
239 240
239 271
239 272
239 273
240 241
240 272
240 273
240 274
241 242
241 273
241 274
241 275
242 243
242 274
242 275
242 276
243 275
243 276
244 277
244 278
245 246
245 278
245 279
246 279
246 280
247 280
247 281
247 282
248 282
248 283
249 284
250 251
250 285
251 252
251 285
252 253
252 286
253 254
253 286
253 287
254 255
254 286
254 287
254 288
255 256
255 287
255 288
256 257
256 288
257 258
257 289
258 259
258 289
258 290
259 260
259 289
259 290
259 291
260 261
260 290
260 291
260 292
261 262
261 291
261 292
261 293
262 263
262 292
262 293
262 294
263 264
263 293
263 294
264 265
264 294
264 295
265 266
265 295
265 296
266 267
266 295
266 296
266 297
267 268
267 296
267 297
267 298
268 297
268 298
268 299
269 270
269 299
269 300
269 301
270 271
270 300
270 301
271 272
271 301
272 273
272 302
273 274
273 302
274 275
274 302
274 303
275 276
275 303
275 304
276 303
276 304
277 278
277 305
277 306
278 279
278 305
278 306
279 306
279 307
280 281
280 307
280 308
280 309
281 282
281 308
281 309
281 310
282 283
282 309
282 310
282 311
283 310
283 311
283 312
284 313
284 314
285 315
286 287
286 316
286 317
286 318
287 288
287 317
287 318
287 319
288 318
288 319
288 320
289 290
289 321
289 322
289 323
290 291
290 322
290 323
290 324
291 292
291 323
291 324
291 325
292 293
292 324
292 325
292 326
293 294
293 325
293 326
293 327
294 326
294 327
294 328
295 296
295 328
296 297
296 329
297 298
297 329
297 330
298 299
298 329
298 330
298 331
299 300
299 330
299 331
299 332
300 301
300 331
300 332
300 333
301 332
301 333
301 334
302 335
302 336
302 337
303 304
303 337
303 338
303 339
304 338
304 339
304 340
305 306
305 340
305 341
306 341
306 342
307 308
307 342
307 343
308 309
308 343
309 310
309 343
309 344
310 311
310 344
310 345
311 312
311 344
311 345
311 346
312 313
312 345
312 346
312 347
313 314
313 346
313 347
313 348
314 347
314 348
315 316
315 349
315 350
315 351
316 317
316 350
316 351
316 352
317 318
317 351
317 352
317 353
318 319
318 352
318 353
319 320
319 353
319 354
320 321
320 354
320 355
321 322
321 354
321 355
321 356
322 323
322 355
322 356
322 357
323 324
323 356
323 357
323 358
324 325
324 357
324 358
324 359
325 326
325 358
325 359
325 360
326 327
326 359
326 360
326 361
327 328
327 360
327 361
328 361
328 362
329 330
329 363
329 364
329 365
330 331
330 364
330 365
330 366
331 332
331 365
331 366
331 367
332 333
332 366
332 367
332 368
333 334
333 367
333 368
333 369
334 335
334 368
334 369
335 336
335 369
335 370
336 337
336 370
336 371
337 338
337 370
337 371
338 339
338 371
338 372
339 340
339 372
340 372
341 342
341 373
341 374
342 373
342 374
342 375
343 375
343 376
343 377
344 345
344 377
344 378
344 379
345 346
345 378
345 379
345 380
346 347
346 379
346 380
347 348
347 380
349 350
349 381
350 351
350 381
351 352
351 381
351 382
352 353
352 382
352 383
353 382
353 383
353 384
354 355
354 384
354 385
354 386
355 356
355 385
355 386
355 387
356 357
356 386
356 387
356 388
357 358
357 387
357 388
358 359
358 388
358 389
359 360
359 389
359 390
360 361
360 389
360 390
360 391
361 390
361 391
361 392
362 363
362 392
362 393
362 394
363 364
363 393
363 394
363 395
364 365
364 394
364 395
364 396
365 366
365 395
365 396
365 397
366 367
366 396
366 397
366 398
367 368
367 397
367 398
368 369
368 398
369 399
370 371
370 399
370 400
371 400
372 401
372 402
373 374
373 403
373 404
374 375
374 403
374 404
374 405
375 376
375 404
375 405
375 406
376 377
376 405
376 406
376 407
377 378
377 406
377 407
378 379
378 407
378 408
379 380
379 408
379 409
380 408
380 409
381 411
381 412
381 413
382 383
382 413
382 414
383 384
383 414
383 415
384 385
384 414
384 415
384 416
385 386
385 415
385 416
385 417
386 387
386 416
386 417
387 388
387 417
387 418
388 418
388 419
389 390
389 419
389 420
390 391
390 420
390 421
391 392
391 420
391 421
391 422
392 393
392 421
392 422
392 423
393 394
393 422
393 423
394 395
394 423
394 424
395 396
395 424
395 425
396 397
396 424
396 425
396 426
397 398
397 425
397 426
397 427
398 426
398 427
398 428
399 400
399 429
399 430
399 431
400 430
400 431
400 432
401 402
401 433
401 434
402 434
402 435
403 404
403 435
403 436
404 405
404 436
404 437
405 406
405 437
405 438
406 407
406 437
406 438
406 439
407 438
407 439
407 440
408 409
408 440
408 441
408 442
409 441
409 442
409 443
410 443
410 444
411 412
412 413
412 445
413 445
413 446
414 415
414 446
414 447
414 448
415 416
415 447
415 448
415 449
416 417
416 448
416 449
416 450
417 449
417 450
418 419
418 451
418 452
419 451
419 452
419 453
420 421
420 453
420 454
420 455
421 422
421 454
421 455
422 423
422 455
422 456
423 456
424 425
424 457
424 458
425 426
425 457
425 458
425 459
426 427
426 458
426 459
427 428
427 459
427 460
428 429
428 460
428 461
429 430
429 460
429 461
429 462
430 431
430 461
430 462
430 463
431 432
431 462
431 463
431 464
432 433
432 463
432 464
432 465
433 464
433 465
433 466
434 435
434 466
434 467
434 468
435 436
435 467
435 468
436 468
436 469
437 438
437 469
437 470
437 471
438 439
438 470
438 471
438 472
439 440
439 471
439 472
439 473
440 441
440 472
440 473
441 442
441 473
441 474
442 443
442 474
443 444
443 474
443 475
444 475
445 446
445 477
445 478
446 447
446 478
446 479
447 448
447 479
448 449
448 479
449 450
449 480
450 480
450 481
451 452
451 481
451 482
451 483
452 453
452 482
452 483
453 454
453 483
453 484
454 455
454 484
454 485
455 484
455 485
455 486
456 486
456 487
457 458
457 488
457 489
458 459
458 488
458 489
458 490
459 489
459 490
459 491
460 461
460 491
460 492
461 462
461 492
461 493
462 463
462 492
462 493
462 494
463 464
463 493
463 494
463 495
464 465
464 494
464 495
464 496
465 466
465 495
465 496
465 497
466 467
466 496
466 497
466 498
467 468
467 497
467 498
468 498
468 499
469 470
469 499
469 500
469 501
470 471
470 500
470 501
470 502
471 472
471 501
471 502
472 473
472 502
472 503
473 503
473 504
474 504
474 505
474 506
475 506
475 507
476 477
476 508
476 509
477 478
477 508
477 509
477 510
478 509
478 510
478 511
479 511
479 512
480 481
480 513
480 514
480 515
481 482
481 514
481 515
481 516
482 483
482 515
482 516
482 517
483 516
483 517
483 518
484 485
484 518
484 519
484 520
485 486
485 519
485 520
485 521
486 487
486 520
486 521
486 522
487 521
487 522
487 523
488 489
488 523
488 524
488 525
489 490
489 524
489 525
489 526
490 491
490 525
490 526
490 527
491 526
491 527
492 493
492 528
492 529
493 494
493 528
493 529
494 495
494 529
494 530
495 496
495 530
495 531
496 497
496 530
496 531
496 532
497 498
497 531
497 532
497 533
498 532
498 533
498 534
499 500
499 534
499 535
500 501
500 535
500 536
501 502
501 536
501 537
502 536
502 537
502 538
503 504
503 538
503 539
504 505
504 539
505 506
505 539
506 507
506 540
507 540
508 509
508 541
509 510
509 541
509 542
510 511
510 541
510 542
510 543
511 512
511 542
511 543
511 544
512 543
512 544
512 545
513 514
513 545
513 546
513 547
514 515
514 546
514 547
514 548
515 516
515 547
515 548
515 549
516 517
516 548
516 549
516 550
517 518
517 549
517 550
517 551
518 519
518 550
518 551
518 552
519 520
519 551
519 552
519 553
520 521
520 552
520 553
520 554
521 522
521 553
521 554
521 555
522 523
522 554
522 555
522 556
523 524
523 555
523 556
524 525
524 556
524 557
525 526
525 557
525 558
526 527
526 557
526 558
526 559
527 558
527 559
527 560
528 529
528 560
529 561
530 531
530 561
530 562
530 563
531 532
531 562
531 563
531 564
532 533
532 563
532 564
533 534
533 564
533 565
534 535
534 565
534 566
535 565
535 566
535 567
536 537
536 567
536 568
536 569
537 538
537 568
537 569
537 570
538 569
538 570
538 571
539 571
539 572
539 573
540 574
541 542
541 575
541 576
541 577
542 543
542 576
542 577
542 578
543 544
543 577
543 578
543 579
544 545
544 578
544 579
544 580
545 546
545 579
545 580
545 581
546 547
546 580
546 581
546 582
547 548
547 581
547 582
547 583
548 549
548 582
548 583
549 550
549 583
549 584
550 551
550 584
551 552
551 584
551 585
552 553
552 585
552 586
553 554
553 585
553 586
553 587
554 555
554 586
554 587
554 588
555 556
555 587
555 588
555 589
556 588
556 589
556 590
557 558
557 590
557 591
557 592
558 559
558 591
558 592
558 593
559 560
559 592
559 593
559 594
560 593
560 594
560 595
561 562
561 596
561 597
562 563
562 597
562 598
563 564
563 598
563 599
564 598
564 599
565 566
565 600
565 601
566 567
566 600
566 601
566 602
567 568
567 601
567 602
567 603
568 569
568 602
568 603
568 604
569 570
569 603
569 604
569 605
570 571
570 604
570 605
571 572
571 605
571 606
572 573
572 606
572 607
573 606
573 607
573 608
574 608
574 609
575 576
576 577
576 610
577 578
577 610
577 611
578 579
578 610
578 611
579 580
579 611
580 581
580 612
581 582
581 612
581 613
582 583
582 612
582 613
582 614
583 613
583 614
584 615
585 586
585 615
585 616
586 587
586 616
587 588
587 616
587 617
588 589
588 617
588 618
589 590
589 617
589 618
589 619
590 591
590 618
590 619
590 620
591 592
591 619
591 620
591 621
592 593
592 620
592 621
592 622
593 594
593 621
593 622
593 623
594 595
594 622
594 623
594 624
595 596
595 623
595 624
595 625
596 597
596 624
596 625
596 626
597 625
597 626
597 627
598 599
598 627
598 628
599 628
599 629
600 601
600 629
600 630
600 631
601 602
601 630
601 631
601 632
602 603
602 631
602 632
602 633
603 604
603 632
603 633
603 634
604 605
604 633
604 634
604 635
605 634
605 635
606 607
606 636
607 608
607 636
607 637
608 609
608 636
608 637
608 638
609 637
609 638
610 611
610 640
610 641
610 642
611 641
611 642
611 643
612 613
612 644
612 645
613 614
613 645
613 646
614 645
614 646
615 647
615 648
615 649
616 649
616 650
616 651
617 618
617 651
617 652
617 653
618 619
618 652
618 653
618 654
619 620
619 653
619 654
619 655
620 621
620 654
620 655
620 656
621 622
621 655
621 656
622 623
622 656
622 657
623 624
623 657
623 658
624 625
624 657
624 658
624 659
625 626
625 658
625 659
626 627
626 659
626 660
627 628
627 660
628 660
628 661
629 630
629 661
629 662
629 663
630 631
630 662
630 663
630 664
631 632
631 663
631 664
631 665
632 633
632 664
632 665
633 634
633 665
633 666
634 635
634 666
634 667
635 666
635 667
636 637
636 668
637 638
637 669
638 669
639 640
639 670
639 671
640 641
640 670
640 671
641 642
641 671
641 672
642 643
642 672
643 644
643 672
643 673
644 673
645 646
645 674
646 674
646 675
647 648
647 675
647 676
647 677
648 649
648 676
648 677
648 678
649 650
649 677
649 678
649 679
650 651
650 678
650 679
650 680
651 652
651 679
651 680
651 681
652 653
652 680
652 681
653 654
653 681
653 682
654 655
654 682
654 683
655 656
655 682
655 683
655 684
656 683
656 684
656 685
657 658
657 685
657 686
657 687
658 659
658 686
658 687
658 688
659 687
659 688
659 689
660 689
660 690
660 691
661 662
661 691
661 692
662 663
662 692
662 693
663 664
663 692
663 693
663 694
664 665
664 693
664 694
664 695
665 694
665 695
665 696
666 667
666 696
666 697
666 698
667 697
667 698
669 699
669 700
670 671
670 701
671 701
671 702
672 702
672 703
672 704
673 704
673 705
674 675
674 706
674 707
674 708
675 676
675 707
675 708
676 677
676 708
676 709
677 678
677 709
677 710
678 679
678 709
678 710
679 680
679 710
679 711
680 681
680 711
680 712
681 711
681 712
681 713
682 683
682 713
682 714
683 684
683 714
683 715
684 685
684 715
685 686
685 715
685 716
686 687
686 716
686 717
687 688
687 716
687 717
688 689
688 717
688 718
689 690
689 718
689 719
690 691
690 718
690 719
691 719
691 720
692 693
692 720
692 721
693 694
693 721
693 722
694 695
694 721
694 722
694 723
695 696
695 722
695 723
695 724
696 697
696 723
696 724
696 725
697 698
697 724
697 725
697 726
698 725
698 726
698 727
699 700
699 729
699 730
700 729
700 730
701 731
702 703
702 731
702 732
703 704
703 732
703 733
704 705
704 732
704 733
705 733
705 734
706 707
706 734
706 735
706 736
707 708
707 735
707 736
707 737
708 736
708 737
708 738
709 710
709 738
709 739
710 739
710 740
711 712
711 740
711 741
712 713
712 741
712 742
713 714
713 741
713 742
713 743
714 742
714 743
714 744
715 744
715 745
715 746
716 717
716 746
716 747
716 748
717 747
717 748
717 749
718 719
718 749
718 750
718 751
719 750
719 751
720 752
720 753
721 722
721 753
721 754
722 723
722 754
722 755
723 724
723 754
723 755
723 756
724 725
724 755
724 756
724 757
725 726
725 756
725 757
726 727
726 757
726 758
727 728
727 758
727 759
728 758
728 759
728 760
729 730
729 760
729 761
729 762
730 761
730 762
731 763
731 764
732 733
732 765
732 766
733 765
733 766
734 735
734 767
734 768
735 736
735 767
735 768
736 737
736 768
736 769
737 738
737 769
737 770
738 739
738 769
738 770
738 771
739 770
739 771
739 772
740 772
740 773
740 774
741 742
741 774
741 775
742 743
742 775
742 776
743 744
743 775
743 776
743 777
744 745
744 776
744 777
745 746
745 777
745 778
746 747
746 778
746 779
747 748
747 778
747 779
747 780
748 749
748 779
748 780
748 781
749 750
749 780
749 781
750 751
750 781
751 782
752 753
752 782
752 783
752 784
753 783
753 784
753 785
754 755
754 785
755 756
755 786
756 757
756 786
756 787
757 786
757 787
757 788
758 759
758 788
758 789
759 760
759 789
760 761
760 790
761 762
761 790
761 791
762 790
762 791
763 764
763 792
763 793
764 792
764 793
765 766
765 794
765 795
766 794
766 795
766 796
767 768
767 796
767 797
767 798
768 797
768 798
769 770
769 799
770 771
770 799
770 800
771 772
771 800
771 801
772 773
772 800
772 801
772 802
773 774
773 801
773 802
773 803
774 802
774 803
774 804
775 776
775 804
776 777
776 805
777 805
777 806
778 779
778 806
778 807
779 780
779 807
779 808
780 781
780 808
780 809
781 808
781 809
782 783
782 810
783 784
783 810
783 811
784 785
784 811
784 812
785 811
785 812
785 813
786 787
786 814
786 815
786 816
787 788
787 815
787 816
787 817
788 789
788 816
788 817
788 818
789 817
789 818
789 819
790 791
790 820
790 821
790 822
791 821
791 822
792 793
792 823
793 823
793 824
794 795
794 824
794 825
795 796
795 825
795 826
796 797
796 825
796 826
796 827
797 798
797 826
797 827
797 828
798 827
798 828
798 829
799 829
799 830
799 831
800 801
800 831
800 832
800 833
801 802
801 832
801 833
801 834
802 803
802 833
802 834
802 835
803 804
803 834
803 835
803 836
804 835
804 836
804 837
805 806
805 838
805 839
805 840
806 807
806 839
806 840
806 841
807 840
807 841
807 842
808 809
808 842
808 843
808 844
809 843
809 844
809 845
810 846
810 847
811 812
811 847
811 848
812 813
812 848
812 849
813 814
813 849
814 815
814 849
814 850
815 816
815 850
816 817
816 850
817 818
817 851
818 819
818 851
818 852
819 820
819 851
819 852
819 853
820 821
820 852
820 853
820 854
821 822
821 853
821 854
822 854
823 855
824 855
824 856
824 857
825 826
825 857
825 858
825 859
826 827
826 858
826 859
826 860
827 828
827 859
827 860
827 861
828 829
828 860
828 861
828 862
829 830
829 861
829 862
830 831
830 862
830 863
831 832
831 863
831 864
832 833
832 863
832 864
832 865
833 834
833 864
833 865
834 835
834 865
834 866
835 836
835 866
835 867
836 837
836 866
836 867
836 868
837 838
837 867
837 868
837 869
838 839
838 868
838 869
838 870
839 840
839 869
839 870
839 871
840 841
840 870
840 871
840 872
841 842
841 871
841 872
841 873
842 843
842 872
842 873
843 844
843 873
843 874
844 845
844 874
844 875
845 846
845 874
845 875
845 876
846 875
846 876
846 877
847 848
847 877
847 878
847 879
848 878
848 879
848 880
849 880
849 881
849 882
850 882
850 883
850 884
851 852
851 885
851 886
851 887
852 853
852 886
852 887
853 854
853 887
854 888
855 856
855 889
855 890
856 857
856 889
856 890
856 891
857 858
857 890
857 891
857 892
858 859
858 891
858 892
858 893
859 860
859 892
859 893
859 894
860 861
860 893
860 894
860 895
861 862
861 894
861 895
861 896
862 895
862 896
862 897
863 864
863 897
863 898
863 899
864 865
864 898
864 899
865 899
866 867
866 900
866 901
867 868
867 900
867 901
867 902
868 869
868 901
868 902
868 903
869 870
869 902
869 903
869 904
870 871
870 903
870 904
870 905
871 872
871 904
871 905
871 906
872 873
872 905
872 906
872 907
873 906
873 907
873 908
874 875
874 908
874 909
875 876
875 909
875 910
876 877
876 909
876 910
876 911
877 878
877 910
877 911
877 912
878 879
878 911
878 912
878 913
879 880
879 912
879 913
879 914
880 881
880 913
880 914
880 915
881 882
881 914
881 915
881 916
882 883
882 915
882 916
882 917
883 884
883 916
883 917
883 918
884 885
884 917
884 918
884 919
885 886
885 918
885 919
885 920
886 887
886 919
886 920
886 921
887 920
887 921
887 922
888 923
889 890
889 924
889 925
889 926
890 891
890 925
890 926
891 892
891 926
891 927
892 893
892 927
892 928
893 894
893 927
893 928
894 895
894 928
894 929
895 896
895 929
895 930
896 897
896 929
896 930
896 931
897 898
897 930
897 931
897 932
898 899
898 931
898 932
898 933
899 932
899 933
899 934
900 901
900 935
900 936
900 937
901 902
901 936
901 937
901 938
902 903
902 937
902 938
903 904
903 938
903 939
904 905
904 939
904 940
905 906
905 939
905 940
905 941
906 907
906 940
906 941
906 942
907 908
907 941
907 942
907 943
908 942
908 943
908 944
909 910
909 944
909 945
909 946
910 911
910 945
910 946
910 947
911 912
911 946
911 947
911 948
912 913
912 947
912 948
913 914
913 948
913 949
914 915
914 949
914 950
915 916
915 949
915 950
916 917
916 950
916 951
917 918
917 951
917 952
918 919
918 951
918 952
919 920
919 952
919 953
920 921
920 953
920 954
921 922
921 953
921 954
921 955
922 923
922 954
922 955
922 956
923 955
923 956
924 925
924 957
924 958
925 926
925 957
925 958
925 959
926 958
926 959
926 960
927 928
927 960
927 961
927 962
928 961
928 962
928 963
929 930
929 963
929 964
930 931
930 964
930 965
931 932
931 965
932 933
932 965
933 934
933 966
934 935
934 966
934 967
935 936
935 966
935 967
935 968
936 937
936 967
936 968
936 969
937 938
937 968
937 969
938 969
938 970
939 940
939 970
939 971
939 972
940 941
940 971
940 972
940 973
941 942
941 972
941 973
941 974
942 943
942 973
942 974
942 975
943 944
943 974
943 975
943 976
944 945
944 975
944 976
944 977
945 946
945 976
945 977
945 978
946 947
946 977
946 978
946 979
947 948
947 978
947 979
947 980
948 979
948 980
948 981
949 950
949 981
949 982
949 983
950 982
950 983
950 984
951 952
951 984
951 985
951 986
952 985
952 986
952 987
953 954
953 987
953 988
953 989
954 955
954 988
954 989
954 990
955 956
955 989
955 990
955 991
956 990
956 991
956 992
957 958
957 993
957 994
958 959
958 993
958 994
958 995
959 960
959 994
959 995
959 996
960 961
960 995
960 996
960 997
961 962
961 996
961 997
961 998
962 963
962 997
962 998
963 964
963 998
963 999
964 999
964 1000
965 1000
965 1001
965 1002
966 967
966 1003
966 1004
967 968
967 1003
967 1004
967 1005
968 969
968 1004
968 1005
968 1006
969 1005
969 1006
969 1007
970 971
970 1007
970 1008
970 1009
971 972
971 1008
971 1009
971 1010
972 973
972 1009
972 1010
972 1011
973 974
973 1010
973 1011
973 1012
974 975
974 1011
974 1012
974 1013
975 976
975 1012
975 1013
975 1014
976 977
976 1013
976 1014
976 1015
977 978
977 1014
977 1015
978 979
978 1015
978 1016
979 980
979 1016
979 1017
980 981
980 1016
980 1017
980 1018
981 982
981 1017
981 1018
981 1019
982 983
982 1018
982 1019
982 1020
983 984
983 1019
983 1020
984 985
984 1020
984 1021
985 986
985 1021
985 1022
986 987
986 1021
986 1022
986 1023
987 988
987 1022
987 1023
987 1024
988 989
988 1023
988 1024
988 1025
989 990
989 1024
989 1025
990 991
990 1025
990 1026
991 992
991 1026
991 1027
992 1026
992 1027
993 994
993 1028
994 995
994 1028
994 1029
995 996
995 1028
995 1029
995 1030
996 997
996 1029
996 1030
996 1031
997 998
997 1030
997 1031
997 1032
998 1031
998 1032
998 1033
999 1000
999 1033
999 1034
1000 1001
1000 1034
1000 1035
1001 1002
1001 1034
1001 1035
1001 1036
1002 1035
1002 1036
1002 1037
1003 1004
1003 1037
1003 1038
1004 1005
1004 1038
1004 1039
1005 1006
1005 1038
1005 1039
1005 1040
1006 1007
1006 1039
1006 1040
1006 1041
1007 1008
1007 1040
1007 1041
1008 1009
1008 1041
1008 1042
1009 1010
1009 1042
1009 1043
1010 1011
1010 1042
1010 1043
1010 1044
1011 1012
1011 1043
1011 1044
1011 1045
1012 1013
1012 1044
1012 1045
1012 1046
1013 1014
1013 1045
1013 1046
1013 1047
1014 1015
1014 1046
1014 1047
1014 1048
1015 1047
1015 1048
1016 1017
1016 1049
1016 1050
1017 1018
1017 1049
1017 1050
1018 1019
1018 1050
1018 1051
1019 1020
1019 1051
1019 1052
1020 1051
1020 1052
1020 1053
1021 1022
1021 1053
1021 1054
1021 1055
1022 1023
1022 1054
1022 1055
1022 1056
1023 1024
1023 1055
1023 1056
1023 1057
1024 1025
1024 1056
1024 1057
1024 1058
1025 1057
1025 1058
1025 1059
1026 1027
1026 1059
1026 1060
1026 1061
1027 1060
1027 1061
1028 1029
1028 1062
1028 1063
1028 1064
1029 1030
1029 1063
1029 1064
1029 1065
1030 1031
1030 1064
1030 1065
1030 1066
1031 1032
1031 1065
1031 1066
1031 1067
1032 1033
1032 1066
1032 1067
1033 1067
1033 1068
1034 1035
1034 1068
1034 1069
1034 1070
1035 1036
1035 1069
1035 1070
1035 1071
1036 1037
1036 1070
1036 1071
1036 1072
1037 1071
1037 1072
1037 1073
1038 1039
1038 1073
1038 1074
1039 1040
1039 1074
1039 1075
1040 1041
1040 1074
1040 1075
1040 1076
1041 1075
1041 1076
1041 1077
1042 1043
1042 1077
1042 1078
1043 1044
1043 1078
1044 1045
1044 1078
1045 1046
1045 1079
1046 1047
1046 1079
1046 1080
1047 1048
1047 1079
1047 1080
1047 1081
1048 1080
1048 1081
1048 1082
1049 1050
1049 1082
1049 1083
1050 1083
1050 1084
1051 1052
1051 1084
1051 1085
1051 1086
1052 1053
1052 1085
1052 1086
1052 1087
1053 1054
1053 1086
1053 1087
1053 1088
1054 1055
1054 1087
1054 1088
1054 1089
1055 1056
1055 1088
1055 1089
1055 1090
1056 1057
1056 1089
1056 1090
1056 1091
1057 1058
1057 1090
1057 1091
1057 1092
1058 1059
1058 1091
1058 1092
1058 1093
1059 1060
1059 1092
1059 1093
1059 1094
1060 1061
1060 1093
1060 1094
1060 1095
1061 1094
1061 1095
1062 1063
1062 1096
1063 1064
1063 1096
1063 1097
1064 1065
1064 1097
1064 1098
1065 1066
1065 1097
1065 1098
1066 1067
1066 1098
1066 1099
1067 1099
1067 1100
1068 1069
1068 1100
1068 1101
1068 1102
1069 1070
1069 1101
1069 1102
1069 1103
1070 1071
1070 1102
1070 1103
1070 1104
1071 1072
1071 1103
1071 1104
1071 1105
1072 1073
1072 1104
1072 1105
1073 1105
1074 1075
1074 1106
1074 1107
1075 1076
1075 1106
1075 1107
1075 1108
1076 1077
1076 1107
1076 1108
1077 1108
1078 1109
1078 1110
1079 1080
1079 1111
1079 1112
1079 1113
1080 1081
1080 1112
1080 1113
1080 1114
1081 1082
1081 1113
1081 1114
1081 1115
1082 1114
1082 1115
1083 1084
1083 1116
1083 1117
1084 1085
1084 1116
1084 1117
1084 1118
1085 1086
1085 1117
1085 1118
1085 1119
1086 1087
1086 1118
1086 1119
1087 1088
1087 1119
1088 1089
1088 1120
1089 1090
1089 1120
1090 1091
1090 1120
1090 1121
1091 1092
1091 1121
1091 1122
1092 1093
1092 1121
1092 1122
1092 1123
1093 1094
1093 1122
1093 1123
1094 1095
1094 1123
1094 1124
1095 1124
1096 1125
1097 1098
1097 1126
1098 1126
1098 1127
1099 1100
1099 1127
1099 1128
1099 1129
1100 1101
1100 1128
1100 1129
1100 1130
1101 1102
1101 1129
1101 1130
1101 1131
1102 1103
1102 1130
1102 1131
1103 1104
1103 1131
1103 1132
1104 1105
1104 1132
1104 1133
1105 1132
1105 1133
1105 1134
1106 1107
1106 1135
1106 1136
1107 1108
1107 1135
1107 1136
1107 1137
1108 1136
1108 1137
1108 1138
1109 1110
1109 1139
1109 1140
1110 1111
1110 1139
1110 1140
1110 1141
1111 1112
1111 1140
1111 1141
1111 1142
1112 1113
1112 1141
1112 1142
1112 1143
1113 1114
1113 1142
1113 1143
1113 1144
1114 1115
1114 1143
1114 1144
1114 1145
1115 1144
1115 1145
1115 1146
1116 1117
1116 1146
1116 1147
1117 1118
1117 1147
1117 1148
1118 1119
1118 1148
1118 1149
1119 1148
1119 1149
1119 1150
1120 1151
1120 1152
1120 1153
1121 1122
1121 1153
1121 1154
1121 1155
1122 1123
1122 1154
1122 1155
1123 1155
1123 1156
1124 1156
1124 1157
1125 1158
1125 1159
1126 1159
1126 1160
1126 1161
1127 1128
1127 1161
1127 1162
1128 1129
1128 1162
1128 1163
1129 1130
1129 1162
1129 1163
1129 1164
1130 1131
1130 1163
1130 1164
1131 1164
1131 1165
1132 1133
1132 1165
1132 1166
1133 1134
1133 1166
1133 1167
1134 1167
1134 1168
1135 1136
1135 1168
1136 1137
1136 1169
1137 1138
1137 1169
1137 1170
1138 1169
1138 1170
1138 1171
1139 1140
1139 1171
1139 1172
1140 1141
1140 1172
1140 1173
1141 1142
1141 1173
1141 1174
1142 1143
1142 1173
1142 1174
1142 1175
1143 1144
1143 1174
1143 1175
1143 1176
1144 1145
1144 1175
1144 1176
1144 1177
1145 1146
1145 1176
1145 1177
1145 1178
1146 1147
1146 1177
1146 1178
1147 1178
1147 1179
1148 1149
1148 1179
1148 1180
1149 1150
1149 1180
1149 1181
1150 1151
1150 1180
1150 1181
1150 1182
1151 1152
1151 1181
1151 1182
1151 1183
1152 1153
1152 1182
1152 1183
1152 1184
1153 1154
1153 1183
1153 1184
1154 1155
1154 1184
1154 1185
1155 1185
1155 1186
1156 1157
1156 1186
1156 1187
1156 1188
1157 1187
1157 1188
1158 1159
1158 1189
1159 1160
1159 1189
1159 1190
1160 1161
1160 1189
1160 1190
1160 1191
1161 1190
1161 1191
1161 1192
1162 1163
1162 1192
1162 1193
1163 1164
1163 1193
1163 1194
1164 1194
1165 1166
1165 1195
1166 1195
1167 1168
1167 1196
1167 1197
1168 1196
1168 1197
1168 1198
1169 1170
1169 1199
1169 1200
1169 1201
1170 1171
1170 1200
1170 1201
1170 1202
1171 1172
1171 1201
1171 1202
1171 1203
1172 1202
1172 1203
1172 1204
1173 1174
1173 1204
1173 1205
1174 1175
1174 1205
1174 1206
1175 1176
1175 1205
1175 1206
1176 1177
1176 1206
1177 1178
1177 1207
1178 1207
1178 1208
1179 1208
1179 1209
1179 1210
1180 1181
1180 1210
1180 1211
1180 1212
1181 1182
1181 1211
1181 1212
1181 1213
1182 1183
1182 1212
1182 1213
1182 1214
1183 1184
1183 1213
1183 1214
1183 1215
1184 1214
1184 1215
1185 1186
1185 1216
1186 1187
1186 1216
1186 1217
1187 1188
1187 1216
1187 1217
1187 1218
1188 1217
1188 1218
1189 1190
1189 1219
1190 1191
1190 1219
1190 1220
1191 1192
1191 1219
1191 1220
1191 1221
1192 1193
1192 1220
1192 1221
1193 1221
1194 1222
1194 1223
1195 1223
1195 1224
1195 1225
1196 1197
1196 1226
1196 1227
1196 1228
1197 1198
1197 1227
1197 1228
1197 1229
1198 1199
1198 1228
1198 1229
1198 1230
1199 1200
1199 1229
1199 1230
1200 1201
1200 1230
1200 1231
1201 1202
1201 1231
1201 1232
1202 1203
1202 1231
1202 1232
1202 1233
1203 1204
1203 1232
1203 1233
1203 1234
1204 1233
1204 1234
1205 1206
1205 1235
1206 1235
1207 1208
1207 1236
1207 1237
1208 1209
1208 1236
1208 1237
1208 1238
1209 1210
1209 1237
1209 1238
1209 1239
1210 1211
1210 1238
1210 1239
1210 1240
1211 1212
1211 1239
1211 1240
1211 1241
1212 1213
1212 1240
1212 1241
1212 1242
1213 1214
1213 1241
1213 1242
1213 1243
1214 1215
1214 1242
1214 1243
1214 1244
1215 1243
1215 1244
1215 1245
1216 1217
1216 1246
1216 1247
1217 1218
1217 1247
1217 1248
1218 1247
1218 1248
1219 1220
1219 1250
1219 1251
1220 1221
1220 1251
1222 1223
1222 1252
1222 1253
1223 1224
1223 1253
1224 1225
1224 1253
1224 1254
1225 1226
1225 1254
1225 1255
1226 1227
1226 1254
1226 1255
1226 1256
1227 1228
1227 1255
1227 1256
1227 1257
1228 1229
1228 1256
1228 1257
1228 1258
1229 1230
1229 1257
1229 1258
1229 1259
1230 1258
1230 1259
1230 1260
1231 1232
1231 1260
1231 1261
1231 1262
1232 1233
1232 1261
1232 1262
1232 1263
1233 1234
1233 1262
1233 1263
1234 1263
1235 1264
1236 1237
1236 1266
1236 1267
1236 1268
1237 1238
1237 1267
1237 1268
1237 1269
1238 1239
1238 1268
1238 1269
1238 1270
1239 1240
1239 1269
1239 1270
1239 1271
1240 1241
1240 1270
1240 1271
1240 1272
1241 1242
1241 1271
1241 1272
1241 1273
1242 1243
1242 1272
1242 1273
1242 1274
1243 1244
1243 1273
1243 1274
1243 1275
1244 1245
1244 1274
1244 1275
1245 1246
1245 1275
1245 1276
1246 1276
1246 1277
1247 1248
1247 1277
1247 1278
1247 1279
1248 1278
1248 1279
1249 1250
1250 1251
1254 1255
1255 1256
1256 1257
1257 1258
1258 1259
1259 1260
1260 1261
1261 1262
1262 1263
1265 1266
1266 1267
1267 1268
1268 1269
1269 1270
1270 1271
1271 1272
1272 1273
1273 1274
1274 1275
1276 1277
1277 1278
1278 1279
