# FromNodeId	ToNodeId
0 1
0 44
0 45
1 2
1 44
1 45
1 46
2 3
2 45
2 46
2 47
3 4
3 46
3 47
3 48
4 5
4 47
4 48
4 49
5 6
5 48
5 49
5 50
6 7
6 49
6 50
7 8
7 50
8 9
8 51
9 10
9 51
9 52
10 11
10 51
10 52
11 12
11 52
11 53
12 53
12 54
13 14
13 54
13 55
13 56
14 15
14 55
14 56
14 57
15 16
15 56
15 57
15 58
16 57
16 58
16 59
17 18
17 59
17 60
18 19
18 60
19 20
19 60
19 61
20 21
20 61
21 22
21 61
21 62
22 23
22 62
22 63
23 24
23 62
23 63
24 25
24 63
24 64
25 26
25 64
25 65
26 27
26 64
26 65
26 66
27 28
27 65
27 66
27 67
28 29
28 66
28 67
28 68
29 30
29 67
29 68
29 69
30 31
30 68
30 69
30 70
31 32
31 69
31 70
31 71
32 33
32 70
32 71
32 72
33 34
33 71
33 72
33 73
34 35
34 72
34 73
34 74
35 73
35 74
35 75
36 37
36 76
36 77
36 78
37 77
37 78
37 79
38 39
38 80
38 81
39 40
39 81
39 82
40 41
40 82
41 42
41 82
42 43
42 83
43 83
44 45
44 84
44 85
45 46
45 84
45 85
45 86
46 47
46 85
46 86
46 87
47 48
47 86
47 87
47 88
48 49
48 87
48 88
48 89
49 50
49 88
49 89
49 90
50 89
50 90
50 91
51 52
51 92
51 93
52 93
52 94
53 54
53 94
53 95
53 96
54 55
54 95
54 96
54 97
55 56
55 96
55 97
55 98
56 57
56 97
56 98
56 99
57 58
57 98
57 99
57 100
58 59
58 99
58 100
58 101
59 100
59 101
59 102
60 102
60 103
60 104
61 104
61 105
61 106
62 63
62 106
62 107
62 108
63 107
63 108
63 109
64 65
64 109
64 110
65 66
65 110
66 67
66 111
67 68
67 111
67 112
68 69
68 111
68 112
68 113
69 70
69 112
69 113
69 114
70 71
70 113
70 114
70 115
71 72
71 114
71 115
71 116
72 73
72 115
72 116
72 117
73 74
73 116
73 117
74 75
74 117
74 118
75 76
75 118
75 119
76 77
76 118
76 119
77 78
77 119
77 120
78 79
78 120
78 121
79 80
79 120
79 121
79 122
80 81
80 121
80 122
81 122
81 123
82 123
82 124
82 125
83 126
83 127
84 85
84 128
84 129
85 86
85 128
85 129
85 130
86 87
86 129
86 130
86 131
87 88
87 130
87 131
88 89
88 131
89 90
89 132
90 91
90 132
90 133
91 92
91 132
91 133
91 134
92 133
92 134
92 135
93 94
93 135
93 136
93 137
94 95
94 136
94 137
94 138
95 96
95 137
95 138
95 139
96 97
96 138
96 139
96 140
97 98
97 139
97 140
97 141
98 99
98 140
98 141
98 142
99 100
99 141
99 142
99 143
100 101
100 142
100 143
100 144
101 102
101 143
101 144
101 145
102 103
102 144
102 145
102 146
103 104
103 145
103 146
103 147
104 105
104 146
104 147
104 148
105 106
105 147
105 148
106 107
106 148
106 149
107 108
107 149
107 150
108 109
108 149
108 150
108 151
109 110
109 150
109 151
109 152
110 151
110 152
110 153
111 112
111 154
111 155
111 156
112 113
112 155
112 156
112 157
113 114
113 156
113 157
114 115
114 157
114 158
115 116
115 158
116 117
116 158
116 159
117 159
117 160
118 119
118 160
118 161
118 162
119 161
119 162
119 163
120 121
120 163
120 164
120 165
121 122
121 164
121 165
121 166
122 165
122 166
123 124
123 167
124 125
124 167
124 168
125 126
125 167
125 168
126 127
126 168
126 169
127 169
128 129
128 170
128 171
129 130
129 170
129 171
130 131
130 171
130 172
131 172
131 173
132 133
132 174
133 134
133 174
134 135
134 174
134 175
135 136
135 175
135 176
136 137
136 175
136 176
136 177
137 138
137 176
137 177
137 178
138 139
138 177
138 178
138 179
139 140
139 178
139 179
139 180
140 141
140 179
140 180
140 181
141 142
141 180
141 181
141 182
142 143
142 181
142 182
142 183
143 144
143 182
143 183
143 184
144 145
144 183
144 184
144 185
145 146
145 184
145 185
145 186
146 147
146 185
146 186
146 187
147 148
147 186
147 187
147 188
148 187
148 188
148 189
149 150
149 189
149 190
150 151
150 190
150 191
151 152
151 191
152 153
152 191
152 192
153 154
153 192
153 193
154 155
154 192
154 193
154 194
155 156
155 193
155 194
155 195
156 157
156 194
156 195
156 196
157 195
157 196
157 197
158 197
159 160
159 198
159 199
160 161
160 198
160 199
160 200
161 162
161 199
161 200
161 201
162 163
162 200
162 201
162 202
163 164
163 201
163 202
163 203
164 165
164 202
164 203
164 204
165 166
165 203
165 204
165 205
166 204
166 205
166 206
167 168
167 207
167 208
168 207
168 208
168 209
169 209
169 210
170 171
170 211
171 211
171 212
172 173
172 212
172 213
172 214
173 213
173 214
173 215
174 216
174 217
174 218
175 176
175 218
175 219
175 220
176 177
176 219
176 220
176 221
177 178
177 220
177 221
177 222
178 179
178 221
178 222
178 223
179 180
179 222
179 223
180 181
180 223
181 182
181 224
182 183
182 224
182 225
183 184
183 224
183 225
183 226
184 185
184 225
184 226
185 186
185 226
185 227
186 187
186 227
186 228
187 188
187 227
187 228
187 229
188 189
188 228
188 229
188 230
189 190
189 229
189 230
189 231
190 230
190 231
190 232
191 232
191 233
191 234
192 193
192 234
192 235
192 236
193 194
193 235
193 236
193 237
194 195
194 236
194 237
195 196
195 237
195 238
196 197
196 238
196 239
197 238
197 239
197 240
198 199
198 241
198 242
198 243
199 200
199 242
199 243
200 201
200 243
201 202
201 244
202 203
202 244
202 245
203 204
203 244
203 245
203 246
204 205
204 245
204 246
204 247
205 206
205 246
205 247
206 247
206 248
207 208
207 248
207 249
207 250
208 209
208 249
208 250
208 251
209 210
209 250
209 251
209 252
210 251
210 252
211 212
211 253
211 254
211 255
212 213
212 254
212 255
213 214
213 255
213 256
214 215
214 256
215 216
215 256
216 217
217 218
218 219
219 220
219 257
220 221
220 257
220 258
221 222
221 257
221 258
221 259
222 223
222 258
222 259
222 260
223 259
223 260
223 261
224 225
224 262
224 263
225 226
225 262
225 263
226 263
226 264
227 228
227 264
227 265
228 229
228 265
229 230
229 266
230 231
230 266
231 232
231 266
231 267
232 233
232 267
232 268
233 234
233 267
233 268
233 269
234 235
234 268
234 269
234 270
235 236
235 269
235 270
236 237
236 270
237 271
238 239
238 271
238 272
238 273
239 240
239 272
239 273
239 274
240 241
240 273
240 274
240 275
241 242
241 274
241 275
242 243
242 275
243 276
244 245
244 277
244 278
245 246
245 277
245 278
245 279
246 247
246 278
246 279
246 280
247 279
247 280
248 249
248 281
248 282
249 250
249 281
249 282
249 283
250 251
250 282
250 283
250 284
251 252
251 283
251 284
251 285
252 284
252 285
253 254
253 286
253 287
254 255
254 286
254 287
255 287
256 288
256 289
257 258
257 293
257 294
258 259
258 294
258 295
259 260
259 294
259 295
259 296
260 261
260 295
260 296
260 297
261 296
261 297
262 263
262 298
263 298
263 299
264 265
264 299
264 300
264 301
265 300
265 301
266 302
266 303
267 268
267 303
267 304
267 305
268 269
268 304
268 305
268 306
269 270
269 305
269 306
269 307
270 306
270 307
270 308
271 272
271 309
271 310
272 273
272 310
272 311
273 274
273 311
273 312
274 275
274 311
274 312
275 312
275 313
276 314
276 315
277 278
277 315
277 316
277 317
278 279
278 316
278 317
278 318
279 280
279 317
279 318
279 319
280 318
280 319
281 282
281 320
281 321
282 283
282 320
282 321
282 322
283 284
283 321
283 322
283 323
284 285
284 322
284 323
284 324
285 323
285 324
286 287
286 325
286 326
287 325
287 326
287 327
288 289
288 328
288 329
288 330
289 290
289 329
289 330
290 291
290 330
290 331
291 292
291 331
291 332
292 293
292 331
292 332
293 332
293 333
294 295
294 333
294 334
294 335
295 296
295 334
295 335
295 336
296 297
296 335
296 336
296 337
297 336
297 337
297 338
298 299
298 339
298 340
299 300
299 340
299 341
300 301
300 340
300 341
300 342
301 341
301 342
301 343
302 343
302 344
303 304
303 345
304 305
304 345
304 346
305 306
305 346
305 347
306 307
306 346
306 347
306 348
307 308
307 347
307 348
307 349
308 309
308 348
308 349
308 350
309 310
309 349
309 350
309 351
310 350
310 351
310 352
311 312
311 352
311 353
311 354
312 353
312 354
313 355
313 356
314 315
314 356
314 357
315 316
315 357
316 317
316 357
316 358
317 318
317 358
317 359
318 319
318 358
318 359
318 360
319 359
319 360
319 361
320 321
320 361
320 362
320 363
321 322
321 362
321 363
321 364
322 323
322 363
322 364
322 365
323 324
323 364
323 365
324 365
325 326
325 366
326 327
326 366
326 367
327 328
327 367
327 368
328 329
328 367
328 368
328 369
329 330
329 368
329 369
329 370
330 369
330 370
330 371
331 332
331 371
331 372
331 373
332 372
332 373
332 374
333 334
333 374
333 375
334 335
334 375
334 376
335 336
335 376
336 337
336 376
337 338
337 377
338 339
338 377
338 378
339 377
339 378
339 379
340 341
340 379
340 380
340 381
341 342
341 380
341 381
341 382
342 343
342 381
342 382
343 344
343 382
343 383
344 383
344 384
345 384
346 347
346 385
347 348
347 385
348 349
348 385
348 386
349 350
349 386
349 387
350 351
350 386
350 387
350 388
351 352
351 387
351 388
351 389
352 353
352 388
352 389
352 390
353 354
353 389
353 390
353 391
354 390
354 391
355 356
355 392
356 392
356 393
357 393
357 394
357 395
358 359
358 395
358 396
359 360
359 396
359 397
360 361
360 396
360 397
360 398
361 362
361 397
361 398
362 363
362 398
362 399
363 364
363 399
363 400
364 365
364 399
364 400
364 401
365 400
365 401
365 402
366 403
366 404
367 368
367 404
367 405
367 406
368 369
368 405
368 406
369 370
369 406
369 407
370 371
370 407
370 408
371 372
371 407
371 408
372 373
372 408
372 409
373 374
373 409
374 375
374 409
374 410
375 410
375 411
376 411
376 412
376 413
377 378
377 414
377 415
377 416
378 379
378 415
378 416
378 417
379 380
379 416
379 417
379 418
380 381
380 417
380 418
380 419
381 382
381 418
381 419
381 420
382 419
382 420
382 421
383 384
383 421
383 422
383 423
384 422
384 423
384 424
385 426
385 427
385 428
386 387
386 428
386 429
386 430
387 388
387 429
387 430
387 431
388 389
388 430
388 431
389 390
389 431
389 432
390 391
390 432
390 433
391 432
391 433
391 434
392 434
392 435
392 436
393 394
393 436
393 437
393 438
394 395
394 437
394 438
394 439
395 438
395 439
395 440
396 397
396 440
397 398
398 441
399 400
399 441
399 442
400 401
400 442
400 443
401 402
401 443
401 444
402 443
402 444
403 404
403 445
403 446
404 405
404 445
404 446
404 447
405 406
405 446
405 447
406 447
407 408
407 448
407 449
408 448
408 449
408 450
409 450
409 451
409 452
410 411
410 452
410 453
411 412
411 453
411 454
412 413
412 453
412 454
412 455
413 414
413 454
413 455
413 456
414 415
414 455
414 456
414 457
415 416
415 456
415 457
415 458
416 417
416 457
416 458
416 459
417 418
417 458
417 459
417 460
418 419
418 459
418 460
418 461
419 420
419 460
419 461
419 462
420 421
420 461
420 462
420 463
421 422
421 462
421 463
421 464
422 423
422 463
422 464
423 424
423 464
423 465
424 425
424 465
424 466
425 426
425 465
425 466
425 467
426 427
426 466
426 467
426 468
427 428
427 467
427 468
428 429
428 468
429 430
429 469
430 431
430 469
430 470
431 469
431 470
432 433
432 471
432 472
433 434
433 471
433 472
433 473
434 435
434 472
434 473
434 474
435 436
435 473
435 474
436 437
436 474
436 475
437 438
437 475
437 476
438 439
438 475
438 476
438 477
439 440
439 476
439 477
439 478
440 477
440 478
440 479
441 442
441 481
441 482
441 483
442 482
442 483
442 484
443 444
443 484
443 485
443 486
444 485
444 486
445 446
445 487
446 447
446 487
446 488
447 487
447 488
447 489
448 449
448 490
448 491
448 492
449 450
449 491
449 492
449 493
450 451
450 492
450 493
450 494
451 452
451 493
451 494
451 495
452 494
452 495
452 496
453 454
453 496
453 497
453 498
454 455
454 497
454 498
454 499
455 456
455 498
455 499
455 500
456 457
456 499
456 500
456 501
457 458
457 500
457 501
457 502
458 459
458 501
458 502
458 503
459 460
459 502
459 503
459 504
460 461
460 503
460 504
461 462
461 504
462 463
462 505
463 464
463 505
463 506
464 505
464 506
464 507
465 466
465 507
465 508
465 509
466 467
466 508
466 509
466 510
467 468
467 509
467 510
467 511
468 510
468 511
468 512
469 470
469 513
470 513
470 514
471 472
471 514
471 515
471 516
472 473
472 515
472 516
472 517
473 474
473 516
473 517
473 518
474 517
474 518
474 519
475 476
475 519
475 520
476 477
476 520
477 478
477 521
478 479
478 521
479 480
479 521
479 522
480 481
480 522
480 523
481 482
481 522
481 523
481 524
482 483
482 523
482 524
482 525
483 484
483 524
483 525
483 526
484 485
484 525
484 526
484 527
485 486
485 526
485 527
485 528
486 527
486 528
487 488
487 529
487 530
487 531
488 489
488 530
488 531
489 490
489 531
489 532
490 491
490 532
490 533
491 492
491 532
491 533
491 534
492 493
492 533
492 534
492 535
493 494
493 534
493 535
493 536
494 495
494 535
494 536
494 537
495 496
495 536
495 537
495 538
496 497
496 537
496 538
497 498
497 538
498 499
498 539
499 500
499 539
500 501
500 539
501 502
501 540
502 503
502 540
502 541
503 504
503 540
503 541
503 542
504 541
504 542
504 543
505 506
505 544
505 545
505 546
506 507
506 545
506 546
506 547
507 508
507 546
507 547
508 509
508 547
508 548
509 510
509 548
509 549
510 511
510 548
510 549
510 550
511 512
511 549
511 550
511 551
512 550
512 551
513 514
513 552
513 553
513 554
514 515
514 553
514 554
514 555
515 516
515 554
515 555
515 556
516 517
516 555
516 556
516 557
517 518
517 556
517 557
517 558
518 519
518 557
518 558
518 559
519 520
519 558
519 559
520 559
520 560
521 561
521 562
521 563
522 523
522 563
522 564
523 524
523 564
523 565
524 525
524 564
524 565
524 566
525 526
525 565
525 566
525 567
526 527
526 566
526 567
526 568
527 528
527 567
527 568
527 569
528 568
528 569
529 530
529 570
529 571
530 531
530 570
530 571
530 572
531 571
531 572
531 573
532 533
532 573
532 574
533 534
533 574
534 535
534 574
534 575
535 536
535 575
535 576
536 537
536 575
536 576
536 577
537 538
537 576
537 577
537 578
538 577
538 578
538 579
539 580
539 581
540 541
540 582
540 583
540 584
541 542
541 583
541 584
542 543
542 584
542 585
543 544
543 585
543 586
544 545
544 585
544 586
544 587
545 546
545 586
545 587
545 588
546 547
546 587
546 588
546 589
547 588
547 589
548 549
548 590
548 591
549 550
549 590
549 591
550 551
550 591
550 592
551 592
552 553
552 593
553 554
553 593
553 594
554 555
554 593
554 594
554 595
555 556
555 594
555 595
555 596
556 557
556 595
556 596
556 597
557 558
557 596
557 597
557 598
558 559
558 597
558 598
558 599
559 598
559 599
559 600
560 561
560 600
560 601
560 602
561 562
561 601
561 602
562 563
562 602
562 603
563 603
563 604
564 565
564 604
564 605
564 606
565 566
565 605
565 606
565 607
566 567
566 606
566 607
567 568
567 607
567 608
568 569
568 608
568 609
569 608
569 609
570 571
570 610
571 572
571 610
571 611
572 573
572 610
572 611
572 612
573 611
573 612
573 613
574 613
574 614
574 615
575 576
575 615
576 577
576 616
577 578
577 616
578 579
578 616
579 580
579 617
580 581
580 617
581 617
581 618
582 583
582 618
582 619
583 584
583 619
583 620
584 620
584 621
585 586
585 621
585 622
585 623
586 587
586 622
586 623
587 588
587 623
587 624
588 589
588 624
588 625
589 624
589 625
589 626
590 591
590 626
590 627
590 628
591 627
591 628
591 629
592 629
592 630
593 594
593 631
593 632
593 633
594 595
594 632
594 633
594 634
595 596
595 633
595 634
596 597
596 634
596 635
597 598
597 635
597 636
598 599
598 635
598 636
598 637
599 600
599 636
599 637
599 638
600 601
600 637
600 638
600 639
601 602
601 638
601 639
601 640
602 639
602 640
602 641
603 604
603 641
603 642
603 643
604 605
604 642
604 643
604 644
605 606
605 643
605 644
605 645
606 607
606 644
606 645
606 646
607 645
607 646
607 647
608 609
608 647
608 648
608 649
609 648
609 649
610 611
610 650
610 651
610 652
611 612
611 651
611 652
611 653
612 613
612 652
612 653
612 654
613 614
613 653
613 654
613 655
614 615
614 654
614 655
615 655
615 656
616 657
616 658
617 659
617 660
618 619
618 661
618 662
619 661
619 662
619 663
620 621
620 663
620 664
621 622
621 664
621 665
622 623
622 665
622 666
623 665
623 666
623 667
624 625
624 667
624 668
624 669
625 626
625 668
625 669
625 670
626 627
626 669
626 670
626 671
627 628
627 670
627 671
627 672
628 629
628 671
628 672
628 673
629 630
629 672
629 673
629 674
630 673
630 674
630 675
631 632
631 675
631 676
632 633
632 676
633 634
633 676
635 636
635 677
636 637
636 677
637 638
637 677
637 678
638 639
638 678
638 679
639 640
639 678
639 679
640 641
640 679
640 680
641 642
641 680
642 643
642 680
642 681
643 644
643 681
643 682
644 645
644 681
644 682
644 683
645 646
645 682
645 683
645 684
646 647
646 683
646 684
646 685
647 648
647 684
647 685
647 686
648 649
648 685
648 686
648 687
649 686
649 687
650 651
650 688
650 689
651 652
651 688
651 689
651 690
652 653
652 689
652 690
653 654
653 690
653 691
654 655
654 691
654 692
655 691
655 692
656 693
656 694
657 658
657 694
657 695
658 659
658 695
658 696
659 660
659 696
659 697
660 696
660 697
660 698
661 662
661 698
661 699
661 700
662 663
662 699
662 700
662 701
663 664
663 700
663 701
663 702
664 701
664 702
664 703
665 666
665 703
665 704
665 705
666 667
666 704
666 705
667 668
667 705
668 669
668 706
669 670
669 706
669 707
670 671
670 706
670 707
670 708
671 672
671 707
671 708
672 673
672 708
672 709
673 674
673 709
673 710
674 675
674 709
674 710
675 710
675 711
676 711
676 712
676 713
677 715
677 716
678 679
678 717
678 718
679 717
679 718
679 719
680 719
680 720
680 721
681 682
681 721
681 722
681 723
682 683
682 722
682 723
682 724
683 684
683 723
683 724
683 725
684 685
684 724
684 725
684 726
685 686
685 725
685 726
685 727
686 687
686 726
686 727
686 728
687 727
687 728
688 689
688 729
688 730
689 690
689 729
689 730
689 731
690 730
690 731
690 732
691 692
691 732
691 733
691 734
692 733
692 734
692 735
693 694
693 735
693 736
694 695
694 736
694 737
695 736
695 737
696 697
696 738
696 739
697 698
697 738
697 739
697 740
698 699
698 739
698 740
698 741
699 700
699 740
699 741
699 742
700 701
700 741
700 742
701 702
701 742
702 703
703 704
703 743
704 705
704 743
704 744
705 743
705 744
705 745
706 707
706 746
706 747
707 708
707 746
707 747
707 748
708 747
708 748
708 749
709 710
709 749
709 750
709 751
710 750
710 751
710 752
711 712
711 752
711 753
712 713
712 753
713 754
714 715
714 754
714 755
715 716
715 755
715 756
716 755
716 756
717 718
717 757
717 758
718 719
718 757
718 758
718 759
719 720
719 758
719 759
720 721
720 759
720 760
721 722
721 760
721 761
722 723
722 760
722 761
722 762
723 724
723 761
723 762
723 763
724 725
724 762
724 763
725 726
725 763
726 727
726 764
727 728
727 764
728 764
729 730
729 765
729 766
730 731
730 765
730 766
731 732
731 766
732 733
733 734
733 767
734 735
734 767
735 767
735 768
736 737
736 768
736 769
737 769
737 770
738 739
738 770
738 771
738 772
739 740
739 771
739 772
739 773
740 741
740 772
740 773
740 774
741 742
741 773
741 774
742 774
742 775
743 744
743 776
744 745
744 776
744 777
745 777
745 778
746 747
746 778
746 779
747 748
747 779
747 780
748 749
748 779
748 780
748 781
749 750
749 780
749 781
749 782
750 751
750 781
750 782
750 783
751 752
751 782
751 783
751 784
752 753
752 783
752 784
752 785
753 784
753 785
753 786
754 787
754 788
754 789
755 756
755 789
755 790
755 791
756 790
756 791
756 792
757 758
757 792
757 793
758 759
758 793
758 794
759 793
759 794
759 795
760 761
760 795
760 796
761 762
761 796
761 797
762 763
762 797
762 798
763 797
763 798
763 799
765 766
765 800
766 800
766 801
767 803
767 804
768 804
768 805
768 806
769 770
769 806
769 807
769 808
770 771
770 807
770 808
770 809
771 772
771 808
771 809
772 773
772 809
772 810
773 774
773 810
773 811
774 810
774 811
774 812
775 812
775 813
775 814
776 815
776 816
776 817
777 778
777 817
777 818
777 819
778 818
778 819
778 820
779 780
779 820
779 821
780 781
780 821
780 822
781 782
781 822
781 823
782 783
782 822
782 823
783 784
783 823
783 824
784 785
784 824
784 825
785 786
785 824
785 825
785 826
786 787
786 825
786 826
786 827
787 788
787 826
787 827
787 828
788 789
788 827
788 828
789 790
789 828
790 791
790 829
791 792
791 829
792 829
792 830
793 794
793 830
793 831
793 832
794 795
794 831
794 832
794 833
795 796
795 832
795 833
795 834
796 833
796 834
796 835
797 798
797 835
797 836
798 799
798 836
798 837
799 836
799 837
799 838
800 841
800 842
801 802
801 842
801 843
801 844
802 843
802 844
802 845
803 804
803 845
803 846
803 847
804 805
804 846
804 847
804 848
805 806
805 847
805 848
805 849
806 807
806 848
806 849
806 850
807 808
807 849
807 850
807 851
808 809
808 850
808 851
808 852
809 851
809 852
809 853
810 811
810 853
810 854
811 812
811 854
811 855
812 813
812 854
812 855
812 856
813 814
813 855
813 856
813 857
814 815
814 856
814 857
814 858
815 816
815 857
815 858
815 859
816 817
816 858
816 859
817 818
817 859
817 860
818 819
818 860
818 861
819 820
819 860
819 861
819 862
820 821
820 861
820 862
820 863
821 862
821 863
821 864
822 823
822 864
822 865
822 866
823 865
823 866
823 867
824 825
824 867
824 868
825 826
825 868
825 869
826 827
826 869
827 828
827 869
827 870
828 870
829 871
829 872
829 873
830 831
830 873
830 874
831 832
831 874
831 875
832 833
832 874
832 875
833 834
833 875
833 876
834 835
834 876
834 877
835 876
835 877
836 837
836 878
836 879
837 838
837 878
837 879
837 880
838 839
838 879
838 880
838 881
839 840
839 880
839 881
839 882
840 881
840 882
841 842
841 883
842 843
842 883
842 884
843 844
843 883
843 884
844 845
844 884
844 885
845 846
845 885
845 886
846 847
846 885
846 886
847 848
847 886
847 887
848 849
848 887
848 888
849 850
849 887
849 888
850 851
850 888
851 852
851 889
852 853
852 889
852 890
853 889
853 890
853 891
854 855
854 891
854 892
854 893
855 856
855 892
855 893
855 894
856 857
856 893
856 894
857 858
857 894
857 895
858 859
858 895
858 896
859 895
859 896
859 897
860 861
860 897
860 898
860 899
861 862
861 898
861 899
862 863
862 899
862 900
863 864
863 900
863 901
864 865
864 900
864 901
865 866
865 901
865 902
866 867
866 902
866 903
867 868
867 902
867 903
867 904
868 903
868 904
868 905
869 905
869 906
869 907
870 907
870 908
871 872
871 908
871 909
871 910
872 873
872 909
872 910
872 911
873 910
873 911
873 912
874 875
874 912
874 913
875 913
875 914
876 877
876 914
876 915
876 916
877 915
877 916
878 879
878 917
878 918
879 880
879 917
879 918
879 919
880 881
880 918
880 919
880 920
881 882
881 919
881 920
881 921
882 920
882 921
883 884
883 922
883 923
883 924
884 923
884 924
884 925
885 886
885 925
885 926
885 927
886 926
886 927
886 928
887 888
887 928
887 929
887 930
888 929
888 930
888 931
889 890
889 932
889 933
889 934
890 891
890 933
890 934
891 892
891 934
892 893
893 894
893 935
894 935
894 936
895 896
895 936
896 897
896 937
897 898
897 937
897 938
898 899
898 937
898 938
898 939
899 938
899 939
899 940
900 901
900 940
900 941
901 941
901 942
902 903
902 942
902 943
902 944
903 904
903 943
903 944
903 945
904 905
904 944
904 945
904 946
905 906
905 945
905 946
905 947
906 907
906 946
906 947
906 948
907 947
907 948
907 949
908 909
908 949
908 950
908 951
909 910
909 950
909 951
909 952
910 911
910 951
910 952
910 953
911 912
911 952
911 953
911 954
912 913
912 953
912 954
912 955
913 954
913 955
913 956
914 915
914 956
914 957
915 916
915 957
915 958
916 957
916 958
916 959
917 918
917 959
917 960
918 919
918 960
919 920
919 961
920 921
920 961
920 962
921 961
921 962
922 923
922 963
922 964
923 924
923 963
923 964
923 965
924 925
924 964
924 965
925 926
925 965
925 966
926 927
926 966
926 967
927 928
927 966
927 967
928 929
928 967
929 930
929 968
930 931
930 968
930 969
931 932
931 968
931 969
931 970
932 933
932 969
932 970
932 971
933 934
933 970
933 971
933 972
934 971
934 972
935 936
935 974
935 975
935 976
936 975
936 976
937 938
937 977
937 978
937 979
938 939
938 978
938 979
938 980
939 940
939 979
939 980
940 980
941 942
941 981
942 943
942 981
942 982
943 944
943 981
943 982
943 983
944 945
944 982
944 983
945 946
945 983
945 984
946 947
946 984
946 985
947 948
947 984
947 985
947 986
948 949
948 985
948 986
948 987
949 950
949 986
949 987
949 988
950 951
950 987
950 988
950 989
951 952
951 988
951 989
952 953
952 989
952 990
953 954
953 990
953 991
954 955
954 990
954 991
954 992
955 956
955 991
955 992
955 993
956 992
956 993
957 958
957 994
957 995
958 959
958 994
958 995
958 996
959 960
959 995
959 996
959 997
960 996
960 997
960 998
961 962
961 999
961 1000
961 1001
962 1000
962 1001
963 964
963 1002
964 965
964 1002
965 1003
966 967
966 1003
966 1004
966 1005
967 1004
967 1005
968 969
968 1006
969 970
969 1007
970 971
970 1007
970 1008
971 972
971 1007
971 1008
971 1009
972 1008
972 1009
972 1010
973 974
973 1010
973 1011
974 975
974 1011
974 1012
975 976
975 1012
976 1012
977 978
977 1013
977 1014
978 979
978 1013
978 1014
978 1015
979 980
979 1014
979 1015
979 1016
980 1015
980 1016
980 1017
981 982
981 1018
981 1019
982 983
982 1018
982 1019
982 1020
983 1019
983 1020
984 985
984 1021
984 1022
985 986
985 1021
985 1022
985 1023
986 987
986 1022
986 1023
986 1024
987 988
987 1023
987 1024
987 1025
988 989
988 1024
988 1025
988 1026
989 1025
989 1026
989 1027
990 991
990 1027
990 1028
990 1029
991 992
991 1028
991 1029
991 1030
992 993
992 1029
992 1030
992 1031
993 1030
993 1031
993 1032
994 995
994 1032
994 1033
994 1034
995 996
995 1033
995 1034
995 1035
996 997
996 1034
996 1035
996 1036
997 998
997 1035
997 1036
997 1037
998 999
998 1036
998 1037
998 1038
999 1000
999 1037
999 1038
1000 1001
1000 1038
1000 1039
1001 1039
1002 1040
1003 1004
1003 1041
1003 1042
1004 1005
1004 1042
1004 1043
1005 1042
1005 1043
1005 1044
1006 1044
1006 1045
1006 1046
1007 1008
1007 1047
1007 1048
1007 1049
1008 1009
1008 1048
1008 1049
1008 1050
1009 1010
1009 1049
1009 1050
1009 1051
1010 1011
1010 1050
1010 1051
1010 1052
1011 1051
1011 1052
1011 1053
1012 1053
1012 1054
1012 1055
1013 1014
1013 1056
1013 1057
1013 1058
1014 1015
1014 1057
1014 1058
1015 1016
1015 1058
1015 1059
1016 1017
1016 1059
1016 1060
1017 1059
1017 1060
1017 1061
1018 1019
1018 1062
1018 1063
1019 1020
1019 1063
1019 1064
1020 1063
1020 1064
1021 1022
1021 1065
1021 1066
1022 1023
1022 1065
1022 1066
1022 1067
1023 1024
1023 1066
1023 1067
1023 1068
1024 1025
1024 1067
1024 1068
1024 1069
1025 1026
1025 1068
1025 1069
1026 1027
1026 1069
1026 1070
1027 1028
1027 1070
1027 1071
1028 1029
1028 1070
1028 1071
1029 1030
1029 1071
1029 1072
1030 1031
1030 1072
1030 1073
1031 1032
1031 1072
1031 1073
1031 1074
1032 1033
1032 1073
1032 1074
1032 1075
1033 1034
1033 1074
1033 1075
1033 1076
1034 1035
1034 1075
1034 1076
1034 1077
1035 1036
1035 1076
1035 1077
1035 1078
1036 1037
1036 1077
1036 1078
1037 1038
1037 1078
1037 1079
1038 1079
1038 1080
1039 1080
1039 1081
1040 1041
1040 1082
1040 1083
1040 1084
1041 1083
1041 1084
1041 1085
1042 1043
1042 1085
1042 1086
1043 1044
1043 1086
1043 1087
1044 1045
1044 1086
1044 1087
1044 1088
1045 1046
1045 1087
1045 1088
1046 1047
1046 1088
1047 1048
1048 1049
1048 1089
1049 1050
1049 1089
1049 1090
1050 1051
1050 1089
1050 1090
1050 1091
1051 1052
1051 1090
1051 1091
1051 1092
1052 1053
1052 1091
1052 1092
1053 1054
1053 1092
1053 1093
1054 1055
1054 1093
1054 1094
1055 1056
1055 1093
1055 1094
1055 1095
1056 1057
1056 1094
1056 1095
1056 1096
1057 1058
1057 1095
1057 1096
1057 1097
1058 1096
1058 1097
1059 1060
1059 1098
1059 1099
1060 1061
1060 1098
1060 1099
1060 1100
1061 1062
1061 1099
1061 1100
1061 1101
1062 1100
1062 1101
1062 1102
1063 1064
1063 1102
1063 1103
1064 1103
1064 1104
1065 1066
1065 1104
1065 1105
1066 1067
1066 1105
1066 1106
1067 1068
1067 1106
1068 1069
1068 1106
1068 1107
1069 1107
1069 1108
1070 1071
1070 1108
1070 1109
1070 1110
1071 1109
1071 1110
1072 1073
1072 1111
1072 1112
1073 1074
1073 1111
1073 1112
1073 1113
1074 1075
1074 1112
1074 1113
1074 1114
1075 1076
1075 1113
1075 1114
1075 1115
1076 1077
1076 1114
1076 1115
1076 1116
1077 1078
1077 1115
1077 1116
1077 1117
1078 1116
1078 1117
1078 1118
1079 1080
1079 1118
1079 1119
1080 1081
1080 1119
1080 1120
1081 1119
1081 1120
1082 1083
1082 1121
1082 1122
1083 1084
1083 1121
1083 1122
1083 1123
1084 1085
1084 1122
1084 1123
1084 1124
1085 1123
1085 1124
1085 1125
1086 1087
1086 1125
1086 1126
1086 1127
1087 1088
1087 1126
1087 1127
1087 1128
1088 1127
1088 1128
1088 1129
1089 1090
1089 1130
1089 1131
1089 1132
1090 1091
1090 1131
1090 1132
1090 1133
1091 1092
1091 1132
1091 1133
1091 1134
1092 1133
1092 1134
1092 1135
1093 1094
1093 1135
1093 1136
1093 1137
1094 1095
1094 1136
1094 1137
1094 1138
1095 1096
1095 1137
1095 1138
1096 1097
1096 1138
1096 1139
1097 1139
1098 1099
1098 1140
1098 1141
1099 1100
1099 1140
1099 1141
1100 1101
1100 1141
1100 1142
1101 1102
1101 1142
1102 1142
1103 1104
1103 1143
1104 1105
1104 1143
1104 1144
1105 1144
1105 1145
1106 1145
1106 1146
1106 1147
1107 1108
1107 1147
1107 1148
1107 1149
1108 1109
1108 1148
1108 1149
1108 1150
1109 1110
1109 1149
1109 1150
1110 1150
1110 1151
1111 1112
1111 1151
1111 1152
1111 1153
1112 1113
1112 1152
1112 1153
1112 1154
1113 1114
1113 1153
1113 1154
1113 1155
1114 1115
1114 1154
1114 1155
1115 1116
1115 1155
1115 1156
1116 1117
1116 1156
1117 1118
1117 1156
1117 1157
1118 1157
1118 1158
1119 1120
1119 1158
1119 1159
1119 1160
1120 1159
1120 1160
1121 1122
1121 1161
1121 1162
1122 1123
1122 1161
1122 1162
1122 1163
1123 1124
1123 1162
1123 1163
1123 1164
1124 1125
1124 1163
1124 1164
1124 1165
1125 1126
1125 1164
1125 1165
1125 1166
1126 1127
1126 1165
1126 1166
1126 1167
1127 1128
1127 1166
1127 1167
1127 1168
1128 1129
1128 1167
1128 1168
1128 1169
1129 1168
1129 1169
1129 1170
1130 1131
1130 1170
1130 1171
1130 1172
1131 1132
1131 1171
1131 1172
1131 1173
1132 1133
1132 1172
1132 1173
1132 1174
1133 1134
1133 1173
1133 1174
1133 1175
1134 1135
1134 1174
1134 1175
1134 1176
1135 1136
1135 1175
1135 1176
1135 1177
1136 1137
1136 1176
1136 1177
1136 1178
1137 1138
1137 1177
1137 1178
1138 1178
1138 1179
1139 1179
1139 1180
1139 1181
1140 1141
1140 1181
1140 1182
1140 1183
1141 1182
1141 1183
1141 1184
1142 1184
1142 1185
1142 1186
1143 1187
1143 1188
1144 1145
1144 1188
1144 1189
1144 1190
1145 1146
1145 1189
1145 1190
1145 1191
1146 1147
1146 1190
1146 1191
1146 1192
1147 1148
1147 1191
1147 1192
1147 1193
1148 1149
1148 1192
1148 1193
1148 1194
1149 1150
1149 1193
1149 1194
1149 1195
1150 1194
1150 1195
1150 1196
1151 1152
1151 1196
1151 1197
1152 1153
1152 1197
1152 1198
1153 1154
1153 1197
1153 1198
1153 1199
1154 1155
1154 1198
1154 1199
1154 1200
1155 1199
1155 1200
1156 1201
1157 1158
1157 1202
1157 1203
1158 1159
1158 1202
1158 1203
1158 1204
1159 1160
1159 1203
1159 1204
1159 1205
1160 1204
1160 1205
1161 1162
1161 1206
1161 1207
1162 1163
1162 1206
1162 1207
1162 1208
1163 1164
1163 1207
1163 1208
1163 1209
1164 1165
1164 1208
1164 1209
1164 1210
1165 1166
1165 1209
1165 1210
1165 1211
1166 1167
1166 1210
1166 1211
1167 1168
1167 1211
1168 1169
1168 1212
1169 1170
1169 1212
1169 1213
1170 1171
1170 1212
1170 1213
1170 1214
1171 1172
1171 1213
1171 1214
1171 1215
1172 1173
1172 1214
1172 1215
1172 1216
1173 1174
1173 1215
1173 1216
1174 1175
1174 1216
1174 1217
1175 1176
1175 1217
1175 1218
1176 1177
1176 1217
1176 1218
1176 1219
1177 1178
1177 1218
1177 1219
1177 1220
1178 1219
1178 1220
1178 1221
1179 1180
1179 1221
1179 1222
1179 1223
1180 1181
1180 1222
1180 1223
1180 1224
1181 1182
1181 1223
1181 1224
1181 1225
1182 1183
1182 1224
1182 1225
1182 1226
1183 1184
1183 1225
1183 1226
1183 1227
1184 1185
1184 1226
1184 1227
1184 1228
1185 1186
1185 1227
1185 1228
1185 1229
1186 1187
1186 1228
1186 1229
1186 1230
1187 1229
1187 1230
1188 1189
1188 1231
1188 1232
1189 1190
1189 1231
1189 1232
1189 1233
1190 1191
1190 1232
1190 1233
1191 1192
1191 1233
1191 1234
1192 1193
1192 1234
1192 1235
1193 1194
1193 1234
1193 1235
1193 1236
1194 1195
1194 1235
1194 1236
1194 1237
1195 1196
1195 1236
1195 1237
1195 1238
1196 1237
1196 1238
1197 1198
1197 1239
1197 1240
1198 1199
1198 1239
1198 1240
1198 1241
1199 1200
1199 1240
1199 1241
1199 1242
1200 1241
1200 1242
1200 1243
1201 1243
1201 1244
1201 1245
1202 1203
1202 1245
1202 1246
1202 1247
1203 1204
1203 1246
1203 1247
1203 1248
1204 1205
1204 1247
1204 1248
1205 1248
1206 1207
1206 1249
1206 1250
1207 1208
1207 1249
1207 1250
1207 1251
1208 1209
1208 1250
1208 1251
1209 1210
1209 1251
1209 1252
1210 1211
1210 1252
1210 1253
1211 1252
1211 1253
1212 1213
1212 1254
1212 1255
1212 1256
1213 1214
1213 1255
1213 1256
1213 1257
1214 1215
1214 1256
1214 1257
1214 1258
1215 1216
1215 1257
1215 1258
1215 1259
1216 1258
1216 1259
1217 1218
1217 1260
1217 1261
1218 1219
1218 1260
1218 1261
1218 1262
1219 1220
1219 1261
1219 1262
1219 1263
1220 1221
1220 1262
1220 1263
1220 1264
1221 1222
1221 1263
1221 1264
1221 1265
1222 1223
1222 1264
1222 1265
1222 1266
1223 1224
1223 1265
1223 1266
1224 1225
1224 1266
1224 1267
1225 1226
1225 1267
1226 1227
1226 1267
1227 1228
1227 1268
1228 1229
1228 1268
1228 1269
1229 1230
1229 1268
1229 1269
1230 1269
1230 1270
1231 1232
1231 1270
1231 1271
1232 1233
1232 1271
1232 1272
1233 1272
1233 1273
1234 1235
1234 1273
1234 1274
1235 1236
1235 1274
1235 1275
1236 1237
1236 1275
1236 1276
1237 1238
1237 1275
1237 1276
1237 1277
1238 1276
1238 1277
1239 1240
1239 1278
1240 1241
1240 1278
1240 1279
1241 1242
1241 1279
1241 1280
1242 1243
1242 1279
1242 1280
1243 1244
1243 1280
1243 1281
1244 1245
1244 1281
1244 1282
1245 1246
1245 1281
1245 1282
1245 1283
1246 1247
1246 1282
1246 1283
1246 1284
1247 1248
1247 1283
1247 1284
1247 1285
1248 1284
1248 1285
1249 1250
1249 1286
1249 1287
1250 1251
1250 1286
1250 1287
1250 1288
1251 1287
1251 1288
1251 1289
1252 1253
1252 1289
1252 1290
1252 1291
1253 1290
1253 1291
1253 1292
1254 1255
1254 1292
1254 1293
1254 1294
1255 1256
1255 1293
1255 1294
1255 1295
1256 1257
1256 1294
1256 1295
1256 1296
1257 1258
1257 1295
1257 1296
1257 1297
1258 1259
1258 1296
1258 1297
1258 1298
1259 1297
1259 1298
1259 1299
1260 1261
1260 1299
1260 1300
1261 1262
1261 1300
1261 1301
1262 1263
1262 1301
1262 1302
1263 1264
1263 1301
1263 1302
1263 1303
1264 1265
1264 1302
1264 1303
1264 1304
1265 1266
1265 1303
1265 1304
1265 1305
1266 1304
1266 1305
1266 1306
1267 1306
1267 1307
1268 1269
1268 1308
1269 1309
1270 1271
1270 1309
1270 1310
1270 1311
1271 1310
1271 1311
1271 1312
1272 1273
1272 1312
1272 1313
1273 1274
1273 1313
1274 1314
1275 1276
1275 1314
1275 1315
1276 1277
1276 1315
1276 1316
1277 1316
1278 1317
1278 1318
1279 1280
1279 1318
1279 1319
1279 1320
1280 1319
1280 1320
1280 1321
1281 1282
1281 1321
1281 1322
1281 1323
1282 1283
1282 1322
1282 1323
1283 1284
1283 1323
1283 1324
1284 1285
1284 1324
1284 1325
1285 1324
1285 1325
1285 1326
1286 1287
1286 1327
1287 1288
1287 1327
1287 1328
1288 1289
1288 1327
1288 1328
1288 1329
1289 1290
1289 1328
1289 1329
1290 1291
1290 1329
1290 1330
1291 1292
1291 1330
1291 1331
1292 1293
1292 1330
1292 1331
1292 1332
1293 1294
1293 1331
1293 1332
1293 1333
1294 1295
1294 1332
1294 1333
1294 1334
1295 1296
1295 1333
1295 1334
1295 1335
1296 1297
1296 1334
1296 1335
1296 1336
1297 1298
1297 1335
1297 1336
1297 1337
1298 1299
1298 1336
1298 1337
1298 1338
1299 1300
1299 1337
1299 1338
1299 1339
1300 1338
1300 1339
1300 1340
1301 1302
1301 1340
1301 1341
1301 1342
1302 1303
1302 1341
1302 1342
1302 1343
1303 1304
1303 1342
1303 1343
1303 1344
1304 1305
1304 1343
1304 1344
1304 1345
1305 1306
1305 1344
1305 1345
1305 1346
1306 1307
1306 1345
1306 1346
1307 1346
1307 1347
1308 1347
1308 1348
1308 1349
1309 1310
1309 1350
1309 1351
1309 1352
1310 1311
1310 1351
1310 1352
1310 1353
1311 1312
1311 1352
1311 1353
1312 1313
1312 1353
1312 1354
1313 1354
1313 1355
1314 1315
1314 1356
1314 1357
1314 1358
1315 1357
1315 1358
1315 1359
1316 1359
1316 1360
1317 1318
1317 1361
1317 1362
1318 1319
1318 1361
1318 1362
1318 1363
1319 1320
1319 1362
1319 1363
1320 1321
1320 1363
1321 1322
1321 1364
1322 1323
1322 1364
1322 1365
1323 1364
1323 1365
1323 1366
1324 1325
1324 1366
1324 1367
1325 1326
1325 1367
1325 1368
1326 1368
1327 1328
1327 1369
1327 1370
1327 1371
1328 1329
1328 1370
1328 1371
1328 1372
1329 1371
1329 1372
1329 1373
1330 1331
1330 1373
1330 1374
1330 1375
1331 1332
1331 1374
1331 1375
1331 1376
1332 1333
1332 1375
1332 1376
1332 1377
1333 1334
1333 1376
1333 1377
1333 1378
1334 1335
1334 1377
1334 1378
1334 1379
1335 1336
1335 1378
1335 1379
1336 1337
1336 1379
1336 1380
1337 1338
1337 1380
1337 1381
1338 1339
1338 1380
1338 1381
1338 1382
1339 1340
1339 1381
1339 1382
1339 1383
1340 1341
1340 1382
1340 1383
1340 1384
1341 1342
1341 1383
1341 1384
1341 1385
1342 1343
1342 1384
1342 1385
1342 1386
1343 1344
1343 1385
1343 1386
1343 1387
1344 1345
1344 1386
1344 1387
1344 1388
1345 1346
1345 1387
1345 1388
1345 1389
1346 1388
1346 1389
1346 1390
1347 1348
1347 1390
1347 1391
1347 1392
1348 1349
1348 1391
1348 1392
1349 1350
1349 1392
1349 1393
1350 1351
1350 1393
1350 1394
1351 1352
1351 1393
1351 1394
1351 1395
1352 1353
1352 1394
1352 1395
1352 1396
1353 1395
1353 1396
1353 1397
1354 1355
1354 1397
1354 1398
1354 1399
1355 1356
1355 1398
1355 1399
1355 1400
1356 1357
1356 1399
1356 1400
1356 1401
1357 1358
1357 1400
1357 1401
1357 1402
1358 1359
1358 1401
1358 1402
1358 1403
1359 1360
1359 1402
1359 1403
1359 1404
1360 1403
1360 1404
1360 1405
1361 1362
1361 1405
1361 1406
1362 1363
1362 1406
1362 1407
1363 1406
1363 1407
1364 1365
1364 1408
1364 1409
1365 1366
1365 1409
1366 1367
1366 1410
1367 1410
1367 1411
1368 1411
1368 1412
1369 1370
1369 1413
1369 1414
1370 1371
1370 1413
1370 1414
1370 1415
1371 1372
1371 1414
1371 1415
1372 1373
1372 1415
1372 1416
1373 1374
1373 1416
1374 1375
1374 1416
1374 1417
1375 1376
1375 1417
1375 1418
1376 1377
1376 1417
1376 1418
1376 1419
1377 1378
1377 1418
1377 1419
1377 1420
1378 1379
1378 1419
1378 1420
1378 1421
1379 1420
1379 1421
1379 1422
1380 1381
1380 1422
1380 1423
1380 1424
1381 1382
1381 1423
1381 1424
1382 1383
1382 1424
1382 1425
1383 1384
1383 1425
1384 1385
1384 1425
1384 1426
1385 1386
1385 1426
1385 1427
1386 1387
1386 1426
1386 1427
1386 1428
1387 1388
1387 1427
1387 1428
1388 1389
1388 1428
1388 1429
1389 1390
1389 1429
1389 1430
1390 1391
1390 1429
1390 1430
1390 1431
1391 1392
1391 1430
1391 1431
1391 1432
1392 1431
1392 1432
1393 1394
1393 1433
1393 1434
1394 1395
1394 1433
1394 1434
1394 1435
1395 1396
1395 1434
1395 1435
1395 1436
1396 1397
1396 1435
1396 1436
1397 1398
1397 1436
1397 1437
1398 1399
1398 1437
1399 1400
1399 1437
1399 1438
1400 1401
1400 1438
1401 1402
1401 1438
1401 1439
1402 1403
1402 1439
1403 1404
1403 1439
1403 1440
1404 1405
1404 1440
1404 1441
1405 1440
1405 1441
1405 1442
1406 1407
1406 1442
1406 1443
1407 1443
1407 1444
1408 1409
1408 1444
1409 1445
1410 1411
1410 1446
1410 1447
1410 1448
1411 1412
1411 1447
1411 1448
1412 1448
1413 1414
1413 1449
1413 1450
1414 1415
1414 1449
1414 1450
1414 1451
1415 1450
1415 1451
1415 1452
1416 1452
1416 1453
1417 1418
1417 1454
1418 1419
1418 1454
1418 1455
1419 1420
1419 1455
1419 1456
1420 1421
1420 1455
1420 1456
1420 1457
1421 1422
1421 1456
1421 1457
1421 1458
1422 1423
1422 1457
1422 1458
1422 1459
1423 1424
1423 1458
1423 1459
1424 1459
1424 1460
1425 1460
1425 1461
1425 1462
1426 1427
1426 1462
1426 1463
1426 1464
1427 1428
1427 1463
1427 1464
1427 1465
1428 1464
1428 1465
1428 1466
1429 1430
1429 1466
1429 1467
1429 1468
1430 1431
1430 1467
1430 1468
1431 1432
1431 1468
1431 1469
1432 1469
1432 1470
1433 1434
1433 1470
1433 1471
1433 1472
1434 1435
1434 1471
1434 1472
1434 1473
1435 1436
1435 1472
1435 1473
1435 1474
1436 1473
1436 1474
1436 1475
1437 1475
1437 1476
1437 1477
1438 1477
1438 1478
1438 1479
1439 1479
1439 1480
1439 1481
1440 1441
1440 1481
1440 1482
1441 1442
1441 1482
1442 1482
1442 1483
1443 1444
1443 1483
1443 1484
1444 1484
1444 1485
1445 1446
1445 1486
1445 1487
1446 1447
1446 1487
1446 1488
1447 1448
1447 1488
1447 1489
1448 1488
1448 1489
1448 1490
1449 1450
1449 1491
1450 1451
1450 1491
1451 1452
1451 1492
1452 1453
1452 1492
1452 1493
1453 1492
1453 1493
1454 1494
1455 1456
1455 1494
1455 1495
1456 1457
1456 1495
1456 1496
1457 1458
1457 1496
1457 1497
1458 1459
1458 1496
1458 1497
1458 1498
1459 1497
1459 1498
1459 1499
1460 1461
1460 1499
1460 1500
1461 1462
1461 1500
1461 1501
1462 1463
1462 1501
1462 1502
1463 1464
1463 1501
1463 1502
1463 1503
1464 1465
1464 1502
1464 1503
1465 1466
1465 1503
1465 1504
1466 1467
1466 1504
1466 1505
1467 1468
1467 1504
1467 1505
1467 1506
1468 1505
1468 1506
1468 1507
1469 1470
1469 1507
1469 1508
1469 1509
1470 1471
1470 1508
1470 1509
1470 1510
1471 1472
1471 1509
1471 1510
1471 1511
1472 1473
1472 1510
1472 1511
1473 1474
1473 1511
1473 1512
1474 1475
1474 1512
1474 1513
1475 1476
1475 1512
1475 1513
1475 1514
1476 1477
1476 1513
1476 1514
1476 1515
1477 1478
1477 1514
1477 1515
1477 1516
1478 1479
1478 1515
1478 1516
1478 1517
1479 1480
1479 1516
1479 1517
1479 1518
1480 1481
1480 1517
1480 1518
1481 1518
1482 1519
1483 1519
1483 1520
1483 1521
1484 1485
1484 1521
1484 1522
1484 1523
1485 1486
1485 1522
1485 1523
1486 1487
1486 1523
1486 1524
1487 1524
1487 1525
1488 1489
1488 1525
1488 1526
1488 1527
1489 1490
1489 1526
1489 1527
1490 1527
1491 1528
1491 1529
1492 1493
1492 1530
1492 1531
1492 1532
1493 1531
1493 1532
1493 1533
1494 1495
1494 1534
1494 1535
1495 1535
1495 1536
1496 1497
1496 1536
1496 1537
1497 1498
1497 1537
1498 1499
1499 1500
1499 1538
1500 1538
1500 1539
1501 1502
1501 1539
1501 1540
1502 1503
1502 1540
1502 1541
1503 1540
1503 1541
1503 1542
1504 1505
1504 1542
1504 1543
1504 1544
1505 1506
1505 1543
1505 1544
1505 1545
1506 1507
1506 1544
1506 1545
1506 1546
1507 1508
1507 1545
1507 1546
1507 1547
1508 1509
1508 1546
1508 1547
1509 1510
1509 1547
1509 1548
1510 1511
1510 1548
1510 1549
1511 1548
1511 1549
1511 1550
1512 1513
1512 1550
1512 1551
1513 1514
1513 1551
1513 1552
1514 1515
1514 1552
1514 1553
1515 1516
1515 1552
1515 1553
1516 1517
1516 1553
1517 1518
1517 1554
1518 1554
1518 1555
1519 1520
1519 1556
1519 1557
1519 1558
1520 1521
1520 1557
1520 1558
1520 1559
1521 1522
1521 1558
1521 1559
1521 1560
1522 1523
1522 1559
1522 1560
1522 1561
1523 1560
1523 1561
1524 1525
1524 1562
1524 1563
1525 1526
1525 1562
1525 1563
1525 1564
1526 1527
1526 1563
1526 1564
1526 1565
1527 1564
1527 1565
1527 1566
1528 1529
1528 1567
1529 1530
1529 1567
1529 1568
1530 1531
1530 1567
1530 1568
1530 1569
1531 1532
1531 1568
1531 1569
1532 1533
1532 1569
1532 1570
1533 1534
1533 1570
1533 1571
1534 1535
1534 1570
1534 1571
1534 1572
1535 1571
1535 1572
1535 1573
1536 1537
1536 1573
1536 1574
1536 1575
1537 1574
1537 1575
1537 1576
1538 1539
1538 1578
1538 1579
1538 1580
1539 1579
1539 1580
1540 1541
1540 1581
1540 1582
1541 1542
1541 1581
1541 1582
1541 1583
1542 1543
1542 1582
1542 1583
1542 1584
1543 1544
1543 1583
1543 1584
1543 1585
1544 1545
1544 1584
1544 1585
1545 1546
1545 1585
1545 1586
1546 1547
1546 1586
1546 1587
1547 1586
1547 1587
1547 1588
1548 1549
1548 1588
1548 1589
1548 1590
1549 1550
1549 1589
1549 1590
1549 1591
1550 1551
1550 1590
1550 1591
1550 1592
1551 1591
1551 1592
1552 1553
1552 1593
1553 1593
1553 1594
1554 1555
1554 1595
1554 1596
1554 1597
1555 1596
1555 1597
1555 1598
1556 1557
1556 1598
1556 1599
1557 1558
1557 1599
1558 1559
1558 1599
1559 1560
1559 1600
1560 1561
1560 1600
1560 1601
1561 1600
1561 1601
1561 1602
1562 1563
1562 1602
1562 1603
1563 1564
1563 1603
1564 1565
1564 1604
1565 1566
1565 1604
1565 1605
1566 1604
1566 1605
1567 1568
1567 1606
1568 1569
1568 1606
1568 1607
1569 1607
1569 1608
1570 1571
1570 1608
1570 1609
1570 1610
1571 1572
1571 1609
1571 1610
1571 1611
1572 1573
1572 1610
1572 1611
1572 1612
1573 1574
1573 1611
1573 1612
1573 1613
1574 1575
1574 1612
1574 1613
1574 1614
1575 1576
1575 1613
1575 1614
1575 1615
1576 1577
1576 1614
1576 1615
1577 1578
1577 1615
1577 1616
1578 1579
1578 1616
1578 1617
1579 1580
1579 1616
1579 1617
1579 1618
1580 1617
1580 1618
1580 1619
1581 1582
1581 1619
1581 1620
1581 1621
1582 1583
1582 1620
1582 1621
1582 1622
1583 1584
1583 1621
1583 1622
1583 1623
1584 1585
1584 1622
1584 1623
1585 1623
1585 1624
1586 1587
1586 1624
1586 1625
1586 1626
1587 1588
1587 1625
1587 1626
1587 1627
1588 1589
1588 1626
1588 1627
1588 1628
1589 1590
1589 1627
1589 1628
1589 1629
1590 1591
1590 1628
1590 1629
1590 1630
1591 1592
1591 1629
1591 1630
1591 1631
1592 1630
1592 1631
1592 1632
1593 1632
1593 1633
1594 1595
1594 1634
1595 1596
1595 1634
1595 1635
1596 1597
1596 1635
1596 1636
1597 1598
1597 1635
1597 1636
1597 1637
1598 1636
1598 1637
1600 1601
1600 1638
1600 1639
1600 1640
1601 1602
1601 1639
1601 1640
1601 1641
1602 1603
1602 1640
1602 1641
1602 1642
1603 1641
1603 1642
1603 1643
1604 1605
1604 1644
1604 1645
1605 1645
1606 1646
1607 1608
1607 1646
1607 1647
1608 1609
1608 1647
1609 1610
1609 1647
1609 1648
1610 1611
1610 1648
1610 1649
1611 1612
1611 1648
1611 1649
1611 1650
1612 1613
1612 1649
1612 1650
1612 1651
1613 1614
1613 1650
1613 1651
1614 1615
1614 1651
1616 1617
1616 1652
1616 1653
1617 1618
1617 1652
1617 1653
1618 1619
1618 1653
1618 1654
1619 1620
1619 1654
1619 1655
1620 1621
1620 1654
1620 1655
1620 1656
1621 1622
1621 1655
1621 1656
1621 1657
1622 1623
1622 1656
1622 1657
1622 1658
1623 1657
1623 1658
1624 1625
1624 1659
1625 1626
1625 1659
1625 1660
1626 1627
1626 1659
1626 1660
1626 1661
1627 1628
1627 1660
1627 1661
1627 1662
1628 1629
1628 1661
1628 1662
1629 1630
1629 1662
1630 1631
1631 1632
1631 1663
1632 1633
1632 1663
1632 1664
1633 1663
1633 1664
1633 1665
1634 1665
1634 1666
1635 1636
1635 1666
1635 1667
1635 1668
1636 1637
1636 1667
1636 1668
1637 1668
1637 1669
1638 1639
1638 1671
1638 1672
1639 1640
1639 1672
1639 1673
1640 1641
1640 1673
1641 1642
1641 1673
1641 1674
1642 1643
1642 1674
1642 1675
1643 1644
1643 1674
1643 1675
1644 1645
1644 1675
1646 1677
1646 1678
1646 1679
1647 1679
1647 1680
1647 1681
1648 1649
1648 1681
1649 1650
1649 1682
1650 1651
1650 1682
1650 1683
1651 1682
1651 1683
1651 1684
1652 1653
1652 1686
1652 1687
1652 1688
1653 1687
1653 1688
1654 1655
1654 1689
1654 1690
1655 1656
1655 1689
1655 1690
1655 1691
1656 1657
1656 1690
1656 1691
1657 1658
1657 1691
1658 1692
1659 1660
1659 1693
1659 1694
1659 1695
1660 1661
1660 1694
1660 1695
1660 1696
1661 1662
1661 1695
1661 1696
1661 1697
1662 1696
1662 1697
1662 1698
1663 1664
1663 1700
1663 1701
1663 1702
1664 1665
1664 1701
1664 1702
1664 1703
1665 1702
1665 1703
1666 1667
1666 1704
1666 1705
1667 1668
1667 1704
1667 1705
1667 1706
1668 1705
1668 1706
1668 1707
1669 1670
1669 1707
1669 1708
1669 1709
1670 1671
1670 1708
1670 1709
1670 1710
1671 1672
1671 1709
1671 1710
1671 1711
1672 1710
1672 1711
1673 1712
1673 1713
1674 1675
1674 1713
1674 1714
1675 1714
1675 1715
1676 1677
1676 1718
1676 1719
1677 1678
1677 1718
1677 1719
1677 1720
1678 1679
1678 1719
1678 1720
1678 1721
1679 1680
1679 1720
1679 1721
1679 1722
1680 1681
1680 1721
1680 1722
1680 1723
1681 1722
1681 1723
1681 1724
1682 1683
1682 1725
1682 1726
1682 1727
1683 1684
1683 1726
1683 1727
1683 1728
1684 1685
1684 1727
1684 1728
1685 1686
1685 1728
1685 1729
1686 1687
1686 1729
1686 1730
1687 1688
1687 1729
1687 1730
1688 1730
1688 1731
1689 1690
1689 1731
1689 1732
1690 1691
1690 1732
1690 1733
1691 1732
1691 1733
1691 1734
1692 1693
1692 1735
1692 1736
1692 1737
1693 1694
1693 1736
1693 1737
1693 1738
1694 1695
1694 1737
1694 1738
1694 1739
1695 1696
1695 1738
1695 1739
1696 1697
1696 1739
1696 1740
1697 1698
1697 1740
1698 1699
1698 1740
1698 1741
1699 1700
1699 1741
1700 1701
1700 1741
1700 1742
1701 1702
1701 1742
1701 1743
1702 1703
1702 1742
1702 1743
1702 1744
1703 1743
1703 1744
1703 1745
1704 1705
1704 1745
1704 1746
1704 1747
1705 1706
1705 1746
1705 1747
1705 1748
1706 1707
1706 1747
1706 1748
1707 1708
1707 1748
1707 1749
1708 1709
1708 1749
1708 1750
1709 1710
1709 1749
1709 1750
1709 1751
1710 1711
1710 1750
1710 1751
1710 1752
1711 1751
1711 1752
1711 1753
1712 1713
1712 1753
1712 1754
1712 1755
1713 1754
1713 1755
1713 1756
1714 1715
1714 1756
1714 1757
1715 1716
1715 1757
1715 1758
1716 1717
1716 1757
1716 1758
1716 1759
1717 1758
1717 1759
1718 1719
1718 1760
1719 1720
1719 1760
1719 1761
1720 1721
1720 1761
1720 1762
1721 1722
1721 1761
1721 1762
1722 1723
1722 1762
1722 1763
1723 1724
1723 1763
1723 1764
1724 1725
1724 1763
1724 1764
1724 1765
1725 1726
1725 1764
1725 1765
1725 1766
1726 1727
1726 1765
1726 1766
1726 1767
1727 1728
1727 1766
1727 1767
1727 1768
1728 1767
1728 1768
1728 1769
1729 1730
1729 1769
1729 1770
1729 1771
1730 1770
1730 1771
1730 1772
1731 1772
1731 1773
1731 1774
1732 1733
1732 1774
1732 1775
1732 1776
1733 1734
1733 1775
1733 1776
1734 1735
1734 1776
1734 1777
1735 1736
1735 1777
1736 1737
1736 1777
1737 1738
1737 1778
1738 1739
1738 1778
1738 1779
1739 1778
1739 1779
1739 1780
1740 1780
1740 1781
1741 1781
1741 1782
1741 1783
1742 1743
1742 1783
1742 1784
1742 1785
1743 1744
1743 1784
1743 1785
1743 1786
1744 1745
1744 1785
1744 1786
1744 1787
1745 1746
1745 1786
1745 1787
1745 1788
1746 1747
1746 1787
1746 1788
1747 1748
1747 1788
1747 1789
1748 1789
1749 1750
1749 1790
1749 1791
1750 1751
1750 1790
1750 1791
1750 1792
1751 1752
1751 1791
1751 1792
1751 1793
1752 1753
1752 1792
1752 1793
1752 1794
1753 1754
1753 1793
1753 1794
1754 1755
1754 1794
1755 1756
1756 1795
1757 1758
1757 1795
1757 1796
1757 1797
1758 1759
1758 1796
1758 1797
1758 1798
1759 1797
1759 1798
1760 1799
1760 1800
1761 1762
1761 1800
1761 1801
1761 1802
1762 1801
1762 1802
1762 1803
1763 1764
1763 1803
1763 1804
1763 1805
1764 1765
1764 1804
1764 1805
1764 1806
1765 1766
1765 1805
1765 1806
1765 1807
1766 1767
1766 1806
1766 1807
1766 1808
1767 1768
1767 1807
1767 1808
1767 1809
1768 1769
1768 1808
1768 1809
1768 1810
1769 1770
1769 1809
1769 1810
1769 1811
1770 1771
1770 1810
1770 1811
1770 1812
1771 1772
1771 1811
1771 1812
1771 1813
1772 1773
1772 1812
1772 1813
1772 1814
1773 1774
1773 1813
1773 1814
1773 1815
1774 1775
1774 1814
1774 1815
1774 1816
1775 1776
1775 1815
1775 1816
1775 1817
1776 1816
1776 1817
1777 1818
1778 1779
1778 1819
1778 1820
1778 1821
1779 1780
1779 1820
1779 1821
1779 1822
1780 1821
1780 1822
1781 1782
1781 1823
1781 1824
1782 1783
1782 1823
1782 1824
1782 1825
1783 1784
1783 1824
1783 1825
1783 1826
1784 1785
1784 1825
1784 1826
1784 1827
1785 1786
1785 1826
1785 1827
1785 1828
1786 1787
1786 1827
1786 1828
1787 1788
1787 1828
1788 1829
1789 1829
1789 1830
1789 1831
1790 1791
1790 1831
1790 1832
1791 1792
1791 1832
1791 1833
1792 1793
1792 1832
1792 1833
1793 1794
1793 1833
1793 1834
1794 1834
1794 1835
1795 1796
1795 1837
1795 1838
1796 1797
1796 1837
1796 1838
1796 1839
1797 1798
1797 1838
1797 1839
1798 1839
1799 1800
1799 1840
1799 1841
1800 1801
1800 1840
1800 1841
1800 1842
1801 1802
1801 1841
1801 1842
1801 1843
1802 1803
1802 1842
1802 1843
1803 1804
1803 1843
1803 1844
1804 1805
1804 1844
1804 1845
1805 1806
1805 1844
1805 1845
1806 1807
1806 1845
1807 1808
1807 1846
1808 1809
1808 1846
1809 1810
1809 1846
1810 1811
1810 1847
1811 1812
1811 1847
1811 1848
1812 1813
1812 1847
1812 1848
1813 1814
1813 1848
1813 1849
1814 1815
1814 1849
1814 1850
1815 1816
1815 1849
1815 1850
1815 1851
1816 1817
1816 1850
1816 1851
1816 1852
1817 1851
1817 1852
1817 1853
1818 1853
1818 1854
1818 1855
1819 1820
1819 1855
1819 1856
1819 1857
1820 1821
1820 1856
1820 1857
1820 1858
1821 1822
1821 1857
1821 1858
1822 1858
1822 1859
1823 1824
1823 1859
1823 1860
1824 1825
1824 1860
1825 1826
1826 1827
1826 1861
1827 1828
1827 1861
1827 1862
1828 1861
1828 1862
1828 1863
1829 1830
1829 1864
1829 1865
1830 1831
1830 1864
1830 1865
1830 1866
1831 1865
1831 1866
1831 1867
1832 1833
1832 1867
1832 1868
1833 1868
1833 1869
1834 1835
1834 1869
1834 1870
1835 1836
1835 1870
1835 1871
1836 1871
1836 1872
1837 1838
1837 1872
1837 1873
1837 1874
1838 1839
1838 1873
1838 1874
1838 1875
1839 1874
1839 1875
1839 1876
1840 1841
1840 1877
1840 1878
1841 1842
1841 1877
1841 1878
1841 1879
1842 1843
1842 1878
1842 1879
1842 1880
1843 1879
1843 1880
1843 1881
1844 1845
1844 1881
1844 1882
1845 1882
1845 1883
1846 1884
1846 1885
1847 1848
1847 1886
1847 1887
1847 1888
1848 1887
1848 1888
1848 1889
1849 1850
1849 1889
1849 1890
1850 1851
1850 1890
1850 1891
1851 1852
1851 1891
1851 1892
1852 1853
1852 1891
1852 1892
1852 1893
1853 1854
1853 1892
1853 1893
1853 1894
1854 1855
1854 1893
1854 1894
1854 1895
1855 1856
1855 1894
1855 1895
1855 1896
1856 1857
1856 1895
1856 1896
1856 1897
1857 1858
1857 1896
1857 1897
1857 1898
1858 1897
1858 1898
1859 1860
1859 1899
1859 1900
1860 1899
1860 1900
1860 1901
1861 1862
1861 1903
1862 1863
1862 1903
1862 1904
1863 1904
1864 1865
1864 1905
1864 1906
1865 1866
1865 1905
1865 1906
1866 1867
1866 1906
1866 1907
1867 1907
1867 1908
1868 1869
1868 1908
1868 1909
1869 1870
1869 1909
1869 1910
1870 1910
1870 1911
1871 1872
1871 1911
1871 1912
1871 1913
1872 1873
1872 1912
1872 1913
1872 1914
1873 1874
1873 1913
1873 1914
1873 1915
1874 1875
1874 1914
1874 1915
1875 1876
1875 1915
1877 1878
1877 1916
1877 1917
1878 1879
1878 1916
1878 1917
1878 1918
1879 1880
1879 1917
1879 1918
1880 1881
1880 1918
1881 1919
1882 1883
1882 1919
1882 1920
1882 1921
1883 1884
1883 1920
1883 1921
1883 1922
1884 1885
1884 1921
1884 1922
1884 1923
1885 1922
1885 1923
1885 1924
1886 1887
1886 1924
1886 1925
1886 1926
1887 1888
1887 1925
1887 1926
1887 1927
1888 1889
1888 1926
1888 1927
1888 1928
1889 1890
1889 1927
1889 1928
1889 1929
1890 1928
1890 1929
1891 1892
1891 1930
1892 1893
1892 1930
1892 1931
1893 1894
1893 1930
1893 1931
1893 1932
1894 1895
1894 1931
1894 1932
1894 1933
1895 1896
1895 1932
1895 1933
1896 1897
1896 1933
1896 1934
1897 1898
1897 1934
1897 1935
1898 1934
1898 1935
1899 1900
1899 1936
1899 1937
1900 1901
1900 1936
1900 1937
1900 1938
1901 1902
1901 1937
1901 1938
1902 1938
1903 1939
1904 1939
1904 1940
1904 1941
1905 1906
1905 1941
1905 1942
1906 1942
1906 1943
1907 1908
1907 1943
1907 1944
1907 1945
1908 1909
1908 1944
1908 1945
1908 1946
1909 1945
1909 1946
1909 1947
1910 1911
1910 1947
1910 1948
1910 1949
1911 1912
1911 1948
1911 1949
1911 1950
1912 1913
1912 1949
1912 1950
1912 1951
1913 1914
1913 1950
1913 1951
1913 1952
1914 1915
1914 1951
1914 1952
1914 1953
1915 1952
1915 1953
1915 1954
1916 1917
1916 1956
1916 1957
1917 1918
1917 1956
1917 1957
1917 1958
1918 1957
1918 1958
1918 1959
1919 1920
1919 1960
1919 1961
1919 1962
1920 1921
1920 1961
1920 1962
1920 1963
1921 1922
1921 1962
1921 1963
1921 1964
1922 1923
1922 1963
1922 1964
1922 1965
1923 1924
1923 1964
1923 1965
1923 1966
1924 1925
1924 1965
1924 1966
1924 1967
1925 1926
1925 1966
1925 1967
1925 1968
1926 1927
1926 1967
1926 1968
1926 1969
1927 1928
1927 1968
1927 1969
1928 1929
1928 1969
1928 1970
1929 1970
1929 1971
1930 1931
1930 1972
1930 1973
1930 1974
1931 1932
1931 1973
1931 1974
1931 1975
1932 1933
1932 1974
1932 1975
1932 1976
1933 1975
1933 1976
1933 1977
1934 1935
1934 1977
1934 1978
1934 1979
1935 1978
1935 1979
1935 1980
1936 1937
1936 1980
1936 1981
1936 1982
1937 1938
1937 1981
1937 1982
1938 1982
1938 1983
1939 1940
1939 1985
1939 1986
1939 1987
1940 1941
1940 1986
1940 1987
1941 1987
1941 1988
1942 1943
1942 1988
1942 1989
1942 1990
1943 1944
1943 1989
1943 1990
1943 1991
1944 1945
1944 1990
1944 1991
1944 1992
1945 1946
1945 1991
1945 1992
1946 1947
1946 1992
1947 1948
1947 1993
1948 1949
1948 1993
1949 1950
1949 1993
1949 1994
1950 1951
1950 1994
1950 1995
1951 1952
1951 1994
1951 1995
1951 1996
1952 1953
1952 1995
1952 1996
1952 1997
1953 1954
1953 1996
1953 1997
1953 1998
1954 1955
1954 1997
1954 1998
1954 1999
1955 1998
1955 1999
1956 1957
1957 1958
1958 1959
1959 1960
1960 1961
1961 1962
1962 1963
1963 1964
1964 1965
1965 1966
1966 1967
1967 1968
1968 1969
1970 1971
1971 1972
1972 1973
1973 1974
1974 1975
1975 1976
1976 1977
1977 1978
1978 1979
1979 1980
1980 1981
1981 1982
1983 1984
1984 1985
1985 1986
1986 1987
1988 1989
1989 1990
1990 1991
1991 1992
1994 1995
1995 1996
1996 1997
1997 1998
1998 1999
