# FromNodeId	ToNodeId
0 1
0 43
0 44
1 2
1 43
1 44
2 3
2 44
2 45
3 4
3 45
3 46
4 5
4 45
4 46
5 6
5 46
5 47
6 7
6 47
6 48
7 8
7 47
7 48
7 49
8 48
8 49
8 50
9 10
9 50
10 11
10 51
11 12
11 51
11 52
12 13
12 51
12 52
12 53
13 14
13 52
13 53
13 54
14 15
14 53
14 54
14 55
15 16
15 54
15 55
16 17
16 55
16 56
17 18
17 56
18 56
18 57
19 20
19 57
19 58
19 59
20 21
20 58
20 59
20 60
21 22
21 59
21 60
21 61
22 23
22 60
22 61
23 24
23 61
23 62
24 25
24 62
24 63
25 26
25 62
25 63
25 64
26 27
26 63
26 64
26 65
27 28
27 64
27 65
27 66
28 29
28 65
28 66
28 67
29 30
29 66
29 67
29 68
30 31
30 67
30 68
30 69
31 32
31 68
31 69
31 70
32 33
32 69
32 70
33 34
33 70
33 71
34 35
34 71
34 72
35 36
35 71
35 72
36 37
36 72
36 73
37 38
37 73
37 74
38 39
38 73
38 74
38 75
39 40
39 74
39 75
39 76
40 41
40 75
40 76
40 77
41 42
41 76
41 77
41 78
42 77
42 78
43 44
43 79
43 80
44 79
44 80
44 81
45 46
45 81
45 82
45 83
46 82
46 83
47 48
47 84
47 85
48 49
48 84
48 85
48 86
49 50
49 85
49 86
49 87
50 86
50 87
50 88
51 52
51 89
51 90
51 91
52 53
52 90
52 91
52 92
53 54
53 91
53 92
53 93
54 55
54 92
54 93
54 94
55 93
55 94
55 95
56 95
56 96
57 58
57 97
57 98
58 59
58 97
58 98
58 99
59 60
59 98
59 99
60 61
60 99
60 100
61 100
61 101
62 63
62 101
62 102
62 103
63 64
63 102
63 103
63 104
64 65
64 103
64 104
64 105
65 66
65 104
65 105
65 106
66 67
66 105
66 106
66 107
67 68
67 106
67 107
67 108
68 69
68 107
68 108
68 109
69 70
69 108
69 109
69 110
70 109
70 110
70 111
71 72
71 111
71 112
72 112
72 113
73 74
73 113
73 114
73 115
74 75
74 114
74 115
74 116
75 76
75 115
75 116
75 117
76 77
76 116
76 117
76 118
77 78
77 117
77 118
77 119
78 118
78 119
79 80
79 120
79 121
80 81
80 120
80 121
81 82
81 121
81 122
82 83
82 122
83 122
83 123
84 85
84 123
84 124
84 125
85 86
85 124
85 125
85 126
86 87
86 125
86 126
86 127
87 88
87 126
87 127
87 128
88 89
88 127
88 128
88 129
89 90
89 128
89 129
89 130
90 91
90 129
90 130
90 131
91 92
91 130
91 131
91 132
92 93
92 131
92 132
93 94
93 132
93 133
94 95
94 133
95 96
95 133
96 134
97 98
97 134
97 135
97 136
98 99
98 135
98 136
98 137
99 136
99 137
99 138
100 101
100 138
100 139
100 140
101 102
101 139
101 140
101 141
102 103
102 140
102 141
102 142
103 104
103 141
103 142
103 143
104 105
104 142
104 143
104 144
105 106
105 143
105 144
105 145
106 107
106 144
106 145
106 146
107 108
107 145
107 146
107 147
108 109
108 146
108 147
109 110
109 147
109 148
110 111
110 148
110 149
111 148
111 149
111 150
112 113
112 150
112 151
112 152
113 114
113 151
113 152
113 153
114 115
114 152
114 153
114 154
115 116
115 153
115 154
116 117
116 154
116 155
117 118
117 155
118 119
118 155
118 156
119 156
120 121
120 157
120 158
121 157
121 158
121 159
122 159
122 160
123 124
124 125
124 161
125 126
125 161
125 162
126 127
126 161
126 162
126 163
127 128
127 162
127 163
128 129
128 163
128 164
129 130
129 164
129 165
130 131
130 164
130 165
130 166
131 132
131 165
131 166
131 167
132 166
132 167
133 168
134 135
134 169
134 170
135 136
135 170
136 137
136 171
137 138
137 171
137 172
138 139
138 171
138 172
138 173
139 140
139 172
139 173
140 141
140 173
140 174
141 142
141 174
142 143
142 174
142 175
143 144
143 175
143 176
144 145
144 175
144 176
144 177
145 146
145 176
145 177
145 178
146 147
146 177
146 178
146 179
147 178
147 179
148 149
148 180
148 181
149 150
149 180
149 181
149 182
150 151
150 181
150 182
150 183
151 152
151 182
151 183
151 184
152 153
152 183
152 184
152 185
153 154
153 184
153 185
153 186
154 185
154 186
154 187
155 187
155 188
155 189
156 189
156 190
157 158
157 191
157 192
158 159
158 191
158 192
158 193
159 160
159 192
159 193
159 194
160 193
160 194
160 195
161 162
161 197
161 198
161 199
162 163
162 198
162 199
162 200
163 199
163 200
163 201
164 165
164 201
164 202
164 203
165 166
165 202
165 203
166 167
166 203
166 204
167 204
168 205
168 206
169 170
169 206
169 207
169 208
170 207
170 208
170 209
171 172
171 210
171 211
172 173
172 211
172 212
173 211
173 212
173 213
174 213
174 214
174 215
175 176
175 215
176 177
177 178
177 216
178 179
178 216
178 217
179 216
179 217
180 181
180 218
180 219
181 182
181 218
181 219
181 220
182 183
182 219
182 220
182 221
183 184
183 220
183 221
183 222
184 185
184 221
184 222
184 223
185 186
185 222
185 223
185 224
186 187
186 223
186 224
186 225
187 188
187 224
187 225
188 189
188 225
188 226
189 190
189 226
189 227
190 226
190 227
191 192
191 228
191 229
192 193
192 228
192 229
193 194
193 229
194 195
194 230
195 196
195 230
195 231
196 197
196 230
196 231
196 232
197 198
197 231
197 232
197 233
198 199
198 232
198 233
198 234
199 200
199 233
199 234
200 201
200 234
200 235
201 202
201 235
201 236
202 203
202 235
202 236
202 237
203 236
203 237
204 238
205 206
205 239
206 207
206 239
206 240
207 208
207 239
207 240
207 241
208 209
208 240
208 241
208 242
209 210
209 241
209 242
209 243
210 242
210 243
210 244
211 212
211 244
211 245
211 246
212 213
212 245
212 246
212 247
213 214
213 246
213 247
213 248
214 215
214 247
214 248
215 248
216 217
216 250
216 251
217 250
217 251
217 252
218 219
218 252
218 253
218 254
219 220
219 253
219 254
219 255
220 221
220 254
220 255
220 256
221 222
221 255
221 256
221 257
222 223
222 256
222 257
222 258
223 224
223 257
223 258
223 259
224 225
224 258
224 259
225 259
225 260
226 227
226 260
226 261
226 262
227 261
227 262
228 229
228 263
229 263
229 264
230 231
230 265
231 232
231 265
231 266
232 233
232 266
232 267
233 234
233 266
233 267
233 268
234 267
234 268
235 236
235 269
235 270
236 237
236 269
236 270
237 270
237 271
238 271
238 272
238 273
239 240
239 274
239 275
240 241
240 275
240 276
241 242
241 276
241 277
242 243
242 276
242 277
242 278
243 244
243 277
243 278
243 279
244 245
244 278
244 279
244 280
245 246
245 279
245 280
245 281
246 247
246 280
246 281
247 248
247 281
247 282
248 282
248 283
249 284
249 285
250 251
250 285
250 286
250 287
251 252
251 286
251 287
251 288
252 253
252 287
252 288
253 254
253 288
253 289
254 255
254 289
254 290
255 256
255 289
255 290
255 291
256 257
256 290
256 291
256 292
257 258
257 291
257 292
258 259
258 292
258 293
259 293
260 261
260 294
260 295
261 262
261 294
261 295
262 295
263 264
263 296
263 297
264 297
264 298
265 298
265 299
266 267
266 299
266 300
267 268
267 300
267 301
268 300
268 301
268 302
269 270
269 302
269 303
269 304
270 303
270 304
270 305
271 272
271 305
271 306
271 307
272 273
272 306
272 307
273 274
273 307
274 275
274 308
275 308
275 309
276 277
276 309
276 310
276 311
277 278
277 310
277 311
277 312
278 279
278 311
278 312
278 313
279 280
279 312
279 313
280 281
280 313
280 314
281 314
281 315
282 283
282 315
282 316
283 284
283 316
283 317
284 317
284 318
285 286
285 318
285 319
286 287
286 319
286 320
287 288
287 320
287 321
288 320
288 321
288 322
289 290
289 322
289 323
289 324
290 291
290 323
290 324
290 325
291 292
291 324
291 325
291 326
292 325
292 326
292 327
293 327
294 295
294 328
294 329
295 328
295 329
295 330
296 331
297 298
297 332
297 333
298 332
298 333
298 334
299 334
299 335
300 301
300 336
300 337
301 302
301 336
301 337
302 303
302 337
302 338
303 304
303 338
304 305
304 338
304 339
305 306
305 339
306 307
306 339
307 340
308 309
308 341
308 342
308 343
309 310
309 342
309 343
309 344
310 311
310 343
310 344
310 345
311 312
311 344
311 345
311 346
312 313
312 345
312 346
312 347
313 346
313 347
313 348
314 315
314 348
314 349
314 350
315 316
315 349
315 350
315 351
316 350
316 351
316 352
317 318
317 352
317 353
318 319
318 353
318 354
319 353
319 354
319 355
320 321
320 355
320 356
321 322
321 356
321 357
322 323
322 356
322 357
323 324
323 357
323 358
324 325
324 358
324 359
325 326
325 358
325 359
325 360
326 327
326 359
326 360
326 361
327 360
327 361
328 329
328 362
328 363
329 330
329 362
329 363
329 364
330 363
330 364
331 365
332 333
332 365
332 366
333 334
333 366
333 367
334 335
334 366
334 367
334 368
335 367
335 368
335 369
336 337
336 369
336 370
336 371
337 370
337 371
337 372
338 372
338 373
338 374
339 374
339 375
339 376
340 341
340 377
340 378
341 342
341 378
341 379
342 343
342 378
342 379
342 380
343 344
343 379
343 380
343 381
344 345
344 380
344 381
345 346
345 381
346 347
346 382
347 348
347 382
347 383
348 349
348 382
348 383
348 384
349 350
349 383
349 384
349 385
350 351
350 384
350 385
351 352
351 385
351 386
352 386
353 354
353 387
353 388
354 355
354 387
354 388
354 389
355 388
355 389
355 390
356 357
356 390
356 391
356 392
357 391
357 392
357 393
358 359
358 393
358 394
358 395
359 360
359 394
359 395
359 396
360 361
360 395
360 396
360 397
361 396
361 397
361 398
362 363
362 399
362 400
362 401
363 364
363 400
363 401
363 402
364 401
364 402
365 403
366 367
366 403
366 404
366 405
367 368
367 404
367 405
367 406
368 369
368 405
368 406
369 370
369 406
370 371
370 407
371 372
371 407
371 408
372 373
372 407
372 408
372 409
373 374
373 408
373 409
373 410
374 375
374 409
374 410
374 411
375 376
375 410
375 411
375 412
376 377
376 411
376 412
376 413
377 412
377 413
378 379
378 414
378 415
379 380
379 414
379 415
380 381
380 415
380 416
381 416
381 417
382 383
382 418
382 419
383 384
383 419
384 385
384 420
385 420
386 421
386 422
387 388
387 422
387 423
387 424
388 389
388 423
388 424
388 425
389 390
389 424
389 425
389 426
390 391
390 425
390 426
391 392
391 426
392 393
392 427
393 394
393 427
393 428
394 395
394 427
394 428
394 429
395 396
395 428
395 429
396 397
396 429
396 430
397 398
397 430
397 431
398 399
398 430
398 431
399 400
399 431
399 432
400 401
400 432
401 402
401 432
401 433
402 433
403 404
403 435
403 436
404 405
404 436
404 437
405 406
405 436
405 437
405 438
406 437
406 438
407 408
407 439
407 440
408 409
408 439
408 440
408 441
409 410
409 440
409 441
410 411
410 441
410 442
411 412
411 442
411 443
412 413
412 442
412 443
412 444
413 443
413 444
413 445
414 415
414 445
414 446
415 446
415 447
416 417
416 447
416 448
416 449
417 418
417 448
417 449
417 450
418 419
418 449
418 450
418 451
419 450
419 451
419 452
420 453
420 454
420 455
421 422
421 455
421 456
421 457
422 423
422 456
422 457
422 458
423 424
423 457
423 458
423 459
424 425
424 458
424 459
424 460
425 426
425 459
425 460
426 460
426 461
427 428
427 462
427 463
427 464
428 429
428 463
428 464
429 464
429 465
430 431
430 465
430 466
430 467
431 466
431 467
431 468
432 468
432 469
433 470
434 435
434 471
435 471
435 472
436 437
436 472
436 473
436 474
437 438
437 473
437 474
437 475
438 474
438 475
438 476
439 440
439 477
440 441
440 478
441 478
441 479
442 443
442 479
442 480
443 444
443 480
443 481
444 445
444 481
444 482
445 446
445 481
445 482
445 483
446 482
446 483
446 484
447 448
447 484
447 485
447 486
448 449
448 485
448 486
448 487
449 450
449 486
449 487
449 488
450 451
450 487
450 488
450 489
451 452
451 488
451 489
451 490
452 453
452 489
452 490
452 491
453 454
453 490
453 491
453 492
454 455
454 491
454 492
454 493
455 456
455 492
455 493
455 494
456 457
456 493
456 494
456 495
457 458
457 494
457 495
457 496
458 459
458 495
458 496
458 497
459 460
459 496
459 497
460 497
460 498
461 462
461 498
461 499
462 463
462 499
462 500
463 464
463 500
464 500
465 466
465 501
465 502
466 467
466 501
466 502
466 503
467 468
467 502
467 503
467 504
468 469
468 503
468 504
469 504
469 505
470 505
470 506
471 472
471 507
471 508
471 509
472 473
472 508
472 509
473 474
473 509
473 510
474 475
474 510
474 511
475 476
475 510
475 511
475 512
476 477
476 511
476 512
476 513
477 512
477 513
478 479
478 514
478 515
479 480
479 514
479 515
479 516
480 515
480 516
480 517
481 482
481 517
481 518
482 483
482 518
482 519
483 484
483 519
483 520
484 485
484 519
484 520
484 521
485 486
485 520
485 521
485 522
486 487
486 521
486 522
486 523
487 488
487 522
487 523
488 489
488 523
489 490
489 524
490 491
490 524
490 525
491 492
491 524
491 525
492 493
492 525
492 526
493 494
493 526
493 527
494 495
494 526
494 527
494 528
495 496
495 527
495 528
495 529
496 497
496 528
496 529
496 530
497 529
497 530
498 499
498 531
498 532
499 531
499 532
499 533
500 533
500 534
501 502
501 535
501 536
502 503
502 536
502 537
503 504
503 536
503 537
503 538
504 537
504 538
504 539
505 506
505 539
505 540
506 540
507 508
507 541
507 542
508 509
508 541
508 542
509 542
509 543
510 511
510 543
510 544
510 545
511 512
511 544
511 545
512 513
512 545
512 546
513 546
513 547
514 515
514 548
514 549
515 516
515 549
516 517
516 549
516 550
517 518
517 550
517 551
518 550
518 551
518 552
519 520
519 552
519 553
519 554
520 521
520 553
520 554
520 555
521 522
521 554
521 555
521 556
522 523
522 555
522 556
522 557
523 556
523 557
523 558
524 525
524 559
524 560
525 559
525 560
525 561
526 527
526 561
526 562
526 563
527 528
527 562
527 563
527 564
528 529
528 563
528 564
529 530
529 564
529 565
530 565
530 566
531 532
531 566
531 567
531 568
532 533
532 567
532 568
533 534
533 568
533 569
534 569
534 570
535 570
535 571
536 537
536 572
537 538
537 572
538 539
538 573
539 573
539 574
540 574
540 575
541 542
541 576
541 577
542 576
542 577
542 578
543 544
543 578
543 579
543 580
544 545
544 579
544 580
544 581
545 580
545 581
545 582
546 547
546 582
546 583
547 548
547 583
547 584
548 584
548 585
549 585
549 586
549 587
550 551
550 587
550 588
550 589
551 552
551 588
551 589
551 590
552 553
552 589
552 590
553 554
553 590
553 591
554 555
554 591
554 592
555 556
555 591
555 592
555 593
556 557
556 592
556 593
556 594
557 558
557 593
557 594
557 595
558 594
558 595
559 560
559 596
559 597
560 561
560 596
560 597
561 562
561 597
561 598
562 563
562 598
562 599
563 564
563 598
563 599
564 599
565 566
565 600
565 601
566 567
566 600
566 601
566 602
567 568
567 601
567 602
567 603
568 602
568 603
568 604
569 570
569 604
569 605
569 606
570 571
570 605
570 606
570 607
571 606
571 607
571 608
572 608
572 609
573 574
573 610
573 611
573 612
574 575
574 611
574 612
574 613
575 612
575 613
576 577
576 614
576 615
577 578
577 614
577 615
577 616
578 579
578 615
578 616
579 580
579 616
579 617
580 581
580 617
581 582
581 617
581 618
582 583
582 618
582 619
583 618
583 619
583 620
584 585
584 620
584 621
584 622
585 586
585 621
585 622
585 623
586 587
586 622
586 623
587 588
587 623
587 624
588 589
588 624
588 625
589 590
589 624
589 625
589 626
590 625
590 626
591 592
591 627
591 628
592 593
592 627
592 628
593 594
593 628
594 595
594 629
595 629
595 630
596 597
596 630
596 631
596 632
597 631
597 632
598 599
598 633
598 634
599 633
599 634
599 635
600 601
600 636
600 637
601 602
601 636
601 637
601 638
602 603
602 637
602 638
602 639
603 604
603 638
603 639
603 640
604 605
604 639
604 640
605 606
605 640
605 641
606 607
606 641
606 642
607 608
607 641
607 642
607 643
608 609
608 642
608 643
609 643
609 644
610 611
610 644
610 645
611 612
611 645
611 646
612 613
612 646
612 647
613 646
613 647
614 615
614 648
614 649
615 616
615 648
615 649
615 650
616 649
616 650
616 651
617 651
617 652
618 619
618 653
618 654
619 620
619 653
619 654
620 621
620 654
620 655
621 622
621 655
621 656
622 623
622 655
622 656
622 657
623 656
623 657
623 658
624 625
624 658
624 659
624 660
625 626
625 659
625 660
625 661
626 660
626 661
626 662
627 628
627 662
627 663
627 664
628 663
628 664
628 665
629 630
629 666
629 667
630 631
630 667
630 668
631 632
631 667
631 668
632 668
632 669
633 634
633 669
633 670
633 671
634 635
634 670
634 671
634 672
635 671
635 672
635 673
636 637
636 673
636 674
636 675
637 638
637 674
637 675
637 676
638 639
638 675
638 676
639 640
639 676
639 677
640 677
640 678
641 642
641 678
641 679
641 680
642 643
642 679
642 680
642 681
643 680
643 681
643 682
644 645
644 682
644 683
644 684
645 683
645 684
645 685
646 647
646 685
646 686
647 686
648 649
648 687
648 688
649 650
649 687
649 688
649 689
650 651
650 688
650 689
650 690
651 652
651 689
651 690
651 691
652 690
652 691
652 692
653 654
653 692
653 693
654 693
654 694
655 656
655 694
655 695
655 696
656 657
656 695
656 696
656 697
657 658
657 696
657 697
658 659
658 697
658 698
659 660
659 698
659 699
660 661
660 698
660 699
660 700
661 662
661 699
661 700
661 701
662 663
662 700
662 701
663 664
663 701
663 702
664 665
664 702
664 703
665 666
665 702
665 703
665 704
666 703
666 704
666 705
667 668
667 705
667 706
668 706
668 707
669 670
669 707
669 708
669 709
670 671
670 708
670 709
670 710
671 672
671 709
671 710
672 673
672 710
672 711
673 674
673 711
673 712
674 675
674 711
674 712
674 713
675 676
675 712
675 713
676 713
676 714
677 678
677 714
677 715
677 716
678 679
678 715
678 716
678 717
679 680
679 716
679 717
679 718
680 681
680 717
680 718
681 682
681 718
682 683
682 719
683 684
683 719
683 720
684 685
684 719
684 720
684 721
685 720
685 721
686 722
687 688
687 723
688 689
688 723
688 724
689 690
689 723
689 724
690 691
690 724
690 725
691 692
691 725
691 726
692 693
692 725
692 726
693 726
693 727
694 695
694 727
694 728
694 729
695 696
695 728
695 729
695 730
696 697
696 729
696 730
696 731
697 730
697 731
697 732
698 699
698 732
698 733
698 734
699 700
699 733
699 734
700 701
700 734
700 735
701 735
701 736
702 703
702 736
702 737
702 738
703 704
703 737
703 738
704 705
704 738
705 739
706 707
706 739
706 740
706 741
707 708
707 740
707 741
707 742
708 709
708 741
708 742
709 710
709 742
710 743
711 712
711 743
711 744
712 713
712 744
712 745
713 745
713 746
714 715
714 746
714 747
714 748
715 716
715 747
715 748
715 749
716 717
716 748
716 749
716 750
717 718
717 749
717 750
718 750
718 751
719 720
719 752
719 753
719 754
720 721
720 753
720 754
720 755
721 754
721 755
722 756
723 724
724 757
725 726
725 757
725 758
725 759
726 758
726 759
726 760
727 728
727 760
727 761
728 729
728 761
728 762
729 730
729 761
729 762
729 763
730 731
730 762
730 763
730 764
731 732
731 763
731 764
731 765
732 733
732 764
732 765
732 766
733 734
733 765
733 766
733 767
734 766
734 767
734 768
735 736
735 768
735 769
735 770
736 737
736 769
736 770
737 738
737 770
737 771
738 771
738 772
739 740
739 773
739 774
740 741
740 774
740 775
741 742
741 774
741 775
742 775
742 776
743 744
743 777
743 778
744 778
744 779
745 746
745 779
745 780
745 781
746 747
746 780
746 781
746 782
747 748
747 781
747 782
747 783
748 749
748 782
748 783
748 784
749 750
749 783
749 784
749 785
750 784
750 785
750 786
751 752
751 786
751 787
751 788
752 753
752 787
752 788
752 789
753 754
753 788
753 789
753 790
754 755
754 789
754 790
754 791
755 790
755 791
755 792
756 792
756 793
757 758
757 795
757 796
757 797
758 759
758 796
758 797
758 798
759 760
759 797
759 798
759 799
760 798
760 799
760 800
761 762
761 800
761 801
761 802
762 763
762 801
762 802
763 764
763 802
764 765
765 766
766 767
767 768
767 803
768 769
768 803
768 804
769 770
769 803
769 804
769 805
770 804
770 805
770 806
771 772
771 806
771 807
772 773
772 807
772 808
773 807
773 808
773 809
774 775
774 809
774 810
774 811
775 810
775 811
776 777
776 812
776 813
777 812
777 813
777 814
778 779
778 814
778 815
779 780
779 815
779 816
780 781
780 815
780 816
780 817
781 782
781 816
781 817
781 818
782 783
782 817
782 818
782 819
783 784
783 818
783 819
783 820
784 785
784 819
784 820
784 821
785 786
785 820
785 821
785 822
786 787
786 821
786 822
786 823
787 788
787 822
787 823
787 824
788 789
788 823
788 824
788 825
789 790
789 824
789 825
790 791
790 825
790 826
791 792
791 826
791 827
792 793
792 826
792 827
792 828
793 827
793 828
794 795
794 829
795 796
795 829
796 797
796 830
797 798
797 830
798 799
798 830
798 831
799 800
799 831
799 832
800 801
800 831
800 832
801 802
801 832
801 833
802 833
802 834
803 804
803 838
803 839
804 805
804 839
804 840
805 806
805 840
805 841
806 840
806 841
806 842
807 808
807 842
807 843
808 809
808 843
808 844
809 810
809 843
809 844
809 845
810 811
810 844
810 845
810 846
811 845
811 846
811 847
812 813
812 847
812 848
812 849
813 814
813 848
813 849
814 849
815 816
815 850
816 817
816 850
816 851
817 818
817 851
817 852
818 819
818 851
818 852
819 820
819 852
819 853
820 821
820 853
820 854
821 822
821 853
821 854
821 855
822 823
822 854
822 855
823 824
823 855
824 825
824 856
825 856
825 857
826 827
826 857
826 858
827 828
827 858
827 859
828 859
829 860
829 861
829 862
830 863
830 864
831 832
831 864
831 865
832 865
832 866
833 834
833 866
833 867
833 868
834 835
834 867
834 868
834 869
835 836
835 868
835 869
835 870
836 837
836 869
836 870
836 871
837 838
837 870
837 871
837 872
838 839
838 871
838 872
838 873
839 872
839 873
840 841
840 874
841 842
841 874
842 875
843 844
843 875
844 845
844 876
845 846
845 876
845 877
846 847
846 876
846 877
846 878
847 848
847 877
847 878
847 879
848 849
848 878
848 879
848 880
849 879
849 880
849 881
850 882
850 883
850 884
851 852
851 884
851 885
852 885
852 886
853 854
853 886
853 887
853 888
854 855
854 887
854 888
854 889
855 888
855 889
856 857
856 890
856 891
856 892
857 858
857 891
857 892
858 892
858 893
859 893
859 894
860 861
860 895
860 896
861 862
861 895
861 896
861 897
862 896
862 897
863 864
863 898
863 899
864 898
864 899
864 900
865 866
865 900
865 901
865 902
866 867
866 901
866 902
866 903
867 868
867 902
867 903
868 869
868 903
868 904
869 870
869 904
869 905
870 871
870 904
870 905
870 906
871 872
871 905
871 906
871 907
872 873
872 906
872 907
872 908
873 907
873 908
873 909
874 909
874 910
874 911
875 912
875 913
875 914
876 877
876 915
876 916
876 917
877 878
877 916
877 917
877 918
878 879
878 917
878 918
879 880
879 918
879 919
880 881
880 919
880 920
881 882
881 919
881 920
881 921
882 883
882 920
882 921
882 922
883 884
883 921
883 922
883 923
884 922
884 923
884 924
885 886
885 924
885 925
885 926
886 887
886 925
886 926
886 927
887 888
887 926
887 927
887 928
888 889
888 927
888 928
889 928
889 929
890 891
890 929
890 930
890 931
891 892
891 930
891 931
891 932
892 931
892 932
893 894
893 933
894 933
895 896
895 934
895 935
896 897
896 934
896 935
896 936
897 935
897 936
897 937
898 899
898 937
898 938
898 939
899 900
899 938
899 939
899 940
900 901
900 939
900 940
900 941
901 902
901 940
901 941
901 942
902 903
902 941
902 942
902 943
903 942
903 943
904 905
904 944
904 945
905 906
905 944
905 945
905 946
906 907
906 945
906 946
906 947
907 908
907 946
907 947
907 948
908 909
908 947
908 948
908 949
909 910
909 948
909 949
910 911
910 949
910 950
911 912
911 950
911 951
912 913
912 950
912 951
913 914
913 951
913 952
914 915
914 952
914 953
915 916
915 952
915 953
915 954
916 917
916 953
916 954
916 955
917 918
917 954
917 955
918 955
919 920
919 956
919 957
920 921
920 956
920 957
921 922
921 957
921 958
922 923
922 958
922 959
923 924
923 958
923 959
923 960
924 925
924 959
924 960
924 961
925 926
925 960
925 961
926 927
926 961
926 962
927 928
927 962
927 963
928 962
928 963
928 964
929 930
929 964
929 965
929 966
930 931
930 965
930 966
930 967
931 932
931 966
931 967
931 968
932 967
932 968
932 969
933 969
933 970
934 935
934 971
935 936
935 971
935 972
936 937
936 972
936 973
937 938
937 972
937 973
937 974
938 939
938 973
938 974
939 940
939 974
939 975
940 941
940 975
941 942
941 975
941 976
942 943
942 976
943 976
943 977
944 945
944 977
944 978
944 979
945 946
945 978
945 979
945 980
946 947
946 979
946 980
946 981
947 948
947 980
947 981
947 982
948 949
948 981
948 982
949 982
950 951
950 983
950 984
951 983
951 984
952 953
952 985
952 986
953 954
953 985
953 986
953 987
954 955
954 986
954 987
954 988
955 987
955 988
955 989
956 957
956 990
956 991
956 992
957 991
957 992
957 993
958 959
958 993
958 994
958 995
959 960
959 994
959 995
960 961
960 995
960 996
961 996
961 997
962 963
962 997
962 998
962 999
963 964
963 998
963 999
963 1000
964 965
964 999
964 1000
964 1001
965 966
965 1000
965 1001
965 1002
966 967
966 1001
966 1002
966 1003
967 968
967 1002
967 1003
967 1004
968 969
968 1003
968 1004
968 1005
969 970
969 1004
969 1005
970 1005
970 1006
971 1007
971 1008
972 973
972 1008
972 1009
972 1010
973 974
973 1009
973 1010
973 1011
974 1010
974 1011
974 1012
975 1012
975 1013
975 1014
976 1014
976 1015
976 1016
977 978
977 1016
977 1017
978 979
978 1017
978 1018
979 980
979 1018
979 1019
980 981
980 1018
980 1019
980 1020
981 982
981 1019
981 1020
981 1021
982 1020
982 1021
982 1022
983 984
983 1023
983 1024
983 1025
984 1024
984 1025
984 1026
985 986
985 1026
985 1027
986 987
986 1027
987 988
987 1027
987 1028
988 989
988 1028
988 1029
989 990
989 1028
989 1029
989 1030
990 991
990 1029
990 1030
990 1031
991 992
991 1030
991 1031
991 1032
992 993
992 1031
992 1032
992 1033
993 994
993 1032
993 1033
993 1034
994 995
994 1033
994 1034
995 1034
996 997
996 1035
996 1036
997 998
997 1035
997 1036
997 1037
998 999
998 1036
998 1037
998 1038
999 1000
999 1037
999 1038
999 1039
1000 1001
1000 1038
1000 1039
1001 1002
1001 1039
1001 1040
1002 1003
1002 1040
1002 1041
1003 1004
1003 1040
1003 1041
1003 1042
1004 1005
1004 1041
1004 1042
1004 1043
1005 1042
1005 1043
1005 1044
1006 1044
1006 1045
1007 1008
1007 1046
1007 1047
1008 1009
1008 1046
1008 1047
1008 1048
1009 1010
1009 1047
1009 1048
1009 1049
1010 1011
1010 1048
1010 1049
1010 1050
1011 1012
1011 1049
1011 1050
1011 1051
1012 1013
1012 1050
1012 1051
1012 1052
1013 1014
1013 1051
1013 1052
1013 1053
1014 1015
1014 1052
1014 1053
1014 1054
1015 1016
1015 1053
1015 1054
1015 1055
1016 1017
1016 1054
1016 1055
1016 1056
1017 1055
1017 1056
1017 1057
1018 1019
1018 1057
1018 1058
1018 1059
1019 1020
1019 1058
1019 1059
1019 1060
1020 1021
1020 1059
1020 1060
1020 1061
1021 1022
1021 1060
1021 1061
1021 1062
1022 1023
1022 1061
1022 1062
1022 1063
1023 1024
1023 1062
1023 1063
1024 1025
1024 1063
1024 1064
1025 1026
1025 1064
1025 1065
1026 1064
1026 1065
1026 1066
1027 1066
1027 1067
1027 1068
1028 1029
1028 1068
1029 1030
1029 1069
1030 1031
1030 1069
1030 1070
1031 1032
1031 1069
1031 1070
1032 1033
1032 1070
1032 1071
1033 1034
1033 1071
1034 1071
1034 1072
1035 1036
1035 1073
1035 1074
1036 1037
1036 1073
1036 1074
1036 1075
1037 1038
1037 1074
1037 1075
1037 1076
1038 1039
1038 1075
1038 1076
1038 1077
1039 1076
1039 1077
1039 1078
1040 1041
1040 1078
1040 1079
1040 1080
1041 1042
1041 1079
1041 1080
1042 1043
1042 1080
1043 1044
1044 1045
1046 1047
1046 1081
1046 1082
1047 1048
1047 1081
1047 1082
1047 1083
1048 1049
1048 1082
1048 1083
1048 1084
1049 1050
1049 1083
1049 1084
1049 1085
1050 1051
1050 1084
1050 1085
1051 1052
1051 1085
1051 1086
1052 1053
1052 1086
1053 1054
1053 1086
1054 1055
1054 1087
1055 1056
1055 1087
1055 1088
1056 1057
1056 1087
1056 1088
1057 1058
1057 1088
1057 1089
1058 1059
1058 1089
1058 1090
1059 1060
1059 1089
1059 1090
1060 1061
1060 1090
1060 1091
1061 1062
1061 1091
1061 1092
1062 1063
1062 1091
1062 1092
1062 1093
1063 1092
1063 1093
1064 1065
1064 1094
1065 1066
1065 1094
1065 1095
1066 1067
1066 1094
1066 1095
1066 1096
1067 1068
1067 1095
1067 1096
1067 1097
1068 1096
1068 1097
1068 1098
1069 1070
1069 1099
1069 1100
1069 1101
1070 1100
1070 1101
1070 1102
1071 1102
1071 1103
1072 1104
1073 1074
1073 1104
1073 1105
1073 1106
1074 1075
1074 1105
1074 1106
1075 1076
1075 1106
1075 1107
1076 1077
1076 1107
1077 1078
1077 1107
1077 1108
1078 1079
1078 1108
1078 1109
1079 1080
1079 1108
1079 1109
1080 1109
1080 1110
1081 1082
1081 1113
1082 1083
1082 1113
1082 1114
1083 1084
1083 1113
1083 1114
1083 1115
1084 1085
1084 1114
1084 1115
1084 1116
1085 1115
1085 1116
1085 1117
1086 1117
1086 1118
1086 1119
1087 1088
1087 1120
1087 1121
1087 1122
1088 1121
1088 1122
1088 1123
1089 1090
1089 1123
1089 1124
1089 1125
1090 1124
1090 1125
1090 1126
1091 1092
1091 1126
1091 1127
1091 1128
1092 1093
1092 1127
1092 1128
1092 1129
1093 1128
1093 1129
1094 1095
1094 1130
1094 1131
1094 1132
1095 1096
1095 1131
1095 1132
1095 1133
1096 1097
1096 1132
1096 1133
1096 1134
1097 1098
1097 1133
1097 1134
1097 1135
1098 1099
1098 1134
1098 1135
1098 1136
1099 1100
1099 1135
1099 1136
1099 1137
1100 1101
1100 1136
1100 1137
1100 1138
1101 1102
1101 1137
1101 1138
1102 1103
1102 1138
1102 1139
1103 1139
1103 1140
1104 1105
1104 1141
1104 1142
1105 1106
1105 1141
1105 1142
1105 1143
1106 1142
1106 1143
1106 1144
1107 1144
1107 1145
1107 1146
1108 1109
1108 1146
1108 1147
1109 1147
1109 1148
1110 1111
1110 1148
1110 1149
1110 1150
1111 1112
1111 1149
1111 1150
1111 1151
1112 1150
1112 1151
1112 1152
1113 1114
1113 1153
1113 1154
1114 1115
1114 1154
1114 1155
1115 1116
1115 1155
1115 1156
1116 1117
1116 1155
1116 1156
1117 1118
1117 1156
1117 1157
1118 1119
1118 1157
1118 1158
1119 1120
1119 1157
1119 1158
1120 1121
1120 1158
1120 1159
1121 1122
1121 1159
1122 1123
1122 1159
1122 1160
1123 1124
1123 1160
1123 1161
1124 1125
1124 1160
1124 1161
1124 1162
1125 1126
1125 1161
1125 1162
1125 1163
1126 1127
1126 1162
1126 1163
1126 1164
1127 1128
1127 1163
1127 1164
1127 1165
1128 1129
1128 1164
1128 1165
1128 1166
1129 1165
1129 1166
1129 1167
1130 1131
1130 1167
1130 1168
1130 1169
1131 1132
1131 1168
1131 1169
1131 1170
1132 1133
1132 1169
1132 1170
1132 1171
1133 1134
1133 1170
1133 1171
1133 1172
1134 1135
1134 1171
1134 1172
1134 1173
1135 1136
1135 1172
1135 1173
1135 1174
1136 1137
1136 1173
1136 1174
1136 1175
1137 1138
1137 1174
1137 1175
1137 1176
1138 1175
1138 1176
1138 1177
1139 1140
1139 1177
1139 1178
1139 1179
1140 1178
1140 1179
1140 1180
1141 1142
1141 1180
1141 1181
1141 1182
1142 1143
1142 1181
1142 1182
1142 1183
1143 1144
1143 1182
1143 1183
1143 1184
1144 1145
1144 1183
1144 1184
1144 1185
1145 1146
1145 1184
1145 1185
1145 1186
1146 1147
1146 1185
1146 1186
1147 1186
1147 1187
1148 1149
1148 1187
1148 1188
1148 1189
1149 1150
1149 1188
1149 1189
1149 1190
1150 1151
1150 1189
1150 1190
1150 1191
1151 1152
1151 1190
1151 1191
1151 1192
1152 1191
1152 1192
1153 1154
1153 1193
1153 1194
1154 1193
1154 1194
1154 1195
1155 1156
1155 1195
1155 1196
1156 1196
1157 1158
1157 1197
1158 1197
1158 1198
1159 1198
1159 1199
1159 1200
1160 1161
1160 1200
1160 1201
1160 1202
1161 1162
1161 1201
1161 1202
1162 1163
1162 1202
1162 1203
1163 1164
1163 1203
1163 1204
1164 1165
1164 1203
1164 1204
1164 1205
1165 1166
1165 1204
1165 1205
1165 1206
1166 1167
1166 1205
1166 1206
1166 1207
1167 1168
1167 1206
1167 1207
1167 1208
1168 1169
1168 1207
1168 1208
1168 1209
1169 1170
1169 1208
1169 1209
1169 1210
1170 1171
1170 1209
1170 1210
1170 1211
1171 1172
1171 1210
1171 1211
1171 1212
1172 1173
1172 1211
1172 1212
1172 1213
1173 1174
1173 1212
1173 1213
1173 1214
1174 1175
1174 1213
1174 1214
1174 1215
1175 1176
1175 1214
1175 1215
1175 1216
1176 1177
1176 1215
1176 1216
1176 1217
1177 1178
1177 1216
1177 1217
1177 1218
1178 1179
1178 1217
1178 1218
1178 1219
1179 1180
1179 1218
1179 1219
1179 1220
1180 1181
1180 1219
1180 1220
1180 1221
1181 1182
1181 1220
1181 1221
1181 1222
1182 1183
1182 1221
1182 1222
1182 1223
1183 1184
1183 1222
1183 1223
1183 1224
1184 1185
1184 1223
1184 1224
1185 1186
1185 1224
1185 1225
1186 1225
1187 1188
1188 1189
1188 1226
1189 1190
1189 1226
1189 1227
1190 1191
1190 1226
1190 1227
1190 1228
1191 1192
1191 1227
1191 1228
1191 1229
1192 1228
1192 1229
1193 1194
1193 1230
1193 1231
1194 1195
1194 1230
1194 1231
1195 1196
1195 1231
1195 1232
1196 1232
1196 1233
1197 1234
1197 1235
1197 1236
1198 1199
1198 1236
1198 1237
1199 1200
1199 1237
1200 1201
1200 1238
1201 1202
1201 1238
1201 1239
1202 1238
1202 1239
1202 1240
1203 1204
1203 1240
1203 1241
1203 1242
1204 1205
1204 1241
1204 1242
1204 1243
1205 1206
1205 1242
1205 1243
1206 1207
1206 1243
1207 1208
1208 1209
1209 1210
1209 1244
1210 1211
1210 1244
1210 1245
1211 1212
1211 1244
1211 1245
1211 1246
1212 1213
1212 1245
1212 1246
1212 1247
1213 1214
1213 1246
1213 1247
1214 1215
1214 1247
1214 1248
1215 1216
1215 1248
1215 1249
1216 1217
1216 1248
1216 1249
1216 1250
1217 1218
1217 1249
1217 1250
1217 1251
1218 1219
1218 1250
1218 1251
1218 1252
1219 1220
1219 1251
1219 1252
1219 1253
1220 1221
1220 1252
1220 1253
1221 1222
1221 1253
1221 1254
1222 1223
1222 1254
1222 1255
1223 1224
1223 1254
1223 1255
1223 1256
1224 1255
1224 1256
1225 1257
1225 1258
1226 1227
1226 1260
1226 1261
1227 1228
1227 1261
1227 1262
1228 1229
1228 1261
1228 1262
1228 1263
1229 1262
1229 1263
1230 1231
1231 1264
1232 1233
1232 1264
1232 1265
1233 1234
1233 1265
1233 1266
1234 1235
1234 1266
1234 1267
1235 1236
1235 1266
1235 1267
1235 1268
1236 1237
1236 1267
1236 1268
1236 1269
1237 1268
1237 1269
1237 1270
1238 1239
1238 1271
1238 1272
1238 1273
1239 1240
1239 1272
1239 1273
1240 1241
1240 1273
1241 1242
1241 1274
1242 1243
1242 1274
1242 1275
1243 1274
1243 1275
1243 1276
1244 1245
1244 1279
1244 1280
1244 1281
1245 1246
1245 1280
1245 1281
1246 1247
1246 1281
1246 1282
1247 1282
1248 1249
1248 1283
1248 1284
1249 1250
1249 1283
1249 1284
1250 1251
1250 1284
1251 1252
1251 1285
1252 1253
1252 1285
1252 1286
1253 1285
1253 1286
1253 1287
1254 1255
1254 1287
1254 1288
1254 1289
1255 1256
1255 1288
1255 1289
1256 1289
1256 1290
1257 1258
1257 1290
1257 1291
1258 1259
1258 1291
1258 1292
1259 1260
1259 1291
1259 1292
1259 1293
1260 1292
1260 1293
1261 1262
1261 1294
1261 1295
1262 1263
1262 1294
1262 1295
1262 1296
1263 1295
1263 1296
1264 1265
1264 1297
1264 1298
1265 1297
1265 1298
1265 1299
1266 1267
1266 1299
1266 1300
1266 1301
1267 1268
1267 1300
1267 1301
1267 1302
1268 1269
1268 1301
1268 1302
1268 1303
1269 1270
1269 1302
1269 1303
1270 1271
1270 1303
1271 1272
1271 1304
1272 1273
1272 1304
1272 1305
1273 1304
1273 1305
1273 1306
1274 1275
1274 1307
1274 1308
1274 1309
1275 1276
1275 1308
1275 1309
1275 1310
1276 1277
1276 1309
1276 1310
1276 1311
1277 1278
1277 1310
1277 1311
1278 1279
1278 1311
1278 1312
1279 1280
1279 1312
1280 1281
1280 1312
1280 1313
1281 1313
1282 1314
1282 1315
1283 1284
1283 1315
1283 1316
1283 1317
1284 1316
1284 1317
1284 1318
1285 1286
1285 1319
1285 1320
1286 1287
1286 1320
1286 1321
1287 1288
1287 1321
1287 1322
1288 1289
1288 1321
1288 1322
1288 1323
1289 1322
1289 1323
1290 1324
1290 1325
1291 1292
1291 1325
1291 1326
1292 1293
1292 1326
1293 1326
1293 1327
1294 1295
1294 1327
1294 1328
1294 1329
1295 1296
1295 1328
1295 1329
1296 1329
1297 1298
1297 1330
1297 1331
1297 1332
1298 1299
1298 1331
1298 1332
1298 1333
1299 1300
1299 1332
1299 1333
1299 1334
1300 1301
1300 1333
1300 1334
1300 1335
1301 1302
1301 1334
1301 1335
1301 1336
1302 1303
1302 1335
1302 1336
1302 1337
1303 1336
1303 1337
1303 1338
1304 1305
1304 1339
1304 1340
1305 1306
1305 1340
1306 1307
1306 1340
1306 1341
1307 1308
1307 1341
1308 1309
1308 1341
1308 1342
1309 1310
1309 1342
1309 1343
1310 1311
1310 1342
1310 1343
1310 1344
1311 1343
1311 1344
1311 1345
1312 1345
1312 1346
1313 1347
1313 1348
1314 1315
1314 1348
1314 1349
1314 1350
1315 1316
1315 1349
1315 1350
1315 1351
1316 1317
1316 1350
1316 1351
1316 1352
1317 1318
1317 1351
1317 1352
1317 1353
1318 1319
1318 1352
1318 1353
1318 1354
1319 1320
1319 1353
1319 1354
1319 1355
1320 1354
1320 1355
1320 1356
1321 1322
1321 1356
1321 1357
1321 1358
1322 1323
1322 1357
1322 1358
1322 1359
1323 1358
1323 1359
1323 1360
1324 1325
1324 1360
1324 1361
1325 1361
1325 1362
1326 1362
1326 1363
1327 1328
1327 1364
1327 1365
1328 1329
1328 1364
1328 1365
1328 1366
1329 1365
1329 1366
1329 1367
1330 1331
1330 1368
1330 1369
1330 1370
1331 1332
1331 1369
1331 1370
1331 1371
1332 1333
1332 1370
1332 1371
1333 1334
1333 1371
1333 1372
1334 1335
1334 1372
1335 1336
1335 1372
1336 1337
1336 1373
1337 1338
1337 1373
1337 1374
1338 1339
1338 1373
1338 1374
1338 1375
1339 1374
1339 1375
1339 1376
1340 1376
1340 1377
1340 1378
1341 1378
1341 1379
1342 1343
1342 1379
1342 1380
1342 1381
1343 1344
1343 1380
1343 1381
1343 1382
1344 1345
1344 1381
1344 1382
1344 1383
1345 1346
1345 1382
1345 1383
1346 1383
1346 1384
1347 1348
1347 1384
1347 1385
1347 1386
1348 1349
1348 1385
1348 1386
1348 1387
1349 1350
1349 1386
1349 1387
1349 1388
1350 1351
1350 1387
1350 1388
1351 1352
1351 1388
1351 1389
1352 1353
1352 1389
1352 1390
1353 1354
1353 1389
1353 1390
1353 1391
1354 1355
1354 1390
1354 1391
1355 1356
1355 1391
1355 1392
1356 1357
1356 1392
1356 1393
1357 1358
1357 1392
1357 1393
1357 1394
1358 1359
1358 1393
1358 1394
1358 1395
1359 1360
1359 1394
1359 1395
1359 1396
1360 1395
1360 1396
1361 1362
1361 1397
1362 1363
1362 1397
1362 1398
1363 1398
1363 1399
1364 1365
1364 1399
1364 1400
1364 1401
1365 1366
1365 1400
1365 1401
1366 1367
1366 1401
1366 1402
1367 1402
1368 1369
1368 1403
1368 1404
1369 1370
1369 1403
1369 1404
1369 1405
1370 1371
1370 1404
1370 1405
1370 1406
1371 1405
1371 1406
1371 1407
1372 1407
1372 1408
1372 1409
1373 1374
1373 1410
1373 1411
1374 1375
1374 1411
1374 1412
1375 1376
1375 1412
1375 1413
1376 1377
1376 1412
1376 1413
1376 1414
1377 1378
1377 1413
1377 1414
1377 1415
1378 1414
1378 1415
1379 1380
1379 1416
1379 1417
1380 1381
1380 1416
1380 1417
1380 1418
1381 1382
1381 1417
1381 1418
1381 1419
1382 1383
1382 1418
1382 1419
1382 1420
1383 1419
1383 1420
1383 1421
1384 1385
1384 1421
1384 1422
1384 1423
1385 1386
1385 1422
1385 1423
1385 1424
1386 1387
1386 1423
1386 1424
1386 1425
1387 1388
1387 1424
1387 1425
1387 1426
1388 1425
1388 1426
1388 1427
1389 1390
1389 1427
1389 1428
1390 1391
1390 1428
1390 1429
1391 1428
1391 1429
1392 1393
1393 1394
1393 1430
1394 1395
1394 1430
1395 1396
1395 1430
1397 1431
1397 1432
1398 1399
1398 1432
1398 1433
1398 1434
1399 1400
1399 1433
1399 1434
1399 1435
1400 1401
1400 1434
1400 1435
1400 1436
1401 1435
1401 1436
1401 1437
1402 1437
1402 1438
1403 1404
1403 1439
1403 1440
1404 1405
1404 1439
1404 1440
1405 1406
1405 1440
1405 1441
1406 1407
1406 1441
1406 1442
1407 1408
1407 1441
1407 1442
1407 1443
1408 1409
1408 1442
1408 1443
1409 1410
1409 1443
1409 1444
1410 1411
1410 1444
1410 1445
1411 1444
1411 1445
1411 1446
1412 1413
1412 1446
1412 1447
1412 1448
1413 1414
1413 1447
1413 1448
1413 1449
1414 1415
1414 1448
1414 1449
1414 1450
1415 1449
1415 1450
1415 1451
1416 1417
1416 1451
1416 1452
1416 1453
1417 1418
1417 1452
1417 1453
1417 1454
1418 1419
1418 1453
1418 1454
1418 1455
1419 1420
1419 1454
1419 1455
1420 1421
1420 1455
1420 1456
1421 1422
1421 1456
1421 1457
1422 1423
1422 1456
1422 1457
1423 1424
1423 1457
1423 1458
1424 1425
1424 1458
1424 1459
1425 1426
1425 1458
1425 1459
1425 1460
1426 1427
1426 1459
1426 1460
1426 1461
1427 1460
1427 1461
1427 1462
1428 1429
1428 1462
1428 1463
1428 1464
1429 1463
1429 1464
1429 1465
1430 1467
1431 1432
1431 1468
1431 1469
1432 1433
1432 1468
1432 1469
1432 1470
1433 1434
1433 1469
1433 1470
1433 1471
1434 1435
1434 1470
1434 1471
1434 1472
1435 1436
1435 1471
1435 1472
1436 1437
1436 1472
1437 1438
1437 1473
1438 1473
1439 1440
1439 1474
1439 1475
1440 1474
1440 1475
1440 1476
1441 1442
1441 1476
1441 1477
1442 1443
1442 1477
1442 1478
1443 1478
1443 1479
1444 1445
1444 1479
1444 1480
1444 1481
1445 1446
1445 1480
1445 1481
1445 1482
1446 1447
1446 1481
1446 1482
1446 1483
1447 1448
1447 1482
1447 1483
1448 1449
1448 1483
1448 1484
1449 1450
1449 1484
1449 1485
1450 1451
1450 1484
1450 1485
1450 1486
1451 1452
1451 1485
1451 1486
1451 1487
1452 1453
1452 1486
1452 1487
1453 1454
1453 1487
1454 1455
1454 1488
1455 1488
1455 1489
1456 1457
1456 1489
1456 1490
1457 1490
1457 1491
1458 1459
1458 1491
1458 1492
1458 1493
1459 1460
1459 1492
1459 1493
1459 1494
1460 1461
1460 1493
1460 1494
1460 1495
1461 1462
1461 1494
1461 1495
1461 1496
1462 1463
1462 1495
1462 1496
1462 1497
1463 1464
1463 1496
1463 1497
1463 1498
1464 1465
1464 1497
1464 1498
1465 1466
1465 1498
1465 1499
1466 1467
1466 1499
1466 1500
1467 1499
1467 1500
1467 1501
1468 1469
1468 1504
1468 1505
1468 1506
1469 1470
1469 1505
1469 1506
1469 1507
1470 1471
1470 1506
1470 1507
1471 1472
1471 1507
1471 1508
1472 1508
1472 1509
1473 1510
1473 1511
1474 1475
1474 1512
1475 1476
1475 1512
1475 1513
1476 1477
1476 1513
1477 1513
1477 1514
1478 1479
1478 1514
1478 1515
1478 1516
1479 1480
1479 1515
1479 1516
1479 1517
1480 1481
1480 1516
1480 1517
1480 1518
1481 1482
1481 1517
1481 1518
1482 1483
1482 1518
1482 1519
1483 1519
1483 1520
1484 1485
1484 1520
1484 1521
1484 1522
1485 1486
1485 1521
1485 1522
1485 1523
1486 1487
1486 1522
1486 1523
1486 1524
1487 1523
1487 1524
1487 1525
1488 1489
1488 1526
1488 1527
1489 1526
1489 1527
1490 1491
1490 1528
1491 1492
1491 1528
1491 1529
1492 1493
1492 1528
1492 1529
1492 1530
1493 1494
1493 1529
1493 1530
1493 1531
1494 1495
1494 1530
1494 1531
1494 1532
1495 1496
1495 1531
1495 1532
1495 1533
1496 1497
1496 1532
1496 1533
1496 1534
1497 1498
1497 1533
1497 1534
1497 1535
1498 1534
1498 1535
1498 1536
1499 1500
1499 1536
1499 1537
1499 1538
1500 1501
1500 1537
1500 1538
1500 1539
1501 1502
1501 1538
1501 1539
1501 1540
1502 1503
1502 1539
1502 1540
1503 1504
1503 1540
1503 1541
1504 1505
1504 1541
1504 1542
1505 1506
1505 1541
1505 1542
1506 1507
1506 1542
1506 1543
1507 1543
1507 1544
1508 1509
1508 1544
1508 1545
1508 1546
1509 1510
1509 1545
1509 1546
1509 1547
1510 1511
1510 1546
1510 1547
1510 1548
1511 1547
1511 1548
1512 1549
1513 1549
1513 1550
1513 1551
1514 1515
1514 1551
1514 1552
1514 1553
1515 1516
1515 1552
1515 1553
1515 1554
1516 1517
1516 1553
1516 1554
1516 1555
1517 1518
1517 1554
1517 1555
1517 1556
1518 1555
1518 1556
1519 1520
1519 1557
1519 1558
1520 1521
1520 1557
1520 1558
1520 1559
1521 1522
1521 1558
1521 1559
1521 1560
1522 1523
1522 1559
1522 1560
1522 1561
1523 1524
1523 1560
1523 1561
1523 1562
1524 1525
1524 1561
1524 1562
1524 1563
1525 1562
1525 1563
1525 1564
1526 1527
1526 1564
1526 1565
1526 1566
1527 1565
1527 1566
1528 1529
1528 1567
1529 1530
1530 1531
1530 1568
1531 1532
1531 1568
1531 1569
1532 1533
1532 1568
1532 1569
1533 1534
1533 1569
1533 1570
1534 1535
1534 1570
1534 1571
1535 1536
1535 1570
1535 1571
1535 1572
1536 1537
1536 1571
1536 1572
1537 1538
1537 1572
1537 1573
1538 1539
1538 1573
1539 1540
1539 1573
1540 1574
1541 1542
1541 1574
1541 1575
1541 1576
1542 1575
1542 1576
1542 1577
1543 1544
1543 1577
1543 1578
1543 1579
1544 1545
1544 1578
1544 1579
1545 1546
1545 1579
1545 1580
1546 1547
1546 1580
1546 1581
1547 1548
1547 1580
1547 1581
1547 1582
1548 1581
1548 1582
1549 1550
1549 1583
1549 1584
1549 1585
1550 1551
1550 1584
1550 1585
1550 1586
1551 1552
1551 1585
1551 1586
1551 1587
1552 1553
1552 1586
1552 1587
1552 1588
1553 1554
1553 1587
1553 1588
1553 1589
1554 1555
1554 1588
1554 1589
1554 1590
1555 1556
1555 1589
1555 1590
1555 1591
1556 1590
1556 1591
1556 1592
1557 1558
1557 1592
1557 1593
1557 1594
1558 1559
1558 1593
1558 1594
1559 1560
1559 1594
1559 1595
1560 1561
1560 1595
1560 1596
1561 1562
1561 1595
1561 1596
1561 1597
1562 1563
1562 1596
1562 1597
1562 1598
1563 1564
1563 1597
1563 1598
1563 1599
1564 1565
1564 1598
1564 1599
1565 1566
1565 1599
1565 1600
1566 1600
1566 1601
1567 1601
1567 1602
1567 1603
1568 1569
1568 1605
1568 1606
1569 1606
1569 1607
1570 1571
1570 1607
1570 1608
1570 1609
1571 1572
1571 1608
1571 1609
1571 1610
1572 1609
1572 1610
1573 1611
1574 1575
1574 1612
1575 1576
1575 1613
1576 1577
1576 1613
1576 1614
1577 1578
1577 1613
1577 1614
1578 1579
1578 1614
1578 1615
1579 1615
1579 1616
1580 1581
1580 1616
1580 1617
1580 1618
1581 1582
1581 1617
1581 1618
1581 1619
1582 1618
1582 1619
1583 1584
1584 1585
1585 1586
1586 1587
1587 1588
1588 1589
1589 1590
1590 1591
1591 1592
1592 1593
1593 1594
1595 1596
1596 1597
1597 1598
1598 1599
1600 1601
1601 1602
1602 1603
1603 1604
1604 1605
1606 1607
1607 1608
1608 1609
1609 1610
1613 1614
1615 1616
1616 1617
1617 1618
1618 1619
